0.0007488 1.193055e-03
0.001246 1.068762e-03
0.001744 9.557080e-04
0.002241 8.564462e-04
0.002739 7.704077e-04
0.003236 6.980034e-04
0.003734 6.390268e-04
0.004231 5.939450e-04
0.004729 5.621041e-04
0.005226 5.051708e-04
0.005724 2.228462e-04
0.006221 1.032533e-04
0.006719 6.581907e-05
0.007216 5.057599e-05
0.007714 4.198807e-05
0.008211 3.585466e-05
0.008709 3.094570e-05
0.009206 2.670690e-05
0.009704 2.290930e-05
0.0102 1.937500e-05
0.0107 1.616580e-05
0.0112 1.353490e-05
0.01169 1.151240e-05
0.01219 9.669770e-06
0.01269 8.011920e-06
0.01319 6.561490e-06
0.01368 5.316120e-06
0.01418 4.398090e-06
0.01468 3.755950e-06
0.01518 3.209720e-06
0.01567 2.537010e-06
0.01617 1.942600e-06
0.01667 1.571120e-06
0.01717 1.331820e-06
0.01766 1.102910e-06
0.01816 8.794950e-07
0.01866 6.792170e-07
0.01916 5.095990e-07
0.01965 4.094820e-07
0.02015 3.527340e-07
0.02065 2.930440e-07
0.02115 2.194110e-07
0.02164 1.526560e-07
0.02214 1.097540e-07
0.02264 9.053680e-08
0.02314 8.462060e-08
0.02363 6.487250e-08
0.02413 3.032780e-08
0.02463 1.639600e-08
0.02513 9.805450e-09
0.02562 8.213130e-09
0.02612 2.838930e-09
0.02662 3.493530e-10
0.02712 1.923580e-39
0.02761 1.575940e-39
0.02811 1.285350e-39
0.02861 1.041620e-39
0.02911 8.387420e-40
0.0296 6.720320e-40
0.0301 5.390670e-40
0.0306 4.293950e-40
0.0311 3.395270e-40
0.03159 2.678590e-40
0.03209 2.142490e-40
0.03259 1.753310e-40
0.03309 1.443130e-40
0.03358 1.163130e-40
0.03408 9.149700e-41
0.03458 7.192210e-41
0.03508 5.591950e-41
0.03557 4.188680e-41
0.03607 2.901650e-41
0.03657 1.988700e-41
0.03707 1.510250e-41
0.03756 1.308920e-41
0.03806 1.145970e-41
0.03856 9.152160e-42
0.03906 7.080060e-42
0.03955 5.210620e-42
0.04005 3.529780e-42
0.04055 2.129480e-42
0.04105 1.777970e-42
0.04154 1.789310e-42
0.04204 1.426500e-42
0.04254 1.217580e-42
0.04304 1.055290e-42
0.04353 7.418970e-43
0.04403 0.000000e+00
0.04453 0.000000e+00
0.04503 0.000000e+00
0.04552 0.000000e+00
0.04602 0.000000e+00
0.04652 0.000000e+00
0.04702 0.000000e+00
0.04751 0.000000e+00
0.04801 0.000000e+00
0.04851 0.000000e+00
0.04901 0.000000e+00
0.0495 0.000000e+00
0.05 0.000000e+00
0.0505 0.000000e+00
0.051 0.000000e+00
0.05149 0.000000e+00
0.05199 0.000000e+00
0.05249 0.000000e+00
0.05299 0.000000e+00
0.05348 0.000000e+00
0.05398 0.000000e+00
0.05448 0.000000e+00
0.05498 0.000000e+00
0.05547 0.000000e+00
0.05597 0.000000e+00
0.05647 0.000000e+00
0.05697 0.000000e+00
0.05746 0.000000e+00
0.05796 0.000000e+00
0.05846 0.000000e+00
0.05896 0.000000e+00
0.05945 0.000000e+00
0.05995 0.000000e+00
0.06045 0.000000e+00
0.06095 0.000000e+00
0.06144 0.000000e+00
0.06194 0.000000e+00
0.06244 0.000000e+00
0.06294 0.000000e+00
0.06343 0.000000e+00
0.06393 0.000000e+00
0.06443 0.000000e+00
0.06493 0.000000e+00
0.06542 0.000000e+00
0.06592 0.000000e+00
0.06642 0.000000e+00
0.06692 0.000000e+00
0.06741 0.000000e+00
0.06791 0.000000e+00
0.06841 0.000000e+00
0.06891 0.000000e+00
0.0694 0.000000e+00
0.0699 0.000000e+00
0.0704 0.000000e+00
0.0709 0.000000e+00
0.07139 0.000000e+00
0.07189 0.000000e+00
0.07239 0.000000e+00
0.07289 0.000000e+00
0.07338 0.000000e+00
0.07388 0.000000e+00
0.07438 0.000000e+00
0.07488 0.000000e+00
0.07537 0.000000e+00
0.07587 0.000000e+00
0.07637 0.000000e+00
0.07687 0.000000e+00
0.07736 0.000000e+00
0.07786 0.000000e+00
0.07836 0.000000e+00
0.07886 0.000000e+00
0.07935 0.000000e+00
0.07985 0.000000e+00
0.08035 0.000000e+00
0.08085 0.000000e+00
0.08134 0.000000e+00
0.08184 0.000000e+00
0.08234 0.000000e+00
0.08284 0.000000e+00
0.08333 0.000000e+00
0.08383 0.000000e+00
0.08433 0.000000e+00
0.08483 0.000000e+00
0.08532 0.000000e+00
0.08582 0.000000e+00
0.08632 0.000000e+00
0.08682 0.000000e+00
0.08731 0.000000e+00
0.08781 0.000000e+00
0.08831 0.000000e+00
0.08881 0.000000e+00
0.0893 0.000000e+00
0.0898 0.000000e+00
0.0903 0.000000e+00
0.0908 0.000000e+00
0.09129 0.000000e+00
0.09179 0.000000e+00
0.09229 0.000000e+00
0.09279 0.000000e+00
0.09328 0.000000e+00
0.09378 0.000000e+00
0.09428 0.000000e+00
0.09478 0.000000e+00
0.09527 0.000000e+00
0.09577 0.000000e+00
0.09627 0.000000e+00
0.09677 0.000000e+00
0.09726 0.000000e+00
0.09776 0.000000e+00
0.09826 0.000000e+00
0.09876 0.000000e+00
0.09925 0.000000e+00
0.09975 0.000000e+00
