0.0007488 6.165813e-03
0.001246 5.825269e-03
0.001744 5.506482e-03
0.002241 5.220527e-03
0.002739 4.963250e-03
0.003236 4.746463e-03
0.003734 4.573629e-03
0.004231 4.451481e-03
0.004729 4.371548e-03
0.005226 4.085790e-03
0.005724 2.323867e-03
0.006221 1.361076e-03
0.006719 9.332968e-04
0.007216 7.123043e-04
0.007714 5.811190e-04
0.008211 4.916386e-04
0.008709 4.238061e-04
0.009206 3.671136e-04
0.009704 3.167077e-04
0.0102 2.696896e-04
0.0107 2.267795e-04
0.0112 1.913322e-04
0.01169 1.634341e-04
0.01219 1.380250e-04
0.01269 1.151070e-04
0.01319 9.529630e-05
0.01368 7.849600e-05
0.01418 6.579660e-05
0.01468 5.663820e-05
0.01518 4.845510e-05
0.01567 3.872170e-05
0.01617 3.018320e-05
0.01667 2.478320e-05
0.01717 2.116980e-05
0.01766 1.772280e-05
0.01816 1.433200e-05
0.01866 1.121680e-05
0.01916 8.602760e-06
0.01965 7.056360e-06
0.02015 6.188910e-06
0.02065 5.205930e-06
0.02115 3.974530e-06
0.02164 2.825470e-06
0.02214 2.044260e-06
0.02264 1.701540e-06
0.02314 1.561070e-06
0.02363 1.214820e-06
0.02413 6.646320e-07
0.02463 3.684640e-07
0.02513 2.293640e-07
0.02562 1.866440e-07
0.02612 8.792850e-08
0.02662 2.449300e-08
0.02712 1.141350e-08
0.02761 1.056710e-08
0.02811 1.025600e-08
0.02861 1.007760e-08
0.02911 9.422850e-09
0.0296 8.964580e-09
0.0301 8.500780e-09
0.0306 7.936230e-09
0.0311 7.755980e-09
0.03159 7.279040e-09
0.03209 5.755960e-09
0.03259 3.140880e-09
0.03309 2.069510e-09
0.03358 1.513770e-09
0.03408 9.361910e-10
0.03458 2.861630e-10
0.03508 1.761570e-10
0.03557 4.859220e-11
0.03607 1.468400e-16
0.03657 1.498180e-21
0.03707 9.873940e-22
0.03756 1.172590e-21
0.03806 1.152120e-21
0.03856 1.010340e-21
0.03906 7.797810e-22
0.03955 3.867400e-22
0.04005 2.377690e-22
0.04055 8.879840e-23
0.04105 6.891890e-23
0.04154 7.470880e-23
0.04204 6.974560e-23
0.04254 7.799210e-23
0.04304 6.678630e-23
0.04353 4.920500e-23
0.04403 0.000000e+00
0.04453 0.000000e+00
0.04503 0.000000e+00
0.04552 0.000000e+00
0.04602 0.000000e+00
0.04652 0.000000e+00
0.04702 0.000000e+00
0.04751 0.000000e+00
0.04801 0.000000e+00
0.04851 0.000000e+00
0.04901 0.000000e+00
0.0495 0.000000e+00
0.05 0.000000e+00
0.0505 0.000000e+00
0.051 0.000000e+00
0.05149 0.000000e+00
0.05199 0.000000e+00
0.05249 0.000000e+00
0.05299 0.000000e+00
0.05348 0.000000e+00
0.05398 0.000000e+00
0.05448 0.000000e+00
0.05498 0.000000e+00
0.05547 0.000000e+00
0.05597 0.000000e+00
0.05647 0.000000e+00
0.05697 0.000000e+00
0.05746 0.000000e+00
0.05796 0.000000e+00
0.05846 0.000000e+00
0.05896 0.000000e+00
0.05945 0.000000e+00
0.05995 0.000000e+00
0.06045 0.000000e+00
0.06095 0.000000e+00
0.06144 0.000000e+00
0.06194 0.000000e+00
0.06244 0.000000e+00
0.06294 0.000000e+00
0.06343 0.000000e+00
0.06393 0.000000e+00
0.06443 0.000000e+00
0.06493 0.000000e+00
0.06542 0.000000e+00
0.06592 0.000000e+00
0.06642 0.000000e+00
0.06692 0.000000e+00
0.06741 0.000000e+00
0.06791 0.000000e+00
0.06841 0.000000e+00
0.06891 0.000000e+00
0.0694 0.000000e+00
0.0699 0.000000e+00
0.0704 0.000000e+00
0.0709 0.000000e+00
0.07139 0.000000e+00
0.07189 0.000000e+00
0.07239 0.000000e+00
0.07289 0.000000e+00
0.07338 0.000000e+00
0.07388 0.000000e+00
0.07438 0.000000e+00
0.07488 0.000000e+00
0.07537 0.000000e+00
0.07587 0.000000e+00
0.07637 0.000000e+00
0.07687 0.000000e+00
0.07736 0.000000e+00
0.07786 0.000000e+00
0.07836 0.000000e+00
0.07886 0.000000e+00
0.07935 0.000000e+00
0.07985 0.000000e+00
0.08035 0.000000e+00
0.08085 0.000000e+00
0.08134 0.000000e+00
0.08184 0.000000e+00
0.08234 0.000000e+00
0.08284 0.000000e+00
0.08333 0.000000e+00
0.08383 0.000000e+00
0.08433 0.000000e+00
0.08483 0.000000e+00
0.08532 0.000000e+00
0.08582 0.000000e+00
0.08632 0.000000e+00
0.08682 0.000000e+00
0.08731 0.000000e+00
0.08781 0.000000e+00
0.08831 0.000000e+00
0.08881 0.000000e+00
0.0893 0.000000e+00
0.0898 0.000000e+00
0.0903 0.000000e+00
0.0908 0.000000e+00
0.09129 0.000000e+00
0.09179 0.000000e+00
0.09229 0.000000e+00
0.09279 0.000000e+00
0.09328 0.000000e+00
0.09378 0.000000e+00
0.09428 0.000000e+00
0.09478 0.000000e+00
0.09527 0.000000e+00
0.09577 0.000000e+00
0.09627 0.000000e+00
0.09677 0.000000e+00
0.09726 0.000000e+00
0.09776 0.000000e+00
0.09826 0.000000e+00
0.09876 0.000000e+00
0.09925 0.000000e+00
0.09975 0.000000e+00
