0.0007488 4.332646e-03
0.001246 4.091379e-03
0.001744 3.865599e-03
0.002241 3.663460e-03
0.002739 3.481774e-03
0.003236 3.329018e-03
0.003734 3.207298e-03
0.004231 3.121186e-03
0.004729 3.064797e-03
0.005226 2.857481e-03
0.005724 1.575276e-03
0.006221 9.049186e-04
0.006719 6.216070e-04
0.007216 4.784264e-04
0.007714 3.928819e-04
0.008211 3.333862e-04
0.008709 2.876529e-04
0.009206 2.490581e-04
0.009704 2.146112e-04
0.0102 1.824633e-04
0.0107 1.531381e-04
0.0112 1.289600e-04
0.01169 1.100420e-04
0.01219 9.282550e-05
0.01269 7.730590e-05
0.01319 6.385230e-05
0.01368 5.241410e-05
0.01418 4.382170e-05
0.01468 3.767930e-05
0.01518 3.224300e-05
0.01567 2.571470e-05
0.01617 1.997440e-05
0.01667 1.635840e-05
0.01717 1.395980e-05
0.01766 1.166640e-05
0.01816 9.410530e-06
0.01866 7.346370e-06
0.01916 5.611510e-06
0.01965 4.586160e-06
0.02015 4.010470e-06
0.02065 3.365620e-06
0.02115 2.559950e-06
0.02164 1.811990e-06
0.02214 1.308090e-06
0.02264 1.086570e-06
0.02314 9.994480e-07
0.02363 7.749020e-07
0.02413 4.119230e-07
0.02463 2.258980e-07
0.02513 1.384800e-07
0.02562 1.127730e-07
0.02612 4.931710e-08
0.02662 1.085060e-08
0.02712 3.557730e-09
0.02761 3.320790e-09
0.02811 3.208340e-09
0.02861 3.183570e-09
0.02911 2.951570e-09
0.0296 2.819570e-09
0.0301 2.671290e-09
0.0306 2.481630e-09
0.0311 2.450830e-09
0.03159 2.299870e-09
0.03209 1.828580e-09
0.03259 8.898260e-10
0.03309 5.839000e-10
0.03358 4.310220e-10
0.03408 2.654730e-10
0.03458 5.817600e-11
0.03508 3.789030e-11
0.03557 2.341700e-13
0.03607 1.040160e-17
0.03657 3.780060e-23
0.03707 2.432840e-23
0.03756 2.985870e-23
0.03806 2.952470e-23
0.03856 2.599140e-23
0.03906 2.008790e-23
0.03955 9.566510e-24
0.04005 5.857250e-24
0.04055 2.089880e-24
0.04105 1.613160e-24
0.04154 1.755690e-24
0.04204 1.633040e-24
0.04254 1.844470e-24
0.04304 1.574470e-24
0.04353 1.165400e-24
0.04403 0.000000e+00
0.04453 0.000000e+00
0.04503 0.000000e+00
0.04552 0.000000e+00
0.04602 0.000000e+00
0.04652 0.000000e+00
0.04702 0.000000e+00
0.04751 0.000000e+00
0.04801 0.000000e+00
0.04851 0.000000e+00
0.04901 0.000000e+00
0.0495 0.000000e+00
0.05 0.000000e+00
0.0505 0.000000e+00
0.051 0.000000e+00
0.05149 0.000000e+00
0.05199 0.000000e+00
0.05249 0.000000e+00
0.05299 0.000000e+00
0.05348 0.000000e+00
0.05398 0.000000e+00
0.05448 0.000000e+00
0.05498 0.000000e+00
0.05547 0.000000e+00
0.05597 0.000000e+00
0.05647 0.000000e+00
0.05697 0.000000e+00
0.05746 0.000000e+00
0.05796 0.000000e+00
0.05846 0.000000e+00
0.05896 0.000000e+00
0.05945 0.000000e+00
0.05995 0.000000e+00
0.06045 0.000000e+00
0.06095 0.000000e+00
0.06144 0.000000e+00
0.06194 0.000000e+00
0.06244 0.000000e+00
0.06294 0.000000e+00
0.06343 0.000000e+00
0.06393 0.000000e+00
0.06443 0.000000e+00
0.06493 0.000000e+00
0.06542 0.000000e+00
0.06592 0.000000e+00
0.06642 0.000000e+00
0.06692 0.000000e+00
0.06741 0.000000e+00
0.06791 0.000000e+00
0.06841 0.000000e+00
0.06891 0.000000e+00
0.0694 0.000000e+00
0.0699 0.000000e+00
0.0704 0.000000e+00
0.0709 0.000000e+00
0.07139 0.000000e+00
0.07189 0.000000e+00
0.07239 0.000000e+00
0.07289 0.000000e+00
0.07338 0.000000e+00
0.07388 0.000000e+00
0.07438 0.000000e+00
0.07488 0.000000e+00
0.07537 0.000000e+00
0.07587 0.000000e+00
0.07637 0.000000e+00
0.07687 0.000000e+00
0.07736 0.000000e+00
0.07786 0.000000e+00
0.07836 0.000000e+00
0.07886 0.000000e+00
0.07935 0.000000e+00
0.07985 0.000000e+00
0.08035 0.000000e+00
0.08085 0.000000e+00
0.08134 0.000000e+00
0.08184 0.000000e+00
0.08234 0.000000e+00
0.08284 0.000000e+00
0.08333 0.000000e+00
0.08383 0.000000e+00
0.08433 0.000000e+00
0.08483 0.000000e+00
0.08532 0.000000e+00
0.08582 0.000000e+00
0.08632 0.000000e+00
0.08682 0.000000e+00
0.08731 0.000000e+00
0.08781 0.000000e+00
0.08831 0.000000e+00
0.08881 0.000000e+00
0.0893 0.000000e+00
0.0898 0.000000e+00
0.0903 0.000000e+00
0.0908 0.000000e+00
0.09129 0.000000e+00
0.09179 0.000000e+00
0.09229 0.000000e+00
0.09279 0.000000e+00
0.09328 0.000000e+00
0.09378 0.000000e+00
0.09428 0.000000e+00
0.09478 0.000000e+00
0.09527 0.000000e+00
0.09577 0.000000e+00
0.09627 0.000000e+00
0.09677 0.000000e+00
0.09726 0.000000e+00
0.09776 0.000000e+00
0.09826 0.000000e+00
0.09876 0.000000e+00
0.09925 0.000000e+00
0.09975 0.000000e+00
