0.0007488 4.858488e-01
0.001246 4.750026e-01
0.001744 4.645453e-01
0.002241 4.545746e-01
0.002739 4.448661e-01
0.003236 4.365010e-01
0.003734 4.305082e-01
0.004231 4.278142e-01
0.004729 4.272810e-01
0.005226 4.146191e-01
0.005724 3.196999e-01
0.006221 2.403856e-01
0.006719 1.844337e-01
0.007216 1.449693e-01
0.007714 1.174023e-01
0.008211 9.796911e-02
0.008709 8.374064e-02
0.009206 7.266565e-02
0.009704 6.342079e-02
0.0102 5.509612e-02
0.0107 4.753941e-02
0.0112 4.112082e-02
0.01169 3.567487e-02
0.01219 3.060176e-02
0.01269 2.601748e-02
0.01319 2.217047e-02
0.01368 1.893896e-02
0.01418 1.623730e-02
0.01468 1.398148e-02
0.01518 1.186605e-02
0.01567 9.701402e-03
0.01617 7.851672e-03
0.01667 6.523457e-03
0.01717 5.506010e-03
0.01766 4.607160e-03
0.01816 3.780898e-03
0.01866 3.017888e-03
0.01916 2.371496e-03
0.01965 1.947279e-03
0.02015 1.685670e-03
0.02065 1.419775e-03
0.02115 1.114743e-03
0.02164 8.315074e-04
0.02214 6.331997e-04
0.02264 5.434494e-04
0.02314 4.956142e-04
0.02363 4.090511e-04
0.02413 2.890130e-04
0.02463 2.021070e-04
0.02513 1.599580e-04
0.02562 1.400640e-04
0.02612 1.092730e-04
0.02662 8.130040e-05
0.02712 6.828910e-05
0.02761 6.260550e-05
0.02811 6.050700e-05
0.02861 5.876750e-05
0.02911 5.544450e-05
0.0296 5.253750e-05
0.0301 4.970860e-05
0.0306 4.658200e-05
0.0311 4.483420e-05
0.03159 4.167980e-05
0.03209 3.298720e-05
0.03259 2.117760e-05
0.03309 1.426650e-05
0.03358 1.031920e-05
0.03408 6.598090e-06
0.03458 2.799930e-06
0.03508 1.701980e-06
0.03557 5.731470e-07
0.03607 7.834370e-09
0.03657 6.607950e-11
0.03707 4.840450e-11
0.03756 4.886190e-11
0.03806 4.605740e-11
0.03856 3.934650e-11
0.03906 3.017290e-11
0.03955 1.839380e-11
0.04005 1.163820e-11
0.04055 5.574620e-12
0.04105 4.494860e-12
0.04154 4.753660e-12
0.04204 4.481790e-12
0.04254 4.635220e-12
0.04304 4.031560e-12
0.04353 2.890490e-12
0.04403 0.000000e+00
0.04453 0.000000e+00
0.04503 0.000000e+00
0.04552 0.000000e+00
0.04602 0.000000e+00
0.04652 0.000000e+00
0.04702 0.000000e+00
0.04751 0.000000e+00
0.04801 0.000000e+00
0.04851 0.000000e+00
0.04901 0.000000e+00
0.0495 0.000000e+00
0.05 0.000000e+00
0.0505 0.000000e+00
0.051 0.000000e+00
0.05149 0.000000e+00
0.05199 0.000000e+00
0.05249 0.000000e+00
0.05299 0.000000e+00
0.05348 0.000000e+00
0.05398 0.000000e+00
0.05448 0.000000e+00
0.05498 0.000000e+00
0.05547 0.000000e+00
0.05597 0.000000e+00
0.05647 0.000000e+00
0.05697 0.000000e+00
0.05746 0.000000e+00
0.05796 0.000000e+00
0.05846 0.000000e+00
0.05896 0.000000e+00
0.05945 0.000000e+00
0.05995 0.000000e+00
0.06045 0.000000e+00
0.06095 0.000000e+00
0.06144 0.000000e+00
0.06194 0.000000e+00
0.06244 0.000000e+00
0.06294 0.000000e+00
0.06343 0.000000e+00
0.06393 0.000000e+00
0.06443 0.000000e+00
0.06493 0.000000e+00
0.06542 0.000000e+00
0.06592 0.000000e+00
0.06642 0.000000e+00
0.06692 0.000000e+00
0.06741 0.000000e+00
0.06791 0.000000e+00
0.06841 0.000000e+00
0.06891 0.000000e+00
0.0694 0.000000e+00
0.0699 0.000000e+00
0.0704 0.000000e+00
0.0709 0.000000e+00
0.07139 0.000000e+00
0.07189 0.000000e+00
0.07239 0.000000e+00
0.07289 0.000000e+00
0.07338 0.000000e+00
0.07388 0.000000e+00
0.07438 0.000000e+00
0.07488 0.000000e+00
0.07537 0.000000e+00
0.07587 0.000000e+00
0.07637 0.000000e+00
0.07687 0.000000e+00
0.07736 0.000000e+00
0.07786 0.000000e+00
0.07836 0.000000e+00
0.07886 0.000000e+00
0.07935 0.000000e+00
0.07985 0.000000e+00
0.08035 0.000000e+00
0.08085 0.000000e+00
0.08134 0.000000e+00
0.08184 0.000000e+00
0.08234 0.000000e+00
0.08284 0.000000e+00
0.08333 0.000000e+00
0.08383 0.000000e+00
0.08433 0.000000e+00
0.08483 0.000000e+00
0.08532 0.000000e+00
0.08582 0.000000e+00
0.08632 0.000000e+00
0.08682 0.000000e+00
0.08731 0.000000e+00
0.08781 0.000000e+00
0.08831 0.000000e+00
0.08881 0.000000e+00
0.0893 0.000000e+00
0.0898 0.000000e+00
0.0903 0.000000e+00
0.0908 0.000000e+00
0.09129 0.000000e+00
0.09179 0.000000e+00
0.09229 0.000000e+00
0.09279 0.000000e+00
0.09328 0.000000e+00
0.09378 0.000000e+00
0.09428 0.000000e+00
0.09478 0.000000e+00
0.09527 0.000000e+00
0.09577 0.000000e+00
0.09627 0.000000e+00
0.09677 0.000000e+00
0.09726 0.000000e+00
0.09776 0.000000e+00
0.09826 0.000000e+00
0.09876 0.000000e+00
0.09925 0.000000e+00
0.09975 0.000000e+00
