0.0007488 5.509154e-03
0.001246 5.184268e-03
0.001744 4.881222e-03
0.002241 4.612215e-03
0.002739 4.371945e-03
0.003236 4.171594e-03
0.003734 4.012248e-03
0.004231 3.898987e-03
0.004729 3.824813e-03
0.005226 3.534887e-03
0.005724 1.732704e-03
0.006221 9.324246e-04
0.006719 6.516110e-04
0.007216 5.173220e-04
0.007714 4.347137e-04
0.008211 3.725944e-04
0.008709 3.217681e-04
0.009206 2.777200e-04
0.009704 2.382450e-04
0.0102 2.015080e-04
0.0107 1.681580e-04
0.0112 1.408220e-04
0.01169 1.197990e-04
0.01219 1.006600e-04
0.01269 8.344350e-05
0.01319 6.838550e-05
0.01368 5.546660e-05
0.01418 4.593710e-05
0.01468 3.927460e-05
0.01518 3.358890e-05
0.01567 2.657920e-05
0.01617 2.038070e-05
0.01667 1.650690e-05
0.01717 1.400760e-05
0.01766 1.161420e-05
0.01816 9.273340e-06
0.01866 7.169440e-06
0.01916 5.388210e-06
0.01965 4.335870e-06
0.02015 3.740240e-06
0.02065 3.109500e-06
0.02115 2.331530e-06
0.02164 1.624620e-06
0.02214 1.168200e-06
0.02264 9.645280e-07
0.02314 8.997150e-07
0.02363 6.903470e-07
0.02413 3.267150e-07
0.02463 1.768280e-07
0.02513 1.057910e-07
0.02562 8.837180e-08
0.02612 3.117700e-08
0.02662 4.113050e-09
0.02712 5.293420e-13
0.02761 4.919190e-13
0.02811 4.760930e-13
0.02861 4.697230e-13
0.02911 4.377120e-13
0.0296 4.171830e-13
0.0301 3.953900e-13
0.0306 3.684720e-13
0.0311 3.615510e-13
0.03159 3.388430e-13
0.03209 2.688620e-13
0.03259 1.404700e-13
0.03309 9.251530e-14
0.03358 6.775240e-14
0.03408 4.188290e-14
0.03458 1.227300e-14
0.03508 7.606710e-15
0.03557 1.844300e-15
0.03607 1.470970e-20
0.03657 2.161070e-27
0.03707 1.274730e-27
0.03756 1.757070e-27
0.03806 1.770800e-27
0.03856 1.577000e-27
0.03906 1.224560e-27
0.03955 5.069380e-28
0.04005 3.065950e-28
0.04055 9.393150e-29
0.04105 7.136590e-29
0.04154 7.864860e-29
0.04204 7.223180e-29
0.04254 8.390620e-29
0.04304 7.088360e-29
0.04353 5.322920e-29
0.04403 0.000000e+00
0.04453 0.000000e+00
0.04503 0.000000e+00
0.04552 0.000000e+00
0.04602 0.000000e+00
0.04652 0.000000e+00
0.04702 0.000000e+00
0.04751 0.000000e+00
0.04801 0.000000e+00
0.04851 0.000000e+00
0.04901 0.000000e+00
0.0495 0.000000e+00
0.05 0.000000e+00
0.0505 0.000000e+00
0.051 0.000000e+00
0.05149 0.000000e+00
0.05199 0.000000e+00
0.05249 0.000000e+00
0.05299 0.000000e+00
0.05348 0.000000e+00
0.05398 0.000000e+00
0.05448 0.000000e+00
0.05498 0.000000e+00
0.05547 0.000000e+00
0.05597 0.000000e+00
0.05647 0.000000e+00
0.05697 0.000000e+00
0.05746 0.000000e+00
0.05796 0.000000e+00
0.05846 0.000000e+00
0.05896 0.000000e+00
0.05945 0.000000e+00
0.05995 0.000000e+00
0.06045 0.000000e+00
0.06095 0.000000e+00
0.06144 0.000000e+00
0.06194 0.000000e+00
0.06244 0.000000e+00
0.06294 0.000000e+00
0.06343 0.000000e+00
0.06393 0.000000e+00
0.06443 0.000000e+00
0.06493 0.000000e+00
0.06542 0.000000e+00
0.06592 0.000000e+00
0.06642 0.000000e+00
0.06692 0.000000e+00
0.06741 0.000000e+00
0.06791 0.000000e+00
0.06841 0.000000e+00
0.06891 0.000000e+00
0.0694 0.000000e+00
0.0699 0.000000e+00
0.0704 0.000000e+00
0.0709 0.000000e+00
0.07139 0.000000e+00
0.07189 0.000000e+00
0.07239 0.000000e+00
0.07289 0.000000e+00
0.07338 0.000000e+00
0.07388 0.000000e+00
0.07438 0.000000e+00
0.07488 0.000000e+00
0.07537 0.000000e+00
0.07587 0.000000e+00
0.07637 0.000000e+00
0.07687 0.000000e+00
0.07736 0.000000e+00
0.07786 0.000000e+00
0.07836 0.000000e+00
0.07886 0.000000e+00
0.07935 0.000000e+00
0.07985 0.000000e+00
0.08035 0.000000e+00
0.08085 0.000000e+00
0.08134 0.000000e+00
0.08184 0.000000e+00
0.08234 0.000000e+00
0.08284 0.000000e+00
0.08333 0.000000e+00
0.08383 0.000000e+00
0.08433 0.000000e+00
0.08483 0.000000e+00
0.08532 0.000000e+00
0.08582 0.000000e+00
0.08632 0.000000e+00
0.08682 0.000000e+00
0.08731 0.000000e+00
0.08781 0.000000e+00
0.08831 0.000000e+00
0.08881 0.000000e+00
0.0893 0.000000e+00
0.0898 0.000000e+00
0.0903 0.000000e+00
0.0908 0.000000e+00
0.09129 0.000000e+00
0.09179 0.000000e+00
0.09229 0.000000e+00
0.09279 0.000000e+00
0.09328 0.000000e+00
0.09378 0.000000e+00
0.09428 0.000000e+00
0.09478 0.000000e+00
0.09527 0.000000e+00
0.09577 0.000000e+00
0.09627 0.000000e+00
0.09677 0.000000e+00
0.09726 0.000000e+00
0.09776 0.000000e+00
0.09826 0.000000e+00
0.09876 0.000000e+00
0.09925 0.000000e+00
0.09975 0.000000e+00
