0.0007488 1.850326e-01
0.001246 1.853587e-01
0.001744 1.865031e-01
0.002241 1.878657e-01
0.002739 1.890180e-01
0.003236 1.904249e-01
0.003734 1.927755e-01
0.004231 1.964536e-01
0.004729 2.006897e-01
0.005226 2.022146e-01
0.005724 1.890604e-01
0.006221 1.734264e-01
0.006719 1.576944e-01
0.007216 1.423298e-01
0.007714 1.281453e-01
0.008211 1.155306e-01
0.008709 1.044044e-01
0.009206 9.462643e-02
0.009704 8.583475e-02
0.0102 7.746274e-02
0.0107 6.947235e-02
0.0112 6.222915e-02
0.01169 5.553119e-02
0.01219 4.903755e-02
0.01269 4.308795e-02
0.01319 3.805749e-02
0.01368 3.371330e-02
0.01418 2.979633e-02
0.01468 2.623861e-02
0.01518 2.291664e-02
0.01567 1.975279e-02
0.01617 1.690089e-02
0.01667 1.439673e-02
0.01717 1.217293e-02
0.01766 1.023050e-02
0.01816 8.512724e-03
0.01866 6.946057e-03
0.01916 5.557226e-03
0.01965 4.448556e-03
0.02015 3.622155e-03
0.02065 2.941296e-03
0.02115 2.327585e-03
0.02164 1.810903e-03
0.02214 1.442713e-03
0.02264 1.222111e-03
0.02314 1.067123e-03
0.02363 9.022626e-04
0.02413 7.286193e-04
0.02463 5.939607e-04
0.02513 5.160822e-04
0.02562 4.613624e-04
0.02612 3.948380e-04
0.02662 3.317250e-04
0.02712 2.866280e-04
0.02761 2.561810e-04
0.02811 2.394320e-04
0.02861 2.267320e-04
0.02911 2.119340e-04
0.0296 1.978420e-04
0.0301 1.829350e-04
0.0306 1.675800e-04
0.0311 1.574280e-04
0.03159 1.440980e-04
0.03209 1.141650e-04
0.03259 7.626050e-05
0.03309 5.299050e-05
0.03358 4.009200e-05
0.03408 2.777720e-05
0.03458 1.419110e-05
0.03508 8.604430e-06
0.03557 3.111690e-06
0.03607 2.311340e-07
0.03657 2.715090e-08
0.03707 2.033300e-08
0.03756 1.960800e-08
0.03806 1.817370e-08
0.03856 1.533780e-08
0.03906 1.175180e-08
0.03955 7.600220e-09
0.04005 4.873970e-09
0.04055 2.522350e-09
0.04105 2.064860e-09
0.04154 2.162090e-09
0.04204 2.017350e-09
0.04254 2.004340e-09
0.04304 1.748250e-09
0.04353 1.242860e-09
0.04403 0.000000e+00
0.04453 0.000000e+00
0.04503 0.000000e+00
0.04552 0.000000e+00
0.04602 0.000000e+00
0.04652 0.000000e+00
0.04702 0.000000e+00
0.04751 0.000000e+00
0.04801 0.000000e+00
0.04851 0.000000e+00
0.04901 0.000000e+00
0.0495 0.000000e+00
0.05 0.000000e+00
0.0505 0.000000e+00
0.051 0.000000e+00
0.05149 0.000000e+00
0.05199 0.000000e+00
0.05249 0.000000e+00
0.05299 0.000000e+00
0.05348 0.000000e+00
0.05398 0.000000e+00
0.05448 0.000000e+00
0.05498 0.000000e+00
0.05547 0.000000e+00
0.05597 0.000000e+00
0.05647 0.000000e+00
0.05697 0.000000e+00
0.05746 0.000000e+00
0.05796 0.000000e+00
0.05846 0.000000e+00
0.05896 0.000000e+00
0.05945 0.000000e+00
0.05995 0.000000e+00
0.06045 0.000000e+00
0.06095 0.000000e+00
0.06144 0.000000e+00
0.06194 0.000000e+00
0.06244 0.000000e+00
0.06294 0.000000e+00
0.06343 0.000000e+00
0.06393 0.000000e+00
0.06443 0.000000e+00
0.06493 0.000000e+00
0.06542 0.000000e+00
0.06592 0.000000e+00
0.06642 0.000000e+00
0.06692 0.000000e+00
0.06741 0.000000e+00
0.06791 0.000000e+00
0.06841 0.000000e+00
0.06891 0.000000e+00
0.0694 0.000000e+00
0.0699 0.000000e+00
0.0704 0.000000e+00
0.0709 0.000000e+00
0.07139 0.000000e+00
0.07189 0.000000e+00
0.07239 0.000000e+00
0.07289 0.000000e+00
0.07338 0.000000e+00
0.07388 0.000000e+00
0.07438 0.000000e+00
0.07488 0.000000e+00
0.07537 0.000000e+00
0.07587 0.000000e+00
0.07637 0.000000e+00
0.07687 0.000000e+00
0.07736 0.000000e+00
0.07786 0.000000e+00
0.07836 0.000000e+00
0.07886 0.000000e+00
0.07935 0.000000e+00
0.07985 0.000000e+00
0.08035 0.000000e+00
0.08085 0.000000e+00
0.08134 0.000000e+00
0.08184 0.000000e+00
0.08234 0.000000e+00
0.08284 0.000000e+00
0.08333 0.000000e+00
0.08383 0.000000e+00
0.08433 0.000000e+00
0.08483 0.000000e+00
0.08532 0.000000e+00
0.08582 0.000000e+00
0.08632 0.000000e+00
0.08682 0.000000e+00
0.08731 0.000000e+00
0.08781 0.000000e+00
0.08831 0.000000e+00
0.08881 0.000000e+00
0.0893 0.000000e+00
0.0898 0.000000e+00
0.0903 0.000000e+00
0.0908 0.000000e+00
0.09129 0.000000e+00
0.09179 0.000000e+00
0.09229 0.000000e+00
0.09279 0.000000e+00
0.09328 0.000000e+00
0.09378 0.000000e+00
0.09428 0.000000e+00
0.09478 0.000000e+00
0.09527 0.000000e+00
0.09577 0.000000e+00
0.09627 0.000000e+00
0.09677 0.000000e+00
0.09726 0.000000e+00
0.09776 0.000000e+00
0.09826 0.000000e+00
0.09876 0.000000e+00
0.09925 0.000000e+00
0.09975 0.000000e+00
