0.0007488 1.348563e-02
0.001246 1.263118e-02
0.001744 1.182934e-02
0.002241 1.110903e-02
0.002739 1.045394e-02
0.003236 9.899396e-03
0.003734 9.450810e-03
0.004231 9.123420e-03
0.004729 8.897015e-03
0.005226 8.217250e-03
0.005724 4.330412e-03
0.006221 2.551000e-03
0.006719 1.872857e-03
0.007216 1.512330e-03
0.007714 1.273431e-03
0.008211 1.091306e-03
0.008709 9.429122e-04
0.009206 8.143270e-04
0.009704 6.989540e-04
0.0102 5.915030e-04
0.0107 4.938930e-04
0.0112 4.138300e-04
0.01169 3.521510e-04
0.01219 2.959930e-04
0.01269 2.454620e-04
0.01319 2.013110e-04
0.01368 1.634630e-04
0.01418 1.355040e-04
0.01468 1.159090e-04
0.01518 9.912790e-05
0.01567 7.849640e-05
0.01617 6.026460e-05
0.01667 4.886270e-05
0.01717 4.148850e-05
0.01766 3.442780e-05
0.01816 2.751820e-05
0.01866 2.129790e-05
0.01916 1.603650e-05
0.01965 1.293150e-05
0.02015 1.117450e-05
0.02065 9.302870e-06
0.02115 6.987000e-06
0.02164 4.877470e-06
0.02214 3.509250e-06
0.02264 2.898350e-06
0.02314 2.699490e-06
0.02363 2.073350e-06
0.02413 9.948830e-07
0.02463 5.386060e-07
0.02513 3.228660e-07
0.02562 2.682120e-07
0.02612 9.734480e-08
0.02662 1.295990e-08
0.02712 9.318640e-13
0.02761 8.656120e-13
0.02811 8.379470e-13
0.02861 8.263070e-13
0.02911 7.703530e-13
0.0296 7.340610e-13
0.0301 6.957440e-13
0.0306 6.485670e-13
0.0311 6.360190e-13
0.03159 5.960390e-13
0.03209 4.728180e-13
0.03259 2.489290e-13
0.03309 1.640370e-13
0.03358 1.200460e-13
0.03408 7.424780e-14
0.03458 2.200360e-14
0.03508 1.363010e-14
0.03557 3.341570e-15
0.03607 3.232970e-20
0.03657 6.279590e-27
0.03707 3.735600e-27
0.03756 5.092680e-27
0.03806 5.124240e-27
0.03856 4.558930e-27
0.03906 3.538520e-27
0.03955 1.484200e-27
0.04005 8.985740e-28
0.04055 2.791690e-28
0.04105 2.123830e-28
0.04154 2.337990e-28
0.04204 2.149740e-28
0.04254 2.491460e-28
0.04304 2.106740e-28
0.04353 1.580040e-28
0.04403 0.000000e+00
0.04453 0.000000e+00
0.04503 0.000000e+00
0.04552 0.000000e+00
0.04602 0.000000e+00
0.04652 0.000000e+00
0.04702 0.000000e+00
0.04751 0.000000e+00
0.04801 0.000000e+00
0.04851 0.000000e+00
0.04901 0.000000e+00
0.0495 0.000000e+00
0.05 0.000000e+00
0.0505 0.000000e+00
0.051 0.000000e+00
0.05149 0.000000e+00
0.05199 0.000000e+00
0.05249 0.000000e+00
0.05299 0.000000e+00
0.05348 0.000000e+00
0.05398 0.000000e+00
0.05448 0.000000e+00
0.05498 0.000000e+00
0.05547 0.000000e+00
0.05597 0.000000e+00
0.05647 0.000000e+00
0.05697 0.000000e+00
0.05746 0.000000e+00
0.05796 0.000000e+00
0.05846 0.000000e+00
0.05896 0.000000e+00
0.05945 0.000000e+00
0.05995 0.000000e+00
0.06045 0.000000e+00
0.06095 0.000000e+00
0.06144 0.000000e+00
0.06194 0.000000e+00
0.06244 0.000000e+00
0.06294 0.000000e+00
0.06343 0.000000e+00
0.06393 0.000000e+00
0.06443 0.000000e+00
0.06493 0.000000e+00
0.06542 0.000000e+00
0.06592 0.000000e+00
0.06642 0.000000e+00
0.06692 0.000000e+00
0.06741 0.000000e+00
0.06791 0.000000e+00
0.06841 0.000000e+00
0.06891 0.000000e+00
0.0694 0.000000e+00
0.0699 0.000000e+00
0.0704 0.000000e+00
0.0709 0.000000e+00
0.07139 0.000000e+00
0.07189 0.000000e+00
0.07239 0.000000e+00
0.07289 0.000000e+00
0.07338 0.000000e+00
0.07388 0.000000e+00
0.07438 0.000000e+00
0.07488 0.000000e+00
0.07537 0.000000e+00
0.07587 0.000000e+00
0.07637 0.000000e+00
0.07687 0.000000e+00
0.07736 0.000000e+00
0.07786 0.000000e+00
0.07836 0.000000e+00
0.07886 0.000000e+00
0.07935 0.000000e+00
0.07985 0.000000e+00
0.08035 0.000000e+00
0.08085 0.000000e+00
0.08134 0.000000e+00
0.08184 0.000000e+00
0.08234 0.000000e+00
0.08284 0.000000e+00
0.08333 0.000000e+00
0.08383 0.000000e+00
0.08433 0.000000e+00
0.08483 0.000000e+00
0.08532 0.000000e+00
0.08582 0.000000e+00
0.08632 0.000000e+00
0.08682 0.000000e+00
0.08731 0.000000e+00
0.08781 0.000000e+00
0.08831 0.000000e+00
0.08881 0.000000e+00
0.0893 0.000000e+00
0.0898 0.000000e+00
0.0903 0.000000e+00
0.0908 0.000000e+00
0.09129 0.000000e+00
0.09179 0.000000e+00
0.09229 0.000000e+00
0.09279 0.000000e+00
0.09328 0.000000e+00
0.09378 0.000000e+00
0.09428 0.000000e+00
0.09478 0.000000e+00
0.09527 0.000000e+00
0.09577 0.000000e+00
0.09627 0.000000e+00
0.09677 0.000000e+00
0.09726 0.000000e+00
0.09776 0.000000e+00
0.09826 0.000000e+00
0.09876 0.000000e+00
0.09925 0.000000e+00
0.09975 0.000000e+00
