0.0007488 2.358725e-02
0.001246 2.235692e-02
0.001744 2.122384e-02
0.002241 2.024524e-02
0.002739 1.942876e-02
0.003236 1.874744e-02
0.003734 1.818435e-02
0.004231 1.773707e-02
0.004729 1.740482e-02
0.005226 1.613794e-02
0.005724 8.020599e-03
0.006221 3.422640e-03
0.006719 1.445565e-03
0.007216 6.088921e-04
0.007714 2.582480e-04
0.008211 1.112307e-04
0.008709 4.882632e-05
0.009206 2.171203e-05
0.009704 9.677019e-06
0.0102 4.257390e-06
0.0107 1.825225e-06
0.0112 7.736560e-07
0.01169 3.272237e-07
0.01219 1.363710e-07
0.01269 5.613327e-08
0.01319 2.329558e-08
0.01368 9.392040e-09
0.01418 3.748817e-09
0.01468 1.482140e-09
0.01518 5.810708e-10
0.01567 2.261416e-10
0.01617 8.743500e-11
0.01667 3.360438e-11
0.01717 1.284473e-11
0.01766 4.884631e-12
0.01816 1.848710e-12
0.01866 6.965973e-13
0.01916 2.614145e-13
0.01965 9.774581e-14
0.02015 3.644014e-14
0.02065 1.356842e-14
0.02115 5.053889e-15
0.02164 1.892228e-15
0.02214 7.180403e-16
0.02264 2.800910e-16
0.02314 1.146604e-16
0.02363 5.020290e-17
0.02413 2.310919e-17
0.02463 1.000967e-17
0.02513 3.279371e-18
0.02562 5.790096e-19
0.02612 0.000000e+00
0.02662 0.000000e+00
0.02712 0.000000e+00
0.02761 0.000000e+00
0.02811 0.000000e+00
0.02861 0.000000e+00
0.02911 0.000000e+00
0.0296 0.000000e+00
0.0301 0.000000e+00
0.0306 0.000000e+00
0.0311 0.000000e+00
0.03159 0.000000e+00
0.03209 0.000000e+00
0.03259 0.000000e+00
0.03309 0.000000e+00
0.03358 0.000000e+00
0.03408 0.000000e+00
0.03458 0.000000e+00
0.03508 0.000000e+00
0.03557 0.000000e+00
0.03607 0.000000e+00
0.03657 0.000000e+00
0.03707 0.000000e+00
0.03756 0.000000e+00
0.03806 0.000000e+00
0.03856 0.000000e+00
0.03906 0.000000e+00
0.03955 0.000000e+00
0.04005 0.000000e+00
0.04055 0.000000e+00
0.04105 0.000000e+00
0.04154 0.000000e+00
0.04204 0.000000e+00
0.04254 0.000000e+00
0.04304 0.000000e+00
0.04353 0.000000e+00
0.04403 0.000000e+00
0.04453 0.000000e+00
0.04503 0.000000e+00
0.04552 0.000000e+00
0.04602 0.000000e+00
0.04652 0.000000e+00
0.04702 0.000000e+00
0.04751 0.000000e+00
0.04801 0.000000e+00
0.04851 0.000000e+00
0.04901 0.000000e+00
0.0495 0.000000e+00
0.05 0.000000e+00
0.0505 0.000000e+00
0.051 0.000000e+00
0.05149 0.000000e+00
0.05199 0.000000e+00
0.05249 0.000000e+00
0.05299 0.000000e+00
0.05348 0.000000e+00
0.05398 0.000000e+00
0.05448 0.000000e+00
0.05498 0.000000e+00
0.05547 0.000000e+00
0.05597 0.000000e+00
0.05647 0.000000e+00
0.05697 0.000000e+00
0.05746 0.000000e+00
0.05796 0.000000e+00
0.05846 0.000000e+00
0.05896 0.000000e+00
0.05945 0.000000e+00
0.05995 0.000000e+00
0.06045 0.000000e+00
0.06095 0.000000e+00
0.06144 0.000000e+00
0.06194 0.000000e+00
0.06244 0.000000e+00
0.06294 0.000000e+00
0.06343 0.000000e+00
0.06393 0.000000e+00
0.06443 0.000000e+00
0.06493 0.000000e+00
0.06542 0.000000e+00
0.06592 0.000000e+00
0.06642 0.000000e+00
0.06692 0.000000e+00
0.06741 0.000000e+00
0.06791 0.000000e+00
0.06841 0.000000e+00
0.06891 0.000000e+00
0.0694 0.000000e+00
0.0699 0.000000e+00
0.0704 0.000000e+00
0.0709 0.000000e+00
0.07139 0.000000e+00
0.07189 0.000000e+00
0.07239 0.000000e+00
0.07289 0.000000e+00
0.07338 0.000000e+00
0.07388 0.000000e+00
0.07438 0.000000e+00
0.07488 0.000000e+00
0.07537 0.000000e+00
0.07587 0.000000e+00
0.07637 0.000000e+00
0.07687 0.000000e+00
0.07736 0.000000e+00
0.07786 0.000000e+00
0.07836 0.000000e+00
0.07886 0.000000e+00
0.07935 0.000000e+00
0.07985 0.000000e+00
0.08035 0.000000e+00
0.08085 0.000000e+00
0.08134 0.000000e+00
0.08184 0.000000e+00
0.08234 0.000000e+00
0.08284 0.000000e+00
0.08333 0.000000e+00
0.08383 0.000000e+00
0.08433 0.000000e+00
0.08483 0.000000e+00
0.08532 0.000000e+00
0.08582 0.000000e+00
0.08632 0.000000e+00
0.08682 0.000000e+00
0.08731 0.000000e+00
0.08781 0.000000e+00
0.08831 0.000000e+00
0.08881 0.000000e+00
0.0893 0.000000e+00
0.0898 0.000000e+00
0.0903 0.000000e+00
0.0908 0.000000e+00
0.09129 0.000000e+00
0.09179 0.000000e+00
0.09229 0.000000e+00
0.09279 0.000000e+00
0.09328 0.000000e+00
0.09378 0.000000e+00
0.09428 0.000000e+00
0.09478 0.000000e+00
0.09527 0.000000e+00
0.09577 0.000000e+00
0.09627 0.000000e+00
0.09677 0.000000e+00
0.09726 0.000000e+00
0.09776 0.000000e+00
0.09826 0.000000e+00
0.09876 0.000000e+00
0.09925 0.000000e+00
0.09975 0.000000e+00
