0.0007488 1.491585e-02
0.001246 1.411573e-02
0.001744 1.335818e-02
0.002241 1.266740e-02
0.002739 1.203027e-02
0.003236 1.148584e-02
0.003734 1.104727e-02
0.004231 1.073517e-02
0.004729 1.052424e-02
0.005226 9.851353e-03
0.005724 5.912763e-03
0.006221 3.701765e-03
0.006719 2.666192e-03
0.007216 2.093333e-03
0.007714 1.731783e-03
0.008211 1.474217e-03
0.008709 1.274189e-03
0.009206 1.105061e-03
0.009704 9.539605e-04
0.0102 8.127107e-04
0.0107 6.836831e-04
0.0112 5.770369e-04
0.01169 4.929983e-04
0.01219 4.164511e-04
0.01269 3.473960e-04
0.01319 2.877370e-04
0.01368 2.371700e-04
0.01418 1.988960e-04
0.01468 1.712450e-04
0.01518 1.464940e-04
0.01567 1.171110e-04
0.01617 9.134800e-05
0.01667 7.504200e-05
0.01717 6.411180e-05
0.01766 5.368930e-05
0.01816 4.343760e-05
0.01866 3.401140e-05
0.01916 2.610400e-05
0.01965 2.142500e-05
0.02015 1.880070e-05
0.02065 1.582080e-05
0.02115 1.208660e-05
0.02164 8.598850e-06
0.02214 6.223560e-06
0.02264 5.182100e-06
0.02314 4.752050e-06
0.02363 3.700440e-06
0.02413 2.034900e-06
0.02463 1.130040e-06
0.02513 7.052040e-07
0.02562 5.738030e-07
0.02612 2.733240e-07
0.02662 7.840850e-08
0.02712 3.781620e-08
0.02761 3.497110e-08
0.02811 3.397980e-08
0.02861 3.335000e-08
0.02911 3.121090e-08
0.0296 2.967690e-08
0.0301 2.814760e-08
0.0306 2.628690e-08
0.0311 2.566490e-08
0.03159 2.411040e-08
0.03209 1.903890e-08
0.03259 1.044970e-08
0.03309 6.876280e-09
0.03358 5.035330e-09
0.03408 3.110460e-09
0.03458 9.542830e-10
0.03508 5.848150e-10
0.03557 1.742350e-10
0.03607 9.832060e-16
0.03657 1.172570e-20
0.03707 7.753780e-21
0.03756 9.165080e-21
0.03806 8.996500e-21
0.03856 7.884900e-21
0.03906 6.084360e-21
0.03955 3.035160e-21
0.04005 1.867180e-21
0.04055 7.019530e-22
0.04105 5.452530e-22
0.04154 5.907130e-22
0.04204 5.517540e-22
0.04254 6.160550e-22
0.04304 5.277810e-22
0.04353 3.885790e-22
0.04403 0.000000e+00
0.04453 0.000000e+00
0.04503 0.000000e+00
0.04552 0.000000e+00
0.04602 0.000000e+00
0.04652 0.000000e+00
0.04702 0.000000e+00
0.04751 0.000000e+00
0.04801 0.000000e+00
0.04851 0.000000e+00
0.04901 0.000000e+00
0.0495 0.000000e+00
0.05 0.000000e+00
0.0505 0.000000e+00
0.051 0.000000e+00
0.05149 0.000000e+00
0.05199 0.000000e+00
0.05249 0.000000e+00
0.05299 0.000000e+00
0.05348 0.000000e+00
0.05398 0.000000e+00
0.05448 0.000000e+00
0.05498 0.000000e+00
0.05547 0.000000e+00
0.05597 0.000000e+00
0.05647 0.000000e+00
0.05697 0.000000e+00
0.05746 0.000000e+00
0.05796 0.000000e+00
0.05846 0.000000e+00
0.05896 0.000000e+00
0.05945 0.000000e+00
0.05995 0.000000e+00
0.06045 0.000000e+00
0.06095 0.000000e+00
0.06144 0.000000e+00
0.06194 0.000000e+00
0.06244 0.000000e+00
0.06294 0.000000e+00
0.06343 0.000000e+00
0.06393 0.000000e+00
0.06443 0.000000e+00
0.06493 0.000000e+00
0.06542 0.000000e+00
0.06592 0.000000e+00
0.06642 0.000000e+00
0.06692 0.000000e+00
0.06741 0.000000e+00
0.06791 0.000000e+00
0.06841 0.000000e+00
0.06891 0.000000e+00
0.0694 0.000000e+00
0.0699 0.000000e+00
0.0704 0.000000e+00
0.0709 0.000000e+00
0.07139 0.000000e+00
0.07189 0.000000e+00
0.07239 0.000000e+00
0.07289 0.000000e+00
0.07338 0.000000e+00
0.07388 0.000000e+00
0.07438 0.000000e+00
0.07488 0.000000e+00
0.07537 0.000000e+00
0.07587 0.000000e+00
0.07637 0.000000e+00
0.07687 0.000000e+00
0.07736 0.000000e+00
0.07786 0.000000e+00
0.07836 0.000000e+00
0.07886 0.000000e+00
0.07935 0.000000e+00
0.07985 0.000000e+00
0.08035 0.000000e+00
0.08085 0.000000e+00
0.08134 0.000000e+00
0.08184 0.000000e+00
0.08234 0.000000e+00
0.08284 0.000000e+00
0.08333 0.000000e+00
0.08383 0.000000e+00
0.08433 0.000000e+00
0.08483 0.000000e+00
0.08532 0.000000e+00
0.08582 0.000000e+00
0.08632 0.000000e+00
0.08682 0.000000e+00
0.08731 0.000000e+00
0.08781 0.000000e+00
0.08831 0.000000e+00
0.08881 0.000000e+00
0.0893 0.000000e+00
0.0898 0.000000e+00
0.0903 0.000000e+00
0.0908 0.000000e+00
0.09129 0.000000e+00
0.09179 0.000000e+00
0.09229 0.000000e+00
0.09279 0.000000e+00
0.09328 0.000000e+00
0.09378 0.000000e+00
0.09428 0.000000e+00
0.09478 0.000000e+00
0.09527 0.000000e+00
0.09577 0.000000e+00
0.09627 0.000000e+00
0.09677 0.000000e+00
0.09726 0.000000e+00
0.09776 0.000000e+00
0.09826 0.000000e+00
0.09876 0.000000e+00
0.09925 0.000000e+00
0.09975 0.000000e+00
