0.0007488 2.907984e-03
0.001246 2.692275e-03
0.001744 2.495742e-03
0.002241 2.325175e-03
0.002739 2.181232e-03
0.003236 2.060686e-03
0.003734 1.961623e-03
0.004231 1.883810e-03
0.004729 1.827191e-03
0.005226 1.658213e-03
0.005724 6.444202e-04
0.006221 1.931913e-04
0.006719 5.577467e-05
0.007216 1.515385e-05
0.007714 3.738622e-06
0.008211 7.208524e-07
0.008709 7.309729e-08
0.009206 6.055236e-11
0.009704 1.778454e-11
0.0102 5.174658e-12
0.0107 1.493068e-12
0.0112 4.277394e-13
0.01169 1.216454e-13
0.01219 3.436128e-14
0.01269 9.647424e-15
0.01319 3.101400e-15
0.01368 8.738442e-16
0.01418 2.450646e-16
0.01468 6.842520e-17
0.01518 1.902582e-17
0.01567 5.269428e-18
0.01617 1.453988e-18
0.01667 3.997782e-19
0.01717 1.095532e-19
0.01766 2.992644e-20
0.01816 8.150148e-21
0.01866 2.213190e-21
0.01916 5.993406e-22
0.01965 1.618798e-22
0.02015 4.361490e-23
0.02065 1.173677e-23
0.02115 3.149100e-24
0.02164 8.433306e-25
0.02214 2.253816e-25
0.02264 6.009660e-26
0.02314 1.597680e-26
0.02363 4.222962e-27
0.02413 1.097708e-27
0.02463 2.698272e-28
0.02513 5.598108e-29
0.02562 7.469784e-30
0.02612 0.000000e+00
0.02662 0.000000e+00
0.02712 0.000000e+00
0.02761 0.000000e+00
0.02811 0.000000e+00
0.02861 0.000000e+00
0.02911 0.000000e+00
0.0296 0.000000e+00
0.0301 0.000000e+00
0.0306 0.000000e+00
0.0311 0.000000e+00
0.03159 0.000000e+00
0.03209 0.000000e+00
0.03259 0.000000e+00
0.03309 0.000000e+00
0.03358 0.000000e+00
0.03408 0.000000e+00
0.03458 0.000000e+00
0.03508 0.000000e+00
0.03557 0.000000e+00
0.03607 0.000000e+00
0.03657 0.000000e+00
0.03707 0.000000e+00
0.03756 0.000000e+00
0.03806 0.000000e+00
0.03856 0.000000e+00
0.03906 0.000000e+00
0.03955 0.000000e+00
0.04005 0.000000e+00
0.04055 0.000000e+00
0.04105 0.000000e+00
0.04154 0.000000e+00
0.04204 0.000000e+00
0.04254 0.000000e+00
0.04304 0.000000e+00
0.04353 0.000000e+00
0.04403 0.000000e+00
0.04453 0.000000e+00
0.04503 0.000000e+00
0.04552 0.000000e+00
0.04602 0.000000e+00
0.04652 0.000000e+00
0.04702 0.000000e+00
0.04751 0.000000e+00
0.04801 0.000000e+00
0.04851 0.000000e+00
0.04901 0.000000e+00
0.0495 0.000000e+00
0.05 0.000000e+00
0.0505 0.000000e+00
0.051 0.000000e+00
0.05149 0.000000e+00
0.05199 0.000000e+00
0.05249 0.000000e+00
0.05299 0.000000e+00
0.05348 0.000000e+00
0.05398 0.000000e+00
0.05448 0.000000e+00
0.05498 0.000000e+00
0.05547 0.000000e+00
0.05597 0.000000e+00
0.05647 0.000000e+00
0.05697 0.000000e+00
0.05746 0.000000e+00
0.05796 0.000000e+00
0.05846 0.000000e+00
0.05896 0.000000e+00
0.05945 0.000000e+00
0.05995 0.000000e+00
0.06045 0.000000e+00
0.06095 0.000000e+00
0.06144 0.000000e+00
0.06194 0.000000e+00
0.06244 0.000000e+00
0.06294 0.000000e+00
0.06343 0.000000e+00
0.06393 0.000000e+00
0.06443 0.000000e+00
0.06493 0.000000e+00
0.06542 0.000000e+00
0.06592 0.000000e+00
0.06642 0.000000e+00
0.06692 0.000000e+00
0.06741 0.000000e+00
0.06791 0.000000e+00
0.06841 0.000000e+00
0.06891 0.000000e+00
0.0694 0.000000e+00
0.0699 0.000000e+00
0.0704 0.000000e+00
0.0709 0.000000e+00
0.07139 0.000000e+00
0.07189 0.000000e+00
0.07239 0.000000e+00
0.07289 0.000000e+00
0.07338 0.000000e+00
0.07388 0.000000e+00
0.07438 0.000000e+00
0.07488 0.000000e+00
0.07537 0.000000e+00
0.07587 0.000000e+00
0.07637 0.000000e+00
0.07687 0.000000e+00
0.07736 0.000000e+00
0.07786 0.000000e+00
0.07836 0.000000e+00
0.07886 0.000000e+00
0.07935 0.000000e+00
0.07985 0.000000e+00
0.08035 0.000000e+00
0.08085 0.000000e+00
0.08134 0.000000e+00
0.08184 0.000000e+00
0.08234 0.000000e+00
0.08284 0.000000e+00
0.08333 0.000000e+00
0.08383 0.000000e+00
0.08433 0.000000e+00
0.08483 0.000000e+00
0.08532 0.000000e+00
0.08582 0.000000e+00
0.08632 0.000000e+00
0.08682 0.000000e+00
0.08731 0.000000e+00
0.08781 0.000000e+00
0.08831 0.000000e+00
0.08881 0.000000e+00
0.0893 0.000000e+00
0.0898 0.000000e+00
0.0903 0.000000e+00
0.0908 0.000000e+00
0.09129 0.000000e+00
0.09179 0.000000e+00
0.09229 0.000000e+00
0.09279 0.000000e+00
0.09328 0.000000e+00
0.09378 0.000000e+00
0.09428 0.000000e+00
0.09478 0.000000e+00
0.09527 0.000000e+00
0.09577 0.000000e+00
0.09627 0.000000e+00
0.09677 0.000000e+00
0.09726 0.000000e+00
0.09776 0.000000e+00
0.09826 0.000000e+00
0.09876 0.000000e+00
0.09925 0.000000e+00
0.09975 0.000000e+00
