0.0007488 7.270861e-03
0.001246 6.551258e-03
0.001744 5.894993e-03
0.002241 5.316120e-03
0.002739 4.812397e-03
0.003236 4.385841e-03
0.003734 4.036457e-03
0.004231 3.767722e-03
0.004729 3.575244e-03
0.005226 3.256522e-03
0.005724 1.736347e-03
0.006221 9.181099e-04
0.006719 5.703772e-04
0.007216 4.067296e-04
0.007714 3.194968e-04
0.008211 2.654366e-04
0.008709 2.270378e-04
0.009206 1.961200e-04
0.009704 1.690806e-04
0.0102 1.440018e-04
0.0107 1.211509e-04
0.0112 1.022702e-04
0.01169 8.738425e-05
0.01219 7.382412e-05
0.01269 6.159051e-05
0.01319 5.102450e-05
0.01368 4.207100e-05
0.01418 3.529030e-05
0.01468 3.038740e-05
0.01518 2.599450e-05
0.01567 2.078440e-05
0.01617 1.621730e-05
0.01667 1.332570e-05
0.01717 1.138590e-05
0.01766 9.536570e-06
0.01816 7.717430e-06
0.01866 6.044140e-06
0.01916 4.640720e-06
0.01965 3.810300e-06
0.02015 3.344610e-06
0.02065 2.815150e-06
0.02115 2.151400e-06
0.02164 1.531150e-06
0.02214 1.108350e-06
0.02264 9.229900e-07
0.02314 8.461740e-07
0.02363 6.590860e-07
0.02413 3.632640e-07
0.02463 2.018190e-07
0.02513 1.260290e-07
0.02562 1.025050e-07
0.02612 4.903120e-08
0.02662 1.416060e-08
0.02712 6.865040e-09
0.02761 6.348210e-09
0.02811 6.168930e-09
0.02861 6.054420e-09
0.02911 5.666120e-09
0.0296 5.387520e-09
0.0301 5.109990e-09
0.0306 4.772050e-09
0.0311 4.659210e-09
0.03159 4.377700e-09
0.03209 3.456400e-09
0.03259 1.895290e-09
0.03309 1.246800e-09
0.03358 9.132890e-10
0.03408 5.640080e-10
0.03458 1.725240e-10
0.03508 1.056960e-10
0.03557 3.165000e-11
0.03607 1.716120e-42
0.03657 1.176170e-42
0.03707 8.932050e-43
0.03756 7.741340e-43
0.03806 6.777610e-43
0.03856 5.412850e-43
0.03906 4.187350e-43
0.03955 3.081710e-43
0.04005 2.087610e-43
0.04055 1.259430e-43
0.04105 1.051540e-43
0.04154 1.058250e-43
0.04204 8.436720e-44
0.04254 7.201100e-44
0.04304 6.241270e-44
0.04353 4.387790e-44
0.04403 0.000000e+00
0.04453 0.000000e+00
0.04503 0.000000e+00
0.04552 0.000000e+00
0.04602 0.000000e+00
0.04652 0.000000e+00
0.04702 0.000000e+00
0.04751 0.000000e+00
0.04801 0.000000e+00
0.04851 0.000000e+00
0.04901 0.000000e+00
0.0495 0.000000e+00
0.05 0.000000e+00
0.0505 0.000000e+00
0.051 0.000000e+00
0.05149 0.000000e+00
0.05199 0.000000e+00
0.05249 0.000000e+00
0.05299 0.000000e+00
0.05348 0.000000e+00
0.05398 0.000000e+00
0.05448 0.000000e+00
0.05498 0.000000e+00
0.05547 0.000000e+00
0.05597 0.000000e+00
0.05647 0.000000e+00
0.05697 0.000000e+00
0.05746 0.000000e+00
0.05796 0.000000e+00
0.05846 0.000000e+00
0.05896 0.000000e+00
0.05945 0.000000e+00
0.05995 0.000000e+00
0.06045 0.000000e+00
0.06095 0.000000e+00
0.06144 0.000000e+00
0.06194 0.000000e+00
0.06244 0.000000e+00
0.06294 0.000000e+00
0.06343 0.000000e+00
0.06393 0.000000e+00
0.06443 0.000000e+00
0.06493 0.000000e+00
0.06542 0.000000e+00
0.06592 0.000000e+00
0.06642 0.000000e+00
0.06692 0.000000e+00
0.06741 0.000000e+00
0.06791 0.000000e+00
0.06841 0.000000e+00
0.06891 0.000000e+00
0.0694 0.000000e+00
0.0699 0.000000e+00
0.0704 0.000000e+00
0.0709 0.000000e+00
0.07139 0.000000e+00
0.07189 0.000000e+00
0.07239 0.000000e+00
0.07289 0.000000e+00
0.07338 0.000000e+00
0.07388 0.000000e+00
0.07438 0.000000e+00
0.07488 0.000000e+00
0.07537 0.000000e+00
0.07587 0.000000e+00
0.07637 0.000000e+00
0.07687 0.000000e+00
0.07736 0.000000e+00
0.07786 0.000000e+00
0.07836 0.000000e+00
0.07886 0.000000e+00
0.07935 0.000000e+00
0.07985 0.000000e+00
0.08035 0.000000e+00
0.08085 0.000000e+00
0.08134 0.000000e+00
0.08184 0.000000e+00
0.08234 0.000000e+00
0.08284 0.000000e+00
0.08333 0.000000e+00
0.08383 0.000000e+00
0.08433 0.000000e+00
0.08483 0.000000e+00
0.08532 0.000000e+00
0.08582 0.000000e+00
0.08632 0.000000e+00
0.08682 0.000000e+00
0.08731 0.000000e+00
0.08781 0.000000e+00
0.08831 0.000000e+00
0.08881 0.000000e+00
0.0893 0.000000e+00
0.0898 0.000000e+00
0.0903 0.000000e+00
0.0908 0.000000e+00
0.09129 0.000000e+00
0.09179 0.000000e+00
0.09229 0.000000e+00
0.09279 0.000000e+00
0.09328 0.000000e+00
0.09378 0.000000e+00
0.09428 0.000000e+00
0.09478 0.000000e+00
0.09527 0.000000e+00
0.09577 0.000000e+00
0.09627 0.000000e+00
0.09677 0.000000e+00
0.09726 0.000000e+00
0.09776 0.000000e+00
0.09826 0.000000e+00
0.09876 0.000000e+00
0.09925 0.000000e+00
0.09975 0.000000e+00
