0.0007488 1.503604e-03
0.001246 1.418014e-03
0.001744 1.337966e-03
0.002241 1.266741e-03
0.002739 1.202884e-03
0.003236 1.149560e-03
0.003734 1.107147e-03
0.004231 1.077102e-03
0.004729 1.057448e-03
0.005226 9.790683e-04
0.005724 4.906373e-04
0.006221 2.686893e-04
0.006719 1.880025e-04
0.007216 1.488148e-04
0.007714 1.243851e-04
0.008211 1.062454e-04
0.008709 9.176256e-05
0.009206 7.928390e-05
0.009704 6.807870e-05
0.0102 5.763630e-05
0.0107 4.814610e-05
0.0112 4.035810e-05
0.01169 3.435040e-05
0.01219 2.887980e-05
0.01269 2.395600e-05
0.01319 1.965660e-05
0.01368 1.597300e-05
0.01418 1.324800e-05
0.01468 1.133430e-05
0.01518 9.691780e-06
0.01567 7.677370e-06
0.01617 5.898890e-06
0.01667 4.785860e-06
0.01717 4.064670e-06
0.01766 3.374110e-06
0.01816 2.698530e-06
0.01866 2.089680e-06
0.01916 1.575070e-06
0.01965 1.271400e-06
0.02015 1.099700e-06
0.02065 9.160630e-07
0.02115 6.886910e-07
0.02164 4.812370e-07
0.02214 3.462770e-07
0.02264 2.860920e-07
0.02314 2.662100e-07
0.02363 2.045920e-07
0.02413 9.899160e-08
0.02463 5.358450e-08
0.02513 3.215080e-08
0.02562 2.665730e-08
0.02612 9.758670e-09
0.02662 1.297170e-09
0.02712 1.770130e-13
0.02761 1.740720e-13
0.02811 1.606270e-13
0.02861 1.679170e-13
0.02911 1.492780e-13
0.0296 1.461520e-13
0.0301 1.373230e-13
0.0306 1.249680e-13
0.0311 1.294140e-13
0.03159 1.176720e-13
0.03209 9.877100e-14
0.03259 2.145710e-14
0.03309 1.414240e-14
0.03358 1.034720e-14
0.03408 6.400820e-15
0.03458 1.904270e-15
0.03508 1.179390e-15
0.03557 2.901760e-16
0.03607 2.908730e-21
0.03657 5.686130e-28
0.03707 3.381680e-28
0.03756 4.611760e-28
0.03806 4.640580e-28
0.03856 4.128760e-28
0.03906 3.204670e-28
0.03955 1.343630e-28
0.04005 8.134390e-29
0.04055 2.525970e-29
0.04105 1.921570e-29
0.04154 2.115430e-29
0.04204 1.945010e-29
0.04254 2.254400e-29
0.04304 1.906220e-29
0.04353 1.429720e-29
0.04403 0.000000e+00
0.04453 0.000000e+00
0.04503 0.000000e+00
0.04552 0.000000e+00
0.04602 0.000000e+00
0.04652 0.000000e+00
0.04702 0.000000e+00
0.04751 0.000000e+00
0.04801 0.000000e+00
0.04851 0.000000e+00
0.04901 0.000000e+00
0.0495 0.000000e+00
0.05 0.000000e+00
0.0505 0.000000e+00
0.051 0.000000e+00
0.05149 0.000000e+00
0.05199 0.000000e+00
0.05249 0.000000e+00
0.05299 0.000000e+00
0.05348 0.000000e+00
0.05398 0.000000e+00
0.05448 0.000000e+00
0.05498 0.000000e+00
0.05547 0.000000e+00
0.05597 0.000000e+00
0.05647 0.000000e+00
0.05697 0.000000e+00
0.05746 0.000000e+00
0.05796 0.000000e+00
0.05846 0.000000e+00
0.05896 0.000000e+00
0.05945 0.000000e+00
0.05995 0.000000e+00
0.06045 0.000000e+00
0.06095 0.000000e+00
0.06144 0.000000e+00
0.06194 0.000000e+00
0.06244 0.000000e+00
0.06294 0.000000e+00
0.06343 0.000000e+00
0.06393 0.000000e+00
0.06443 0.000000e+00
0.06493 0.000000e+00
0.06542 0.000000e+00
0.06592 0.000000e+00
0.06642 0.000000e+00
0.06692 0.000000e+00
0.06741 0.000000e+00
0.06791 0.000000e+00
0.06841 0.000000e+00
0.06891 0.000000e+00
0.0694 0.000000e+00
0.0699 0.000000e+00
0.0704 0.000000e+00
0.0709 0.000000e+00
0.07139 0.000000e+00
0.07189 0.000000e+00
0.07239 0.000000e+00
0.07289 0.000000e+00
0.07338 0.000000e+00
0.07388 0.000000e+00
0.07438 0.000000e+00
0.07488 0.000000e+00
0.07537 0.000000e+00
0.07587 0.000000e+00
0.07637 0.000000e+00
0.07687 0.000000e+00
0.07736 0.000000e+00
0.07786 0.000000e+00
0.07836 0.000000e+00
0.07886 0.000000e+00
0.07935 0.000000e+00
0.07985 0.000000e+00
0.08035 0.000000e+00
0.08085 0.000000e+00
0.08134 0.000000e+00
0.08184 0.000000e+00
0.08234 0.000000e+00
0.08284 0.000000e+00
0.08333 0.000000e+00
0.08383 0.000000e+00
0.08433 0.000000e+00
0.08483 0.000000e+00
0.08532 0.000000e+00
0.08582 0.000000e+00
0.08632 0.000000e+00
0.08682 0.000000e+00
0.08731 0.000000e+00
0.08781 0.000000e+00
0.08831 0.000000e+00
0.08881 0.000000e+00
0.0893 0.000000e+00
0.0898 0.000000e+00
0.0903 0.000000e+00
0.0908 0.000000e+00
0.09129 0.000000e+00
0.09179 0.000000e+00
0.09229 0.000000e+00
0.09279 0.000000e+00
0.09328 0.000000e+00
0.09378 0.000000e+00
0.09428 0.000000e+00
0.09478 0.000000e+00
0.09527 0.000000e+00
0.09577 0.000000e+00
0.09627 0.000000e+00
0.09677 0.000000e+00
0.09726 0.000000e+00
0.09776 0.000000e+00
0.09826 0.000000e+00
0.09876 0.000000e+00
0.09925 0.000000e+00
0.09975 0.000000e+00
