0.0007488 6.447176e-01
0.001246 6.022450e-01
0.001744 5.631585e-01
0.002241 5.289646e-01
0.002739 4.998311e-01
0.003236 4.750473e-01
0.003734 4.541952e-01
0.004231 4.372361e-01
0.004729 4.241416e-01
0.005226 4.046643e-01
0.005724 3.154716e-01
0.006221 2.331703e-01
0.006719 1.684734e-01
0.007216 1.193106e-01
0.007714 8.303950e-02
0.008211 5.688902e-02
0.008709 3.837325e-02
0.009206 2.548804e-02
0.009704 1.669232e-02
0.0102 1.080993e-02
0.0107 7.021062e-03
0.0112 4.520175e-03
0.01169 2.923532e-03
0.01219 1.906259e-03
0.01269 1.259011e-03
0.01319 8.486919e-04
0.01368 5.870005e-04
0.01418 4.184040e-04
0.01468 3.081530e-04
0.01518 2.317396e-04
0.01567 1.741576e-04
0.01617 1.323091e-04
0.01667 1.040846e-04
0.01717 8.404710e-05
0.01766 6.815645e-05
0.01816 5.479157e-05
0.01866 4.316952e-05
0.01916 3.360630e-05
0.01965 2.726695e-05
0.02015 2.329531e-05
0.02065 1.946623e-05
0.02115 1.524982e-05
0.02164 1.139471e-05
0.02214 8.704292e-06
0.02264 7.460484e-06
0.02314 6.779527e-06
0.02363 5.611571e-06
0.02413 4.022079e-06
0.02463 2.865901e-06
0.02513 2.300345e-06
0.02562 2.023814e-06
0.02612 1.603340e-06
0.02662 1.219260e-06
0.02712 1.031310e-06
0.02761 9.442420e-07
0.02811 9.112220e-07
0.02861 8.841390e-07
0.02911 8.344100e-07
0.0296 7.905370e-07
0.0301 7.473500e-07
0.0306 6.996230e-07
0.0311 6.722710e-07
0.03159 6.243040e-07
0.03209 4.942330e-07
0.03259 3.189220e-07
0.03309 2.154460e-07
0.03358 1.564240e-07
0.03408 1.007900e-07
0.03458 4.367250e-08
0.03508 2.653460e-08
0.03557 8.992070e-09
0.03607 1.714650e-10
0.03657 1.669790e-45
0.03707 1.268060e-45
0.03756 1.099020e-45
0.03806 9.622020e-46
0.03856 7.684500e-46
0.03906 5.944690e-46
0.03955 4.375040e-46
0.04005 2.963740e-46
0.04055 1.787990e-46
0.04105 1.492850e-46
0.04154 1.502370e-46
0.04204 1.197740e-46
0.04254 1.022320e-46
0.04304 8.860590e-47
0.04353 6.229250e-47
0.04403 0.000000e+00
0.04453 0.000000e+00
0.04503 0.000000e+00
0.04552 0.000000e+00
0.04602 0.000000e+00
0.04652 0.000000e+00
0.04702 0.000000e+00
0.04751 0.000000e+00
0.04801 0.000000e+00
0.04851 0.000000e+00
0.04901 0.000000e+00
0.0495 0.000000e+00
0.05 0.000000e+00
0.0505 0.000000e+00
0.051 0.000000e+00
0.05149 0.000000e+00
0.05199 0.000000e+00
0.05249 0.000000e+00
0.05299 0.000000e+00
0.05348 0.000000e+00
0.05398 0.000000e+00
0.05448 0.000000e+00
0.05498 0.000000e+00
0.05547 0.000000e+00
0.05597 0.000000e+00
0.05647 0.000000e+00
0.05697 0.000000e+00
0.05746 0.000000e+00
0.05796 0.000000e+00
0.05846 0.000000e+00
0.05896 0.000000e+00
0.05945 0.000000e+00
0.05995 0.000000e+00
0.06045 0.000000e+00
0.06095 0.000000e+00
0.06144 0.000000e+00
0.06194 0.000000e+00
0.06244 0.000000e+00
0.06294 0.000000e+00
0.06343 0.000000e+00
0.06393 0.000000e+00
0.06443 0.000000e+00
0.06493 0.000000e+00
0.06542 0.000000e+00
0.06592 0.000000e+00
0.06642 0.000000e+00
0.06692 0.000000e+00
0.06741 0.000000e+00
0.06791 0.000000e+00
0.06841 0.000000e+00
0.06891 0.000000e+00
0.0694 0.000000e+00
0.0699 0.000000e+00
0.0704 0.000000e+00
0.0709 0.000000e+00
0.07139 0.000000e+00
0.07189 0.000000e+00
0.07239 0.000000e+00
0.07289 0.000000e+00
0.07338 0.000000e+00
0.07388 0.000000e+00
0.07438 0.000000e+00
0.07488 0.000000e+00
0.07537 0.000000e+00
0.07587 0.000000e+00
0.07637 0.000000e+00
0.07687 0.000000e+00
0.07736 0.000000e+00
0.07786 0.000000e+00
0.07836 0.000000e+00
0.07886 0.000000e+00
0.07935 0.000000e+00
0.07985 0.000000e+00
0.08035 0.000000e+00
0.08085 0.000000e+00
0.08134 0.000000e+00
0.08184 0.000000e+00
0.08234 0.000000e+00
0.08284 0.000000e+00
0.08333 0.000000e+00
0.08383 0.000000e+00
0.08433 0.000000e+00
0.08483 0.000000e+00
0.08532 0.000000e+00
0.08582 0.000000e+00
0.08632 0.000000e+00
0.08682 0.000000e+00
0.08731 0.000000e+00
0.08781 0.000000e+00
0.08831 0.000000e+00
0.08881 0.000000e+00
0.0893 0.000000e+00
0.0898 0.000000e+00
0.0903 0.000000e+00
0.0908 0.000000e+00
0.09129 0.000000e+00
0.09179 0.000000e+00
0.09229 0.000000e+00
0.09279 0.000000e+00
0.09328 0.000000e+00
0.09378 0.000000e+00
0.09428 0.000000e+00
0.09478 0.000000e+00
0.09527 0.000000e+00
0.09577 0.000000e+00
0.09627 0.000000e+00
0.09677 0.000000e+00
0.09726 0.000000e+00
0.09776 0.000000e+00
0.09826 0.000000e+00
0.09876 0.000000e+00
0.09925 0.000000e+00
0.09975 0.000000e+00
