0.0007488 1.241821e-03
0.001246 1.170442e-03
0.001744 1.103725e-03
0.002241 1.044481e-03
0.002739 9.914270e-04
0.003236 9.472157e-04
0.003734 9.120754e-04
0.004231 8.871742e-04
0.004729 8.708963e-04
0.005226 8.046413e-04
0.005724 3.909949e-04
0.006221 2.106021e-04
0.006719 1.488114e-04
0.007216 1.191118e-04
0.007714 1.000630e-04
0.008211 8.562008e-05
0.008709 7.390080e-05
0.009206 6.377380e-05
0.009704 5.470210e-05
0.0102 4.625990e-05
0.0107 3.859460e-05
0.0112 3.231060e-05
0.01169 2.748100e-05
0.01219 2.308010e-05
0.01269 1.912080e-05
0.01319 1.565620e-05
0.01368 1.268090e-05
0.01418 1.048830e-05
0.01468 8.954850e-06
0.01518 7.651640e-06
0.01567 6.046340e-06
0.01617 4.628000e-06
0.01667 3.741640e-06
0.01717 3.170980e-06
0.01766 2.625210e-06
0.01816 2.092780e-06
0.01866 1.615770e-06
0.01916 1.211730e-06
0.01965 9.732770e-07
0.02015 8.380780e-07
0.02065 6.961080e-07
0.02115 5.210020e-07
0.02164 3.623400e-07
0.02214 2.605050e-07
0.02264 2.148440e-07
0.02314 2.009020e-07
0.02363 1.539790e-07
0.02413 7.172670e-08
0.02463 3.877430e-08
0.02513 2.318180e-08
0.02562 1.943370e-08
0.02612 6.686060e-09
0.02662 8.195880e-10
0.02712 1.059100e-14
0.02761 9.852740e-15
0.02811 9.530410e-15
0.02861 9.414870e-15
0.02911 8.763330e-15
0.0296 8.356820e-15
0.0301 7.919460e-15
0.0306 7.375070e-15
0.0311 7.246700e-15
0.03159 6.792230e-15
0.03209 5.393020e-15
0.03259 2.765150e-15
0.03309 1.818750e-15
0.03358 1.334180e-15
0.03408 8.237440e-16
0.03458 2.348750e-16
0.03508 1.457660e-16
0.03557 3.440480e-17
0.03607 1.727700e-22
0.03657 1.273560e-29
0.03707 7.348660e-30
0.03756 1.042100e-29
0.03806 1.054450e-29
0.03856 9.413590e-30
0.03906 7.317750e-30
0.03955 2.929180e-30
0.04005 1.766980e-30
0.04055 5.223280e-31
0.04105 3.955540e-31
0.04154 4.371220e-31
0.04204 4.002750e-31
0.04254 4.676130e-31
0.04304 3.941050e-31
0.04353 2.968820e-31
0.04403 0.000000e+00
0.04453 0.000000e+00
0.04503 0.000000e+00
0.04552 0.000000e+00
0.04602 0.000000e+00
0.04652 0.000000e+00
0.04702 0.000000e+00
0.04751 0.000000e+00
0.04801 0.000000e+00
0.04851 0.000000e+00
0.04901 0.000000e+00
0.0495 0.000000e+00
0.05 0.000000e+00
0.0505 0.000000e+00
0.051 0.000000e+00
0.05149 0.000000e+00
0.05199 0.000000e+00
0.05249 0.000000e+00
0.05299 0.000000e+00
0.05348 0.000000e+00
0.05398 0.000000e+00
0.05448 0.000000e+00
0.05498 0.000000e+00
0.05547 0.000000e+00
0.05597 0.000000e+00
0.05647 0.000000e+00
0.05697 0.000000e+00
0.05746 0.000000e+00
0.05796 0.000000e+00
0.05846 0.000000e+00
0.05896 0.000000e+00
0.05945 0.000000e+00
0.05995 0.000000e+00
0.06045 0.000000e+00
0.06095 0.000000e+00
0.06144 0.000000e+00
0.06194 0.000000e+00
0.06244 0.000000e+00
0.06294 0.000000e+00
0.06343 0.000000e+00
0.06393 0.000000e+00
0.06443 0.000000e+00
0.06493 0.000000e+00
0.06542 0.000000e+00
0.06592 0.000000e+00
0.06642 0.000000e+00
0.06692 0.000000e+00
0.06741 0.000000e+00
0.06791 0.000000e+00
0.06841 0.000000e+00
0.06891 0.000000e+00
0.0694 0.000000e+00
0.0699 0.000000e+00
0.0704 0.000000e+00
0.0709 0.000000e+00
0.07139 0.000000e+00
0.07189 0.000000e+00
0.07239 0.000000e+00
0.07289 0.000000e+00
0.07338 0.000000e+00
0.07388 0.000000e+00
0.07438 0.000000e+00
0.07488 0.000000e+00
0.07537 0.000000e+00
0.07587 0.000000e+00
0.07637 0.000000e+00
0.07687 0.000000e+00
0.07736 0.000000e+00
0.07786 0.000000e+00
0.07836 0.000000e+00
0.07886 0.000000e+00
0.07935 0.000000e+00
0.07985 0.000000e+00
0.08035 0.000000e+00
0.08085 0.000000e+00
0.08134 0.000000e+00
0.08184 0.000000e+00
0.08234 0.000000e+00
0.08284 0.000000e+00
0.08333 0.000000e+00
0.08383 0.000000e+00
0.08433 0.000000e+00
0.08483 0.000000e+00
0.08532 0.000000e+00
0.08582 0.000000e+00
0.08632 0.000000e+00
0.08682 0.000000e+00
0.08731 0.000000e+00
0.08781 0.000000e+00
0.08831 0.000000e+00
0.08881 0.000000e+00
0.0893 0.000000e+00
0.0898 0.000000e+00
0.0903 0.000000e+00
0.0908 0.000000e+00
0.09129 0.000000e+00
0.09179 0.000000e+00
0.09229 0.000000e+00
0.09279 0.000000e+00
0.09328 0.000000e+00
0.09378 0.000000e+00
0.09428 0.000000e+00
0.09478 0.000000e+00
0.09527 0.000000e+00
0.09577 0.000000e+00
0.09627 0.000000e+00
0.09677 0.000000e+00
0.09726 0.000000e+00
0.09776 0.000000e+00
0.09826 0.000000e+00
0.09876 0.000000e+00
0.09925 0.000000e+00
0.09975 0.000000e+00
