       0	        0	        0	        0	        0	        0	        0	 
   5e-05	  1068.66	  22826.9	  22826.9	  29632.2	  7416.03	  7416.03	 
  0.0001	   195425	 2.69779e+06	 2.69779e+06	 4.48851e+06	 1.14943e+06	 1.14943e+06	 
 0.00015	 4.59268e+06	 5.19099e+07	 5.19099e+07	 8.54917e+07	 2.257e+07	 2.257e+07	 
  0.0002	 3.92022e+07	 3.84554e+08	 3.84554e+08	 6.07623e+08	 1.65517e+08	 1.65517e+08	 
 0.00025	 1.8248e+08	 1.47454e+09	 1.47454e+09	 2.28799e+09	 6.50366e+08	 6.50366e+08	 
  0.0003	 5.11812e+08	 3.51777e+09	 3.51777e+09	 5.40686e+09	 1.59959e+09	 1.59959e+09	 
 0.00035	 9.1595e+08	 5.88632e+09	 5.88632e+09	 9.04962e+09	 2.72341e+09	 2.72341e+09	 
  0.0004	 1.38436e+09	 8.53385e+09	 8.53385e+09	 1.31178e+10	 3.99176e+09	 3.99176e+09	 
 0.00045	 1.92104e+09	 1.14788e+10	 1.14788e+10	 1.75844e+10	 5.40176e+09	 5.40176e+09	 
  0.0005	 2.55038e+09	 1.46432e+10	 1.46432e+10	 2.22928e+10	 6.93753e+09	 6.93753e+09	 
 0.00055	 3.25344e+09	 1.78202e+10	 1.78202e+10	 2.68915e+10	 8.50627e+09	 8.50627e+09	 
  0.0006	 3.94566e+09	 2.07062e+10	 2.07062e+10	 3.09691e+10	 9.95081e+09	 9.95081e+09	 
 0.00065	 4.60005e+09	 2.31786e+10	 2.31786e+10	 3.43727e+10	 1.12161e+10	 1.12161e+10	 
  0.0007	 5.18672e+09	 2.51921e+10	 2.51921e+10	 3.7025e+10	 1.22618e+10	 1.22618e+10	 
 0.00075	 5.6906e+09	 2.67001e+10	 2.67001e+10	 3.88663e+10	 1.30629e+10	 1.30629e+10	 
  0.0008	 6.09787e+09	 2.77449e+10	 2.77449e+10	 4.00047e+10	 1.36326e+10	 1.36326e+10	 
 0.00085	 6.4046e+09	 2.83276e+10	 2.83276e+10	 4.04265e+10	 1.39649e+10	 1.39649e+10	 
  0.0009	 6.61406e+09	 2.85007e+10	 2.85007e+10	 4.03106e+10	 1.41021e+10	 1.41021e+10	 
 0.00095	 6.73601e+09	 2.8346e+10	 2.8346e+10	 3.96812e+10	 1.40571e+10	 1.40571e+10	 
   0.001	 6.75968e+09	 2.7861e+10	 2.7861e+10	 3.86067e+10	 1.38367e+10	 1.38367e+10	 
 0.00105	 6.72997e+09	 2.72251e+10	 2.72251e+10	 3.73525e+10	 1.35349e+10	 1.35349e+10	 
  0.0011	 6.6381e+09	 2.64646e+10	 2.64646e+10	 3.59248e+10	 1.31462e+10	 1.31462e+10	 
 0.00115	 6.50491e+09	 2.55837e+10	 2.55837e+10	 3.43471e+10	 1.2692e+10	 1.2692e+10	 
  0.0012	 6.33138e+09	 2.45807e+10	 2.45807e+10	 3.26236e+10	 1.2174e+10	 1.2174e+10	 
 0.00125	 6.12712e+09	 2.35146e+10	 2.35146e+10	 3.08359e+10	 1.16179e+10	 1.16179e+10	 
  0.0013	 5.90027e+09	 2.24072e+10	 2.24072e+10	 2.90245e+10	 1.10389e+10	 1.10389e+10	 
 0.00135	 5.65873e+09	 2.12805e+10	 2.12805e+10	 2.72149e+10	 1.04489e+10	 1.04489e+10	 
  0.0014	 5.41154e+09	 2.01566e+10	 2.01566e+10	 2.54388e+10	 9.86199e+09	 9.86199e+09	 
 0.00145	 5.15344e+09	 1.90481e+10	 1.90481e+10	 2.3716e+10	 9.27841e+09	 9.27841e+09	 
  0.0015	 4.89474e+09	 1.79642e+10	 1.79642e+10	 2.20553e+10	 8.70817e+09	 8.70817e+09	 
 0.00155	 4.63468e+09	 1.69026e+10	 1.69026e+10	 2.0455e+10	 8.15026e+09	 8.15026e+09	 
  0.0016	 4.37556e+09	 1.58623e+10	 1.58623e+10	 1.89127e+10	 7.60601e+09	 7.60601e+09	 
 0.00165	 4.1219e+09	 1.48683e+10	 1.48683e+10	 1.7465e+10	 7.08699e+09	 7.08699e+09	 
  0.0017	 3.87462e+09	 1.39138e+10	 1.39138e+10	 1.60976e+10	 6.59081e+09	 6.59081e+09	 
 0.00175	 3.63663e+09	 1.30121e+10	 1.30121e+10	 1.48273e+10	 6.12341e+09	 6.12341e+09	 
  0.0018	 3.40503e+09	 1.21431e+10	 1.21431e+10	 1.36322e+10	 5.67771e+09	 5.67771e+09	 
 0.00185	 3.18352e+09	 1.13207e+10	 1.13207e+10	 1.25203e+10	 5.25833e+09	 5.25833e+09	 
  0.0019	 2.96835e+09	 1.05264e+10	 1.05264e+10	 1.14727e+10	 4.85819e+09	 4.85819e+09	 
 0.00195	 2.76525e+09	 9.78255e+09	 9.78255e+09	 1.05092e+10	 4.48611e+09	 4.48611e+09	 
   0.002	 2.5742e+09	 9.08781e+09	 9.08781e+09	 9.6265e+09	 4.14136e+09	 4.14136e+09	 
 0.00205	 2.39285e+09	 8.429e+09	 8.429e+09	 8.80605e+09	 3.81799e+09	 3.81799e+09	 
  0.0021	 2.22202e+09	 7.80921e+09	 7.80921e+09	 8.04987e+09	 3.51708e+09	 3.51708e+09	 
 0.00215	 2.05731e+09	 7.21474e+09	 7.21474e+09	 7.33302e+09	 3.22968e+09	 3.22968e+09	 
  0.0022	 1.90682e+09	 6.6776e+09	 6.6776e+09	 6.69724e+09	 2.97135e+09	 2.97135e+09	 
 0.00225	 1.76392e+09	 6.17243e+09	 6.17243e+09	 6.11e+09	 2.7297e+09	 2.7297e+09	 
  0.0023	 1.62901e+09	 5.69778e+09	 5.69778e+09	 5.56893e+09	 2.50454e+09	 2.50454e+09	 
 0.00235	 1.50149e+09	 5.24988e+09	 5.24988e+09	 5.06855e+09	 2.29416e+09	 2.29416e+09	 
  0.0024	 1.38186e+09	 4.82927e+09	 4.82927e+09	 4.60929e+09	 2.09906e+09	 2.09906e+09	 
 0.00245	 1.27116e+09	 4.43953e+09	 4.43953e+09	 4.19501e+09	 1.9209e+09	 1.9209e+09	 
  0.0025	 1.1673e+09	 4.07404e+09	 4.07404e+09	 3.81231e+09	 1.75507e+09	 1.75507e+09	 
 0.00255	 1.07147e+09	 3.73773e+09	 3.73773e+09	 3.46382e+09	 1.6031e+09	 1.6031e+09	 
  0.0026	 9.81072e+08	 3.42053e+09	 3.42053e+09	 3.1383e+09	 1.46045e+09	 1.46045e+09	 
 0.00265	 8.98243e+08	 3.13013e+09	 3.13013e+09	 2.8444e+09	 1.33072e+09	 1.33072e+09	 
  0.0027	 8.22191e+08	 2.86337e+09	 2.86337e+09	 2.57982e+09	 1.21277e+09	 1.21277e+09	 
 0.00275	 7.51209e+08	 2.61429e+09	 2.61429e+09	 2.33726e+09	 1.10366e+09	 1.10366e+09	 
  0.0028	 6.8551e+08	 2.38341e+09	 2.38341e+09	 2.11782e+09	 1.0038e+09	 1.0038e+09	 
 0.00285	 6.24067e+08	 2.16764e+09	 2.16764e+09	 1.91478e+09	 9.10889e+08	 9.10889e+08	 
  0.0029	 5.67194e+08	 1.96818e+09	 1.96818e+09	 1.72897e+09	 8.25363e+08	 8.25363e+08	 
 0.00295	 5.15481e+08	 1.78732e+09	 1.78732e+09	 1.56169e+09	 7.4797e+08	 7.4797e+08	 
   0.003	 4.68432e+08	 1.62299e+09	 1.62299e+09	 1.41116e+09	 6.77926e+08	 6.77926e+08	 
 0.00305	 4.24855e+08	 1.47089e+09	 1.47089e+09	 1.27281e+09	 6.13286e+08	 6.13286e+08	 
  0.0031	 3.84798e+08	 1.33124e+09	 1.33124e+09	 1.14635e+09	 5.54029e+08	 5.54029e+08	 
 0.00315	 3.49086e+08	 1.20662e+09	 1.20662e+09	 1.03537e+09	 5.01592e+08	 5.01592e+08	 
  0.0032	 3.15798e+08	 1.09047e+09	 1.09047e+09	 9.32663e+08	 4.52878e+08	 4.52878e+08	 
 0.00325	 2.86044e+08	 9.86755e+08	 9.86755e+08	 8.41904e+08	 4.09567e+08	 4.09567e+08	 
  0.0033	 2.57934e+08	 8.88858e+08	 8.88858e+08	 7.56432e+08	 3.6871e+08	 3.6871e+08	 
 0.00335	 2.3219e+08	 7.99282e+08	 7.99282e+08	 6.78472e+08	 3.31362e+08	 3.31362e+08	 
  0.0034	 2.09345e+08	 7.19866e+08	 7.19866e+08	 6.09882e+08	 2.98352e+08	 2.98352e+08	 
 0.00345	 1.8863e+08	 6.47925e+08	 6.47925e+08	 5.48002e+08	 2.6849e+08	 2.6849e+08	 
  0.0035	 1.70329e+08	 5.84475e+08	 5.84475e+08	 4.93639e+08	 2.42174e+08	 2.42174e+08	 
 0.00355	 1.53478e+08	 5.26116e+08	 5.26116e+08	 4.43758e+08	 2.17984e+08	 2.17984e+08	 
  0.0036	 1.37951e+08	 4.72385e+08	 4.72385e+08	 3.97985e+08	 1.95736e+08	 1.95736e+08	 
 0.00365	 1.23575e+08	 4.22658e+08	 4.22658e+08	 3.55823e+08	 1.75185e+08	 1.75185e+08	 
  0.0037	 1.1096e+08	 3.79076e+08	 3.79076e+08	 3.1905e+08	 1.57202e+08	 1.57202e+08	 
 0.00375	 9.93409e+07	 3.38971e+08	 3.38971e+08	 2.85251e+08	 1.40654e+08	 1.40654e+08	 
  0.0038	 8.91644e+07	 3.03916e+08	 3.03916e+08	 2.55669e+08	 1.26165e+08	 1.26165e+08	 
 0.00385	 8.01041e+07	 2.7275e+08	 2.7275e+08	 2.29387e+08	 1.13278e+08	 1.13278e+08	 
  0.0039	 7.19628e+07	 2.44778e+08	 2.44778e+08	 2.05842e+08	 1.01713e+08	 1.01713e+08	 
 0.00395	 6.42235e+07	 2.18187e+08	 2.18187e+08	 1.83566e+08	 9.07437e+07	 9.07437e+07	 
   0.004	 5.74019e+07	 1.94775e+08	 1.94775e+08	 1.63985e+08	 8.10867e+07	 8.10867e+07	 
 0.00405	 5.13028e+07	 1.73876e+08	 1.73876e+08	 1.46469e+08	 7.24506e+07	 7.24506e+07	 
  0.0041	 4.57171e+07	 1.5474e+08	 1.5474e+08	 1.30506e+08	 6.45588e+07	 6.45588e+07	 
 0.00415	 4.0895e+07	 1.38257e+08	 1.38257e+08	 1.16699e+08	 5.77402e+07	 5.77402e+07	 
  0.0042	 3.6649e+07	 1.23777e+08	 1.23777e+08	 1.04513e+08	 5.17297e+07	 5.17297e+07	 
 0.00425	 3.27221e+07	 1.10399e+08	 1.10399e+08	 9.32453e+07	 4.61716e+07	 4.61716e+07	 
  0.0043	 2.91687e+07	 9.82962e+07	 9.82962e+07	 8.30943e+07	 4.1152e+07	 4.1152e+07	 
 0.00435	 2.59542e+07	 8.73541e+07	 8.73541e+07	 7.39426e+07	 3.66182e+07	 3.66182e+07	 
  0.0044	 2.3111e+07	 7.76901e+07	 7.76901e+07	 6.58472e+07	 3.26078e+07	 3.26078e+07	 
 0.00445	 2.05635e+07	 6.90342e+07	 6.90342e+07	 5.86254e+07	 2.90216e+07	 2.90216e+07	 
  0.0045	 1.82882e+07	 6.1324e+07	 6.1324e+07	 5.21455e+07	 2.5812e+07	 2.5812e+07	 
 0.00455	 1.63474e+07	 5.47653e+07	 5.47653e+07	 4.65835e+07	 2.30664e+07	 2.30664e+07	 
  0.0046	 1.45581e+07	 4.8719e+07	 4.8719e+07	 4.14768e+07	 2.054e+07	 2.054e+07	 
 0.00465	 1.29453e+07	 4.32738e+07	 4.32738e+07	 3.68899e+07	 1.82662e+07	 1.82662e+07	 
  0.0047	 1.14948e+07	 3.83802e+07	 3.83802e+07	 3.27668e+07	 1.62218e+07	 1.62218e+07	 
 0.00475	 1.02213e+07	 3.40863e+07	 3.40863e+07	 2.91585e+07	 1.44295e+07	 1.44295e+07	 
  0.0048	 9.02747e+06	 3.00654e+07	 3.00654e+07	 2.57674e+07	 1.27474e+07	 1.27474e+07	 
 0.00485	 8.03143e+06	 2.6719e+07	 2.6719e+07	 2.29247e+07	 1.1341e+07	 1.1341e+07	 
  0.0049	 7.16414e+06	 2.3812e+07	 2.3812e+07	 2.04505e+07	 1.01166e+07	 1.01166e+07	 
 0.00495	 6.35651e+06	 2.11068e+07	 2.11068e+07	 1.81427e+07	 8.97562e+06	 8.97562e+06	 
   0.005	 5.63471e+06	 1.86897e+07	 1.86897e+07	 1.60925e+07	 7.95863e+06	 7.95863e+06	 
 0.00505	 5.01714e+06	 1.66238e+07	 1.66238e+07	 1.43095e+07	 7.0821e+06	 7.0821e+06	 
  0.0051	 4.42435e+06	 1.4641e+07	 1.4641e+07	 1.26346e+07	 6.24884e+06	 6.24884e+06	 
 0.00515	 3.9021e+06	 1.28971e+07	 1.28971e+07	 1.11546e+07	 5.51376e+06	 5.51376e+06	 
  0.0052	 3.47308e+06	 1.14675e+07	 1.14675e+07	 9.93562e+06	 4.90918e+06	 4.90918e+06	 
 0.00525	 3.07302e+06	 1.01383e+07	 1.01383e+07	 8.79905e+06	 4.34546e+06	 4.34546e+06	 
  0.0053	 2.73498e+06	 9.01484e+06	 9.01484e+06	 7.82083e+06	 3.86515e+06	 3.86515e+06	 
 0.00535	 2.42232e+06	 7.97598e+06	 7.97598e+06	 6.92789e+06	 3.42355e+06	 3.42355e+06	 
  0.0054	 2.14949e+06	 7.07054e+06	 7.07054e+06	 6.15277e+06	 3.0391e+06	 3.0391e+06	 
 0.00545	 1.88293e+06	 6.18585e+06	 6.18585e+06	 5.39624e+06	 2.66366e+06	 2.66366e+06	 
  0.0055	 1.66605e+06	 5.46776e+06	 5.46776e+06	 4.78666e+06	 2.35951e+06	 2.35951e+06	 
 0.00555	 1.47472e+06	 4.83504e+06	 4.83504e+06	 4.23493e+06	 2.08809e+06	 2.08809e+06	 
  0.0056	 1.30796e+06	 4.28471e+06	 4.28471e+06	 3.75926e+06	 1.85269e+06	 1.85269e+06	 
 0.00565	 1.1605e+06	 3.79834e+06	 3.79834e+06	 3.33733e+06	 1.64424e+06	 1.64424e+06	 
  0.0057	 1.02916e+06	 3.36539e+06	 3.36539e+06	 2.96171e+06	 1.45861e+06	 1.45861e+06	 
 0.00575	   905858	 2.95923e+06	 2.95923e+06	 2.6032e+06	 1.28304e+06	 1.28304e+06	 
  0.0058	   795221	 2.59472e+06	 2.59472e+06	 2.29025e+06	 1.12745e+06	 1.12745e+06	 
 0.00585	   702477	 2.28967e+06	 2.28967e+06	 2.02547e+06	   996471	   996471	 
  0.0059	   620691	 2.02115e+06	 2.02115e+06	 1.78461e+06	   879337	   879337	 
 0.00595	   551100	 1.79319e+06	 1.79319e+06	 1.58524e+06	   780907	   780907	 
   0.006	   486580	 1.58199e+06	 1.58199e+06	 1.40264e+06	   690146	   690146	 
 0.00605	   430691	 1.39921e+06	 1.39921e+06	 1.24218e+06	   611020	   611020	 
  0.0061	   378640	 1.22885e+06	 1.22885e+06	 1.08968e+06	   536647	   536647	 
 0.00615	   331791	 1.07571e+06	 1.07571e+06	   958811	   471127	   471127	 
  0.0062	   292553	   947511	   947511	   845023	   415323	   415323	 
 0.00625	   257927	   834617	   834617	   742312	   365567	   365567	 
  0.0063	   229110	   740874	   740874	   658378	   324502	   324502	 
 0.00635	   201545	   651310	   651310	   578945	   285411	   285411	 
  0.0064	   178251	   575590	   575590	   509490	   251859	   251859	 
 0.00645	   156323	   504306	   504306	   434522	   218144	   218144	 
  0.0065	   136884	   441180	   441180	   382199	   191398	   191398	 
 0.00655	   120194	   387005	   387005	   336049	   168161	   168161	 
  0.0066	   105937	   340850	   340850	   297260	   148453	   148453	 
 0.00665	  93451.7	   300517	   300517	   261752	   130851	   130851	 
  0.0067	  82233.2	   264304	   264304	   225282	   114022	   114022	 
 0.00675	  70616.1	   226970	   226970	   198559	  99047.6	  99047.6	 
  0.0068	  61911.6	   198792	   198792	   168093	  85507.1	  85507.1	 
 0.00685	  54353.6	   174352	   174352	   147749	  75107.8	  75107.8	 
  0.0069	  47615.1	   152597	   152597	   121131	  63951.8	  63951.8	 
 0.00695	  41931.3	   134303	   134303	   107491	  56499.9	  56499.9	 
   0.007	  36015.8	   115354	   115354	  94672.3	  49050.5	  49050.5	 
 0.00705	  31981.3	   102372	   102372	  84285.6	  43604.4	  43604.4	 
  0.0071	  27271.4	  87297.9	  87297.9	  74291.9	  37720.3	  37720.3	 
 0.00715	  23847.6	  76263.5	  76263.5	  65058.3	  33005.5	  33005.5	 
  0.0072	  20847.4	  66607.6	  66607.6	  57024.1	  28886.6	  28886.6	 
 0.00725	  17143.1	  54795.7	  54795.7	  49853.1	  24411.9	  24411.9	 
  0.0073	    15169	  48450.1	  48450.1	  44148.7	  21608.8	  21608.8	 
 0.00735	  13413.5	  42817.7	  42817.7	  38402.8	  18966.6	  18966.6	 
  0.0074	    11929	  38056.4	  38056.4	  29871.3	  15916.1	  15916.1	 
 0.00745	  10521.6	  33540.2	  33540.2	  26336.4	  14035.9	  14035.9	 
  0.0075	  9174.11	  29217.6	  29217.6	  22974.8	  12240.9	  12240.9	 
 0.00755	  8020.38	  25520.8	  25520.8	  19582.2	  10589.7	  10589.7	 
  0.0076	   7065.5	  22463.5	  22463.5	  14815.4	  8787.69	  8787.69	 
 0.00765	   6224.4	  19776.1	  19776.1	  13098.7	     7752	     7752	 
  0.0077	  5384.64	  17107.6	  17107.6	  7842.97	  5930.93	  5930.93	 
 0.00775	  4206.45	  13383.6	  13383.6	  6809.47	  4784.89	  4784.89	 
  0.0078	   3685.9	  11718.4	  11718.4	  5978.22	   4195.3	   4195.3	 
 0.00785	  3209.33	  10194.4	  10194.4	  4329.73	   3458.3	   3458.3	 
  0.0079	  2314.82	  7364.66	  7364.66	  2597.75	   2377.7	   2377.7	 
 0.00795	  2034.33	  6466.86	  6466.86	  998.457	  1804.14	  1804.14	 
   0.008	  1133.25	  3615.37	  3615.37	  356.459	  960.629	  960.629	 
 0.00805	  1018.28	  3247.04	  3247.04	  313.314	  861.622	  861.622	 
  0.0081	   904.59	  2882.92	  2882.92	  278.333	  765.423	  765.423	 
 0.00815	  790.884	  2518.77	  2518.77	  243.347	  669.211	  669.211	 
  0.0082	  501.313	  1598.97	  1598.97	  154.249	  424.188	  424.188	 
 0.00825	  311.479	  994.423	  994.423	  95.8389	  263.559	  263.559	 
  0.0083	  62.5418	  201.141	  201.141	  19.2435	  52.9201	  52.9201	 
 0.00835	  1.31863	  5.33337	  5.33337	  0.40573	  1.11577	  1.11577	 
  0.0084	 1.61399e-31	 0.984441	 0.984441	 1.61399e-31	 1.61399e-31	 1.61399e-31	 
 0.00845	 1.61399e-31	 0.868692	 0.868692	 1.61399e-31	 1.61399e-31	 1.61399e-31	 
  0.0085	 1.61399e-31	 0.766467	 0.766467	 1.61399e-31	 1.61399e-31	 1.61399e-31	 
 0.00855	 1.61399e-31	 0.676211	 0.676211	 1.61399e-31	 1.61399e-31	 1.61399e-31	 
  0.0086	 1.61399e-31	 0.596475	 0.596475	 1.61399e-31	 1.61399e-31	 1.61399e-31	 
 0.00865	 1.61399e-31	 0.526154	 0.526154	 1.61399e-31	 1.61399e-31	 1.61399e-31	 
  0.0087	 1.61399e-31	 0.464017	 0.464017	 1.61399e-31	 1.61399e-31	 1.61399e-31	 
 0.00875	 1.61399e-31	 0.409188	 0.409188	 1.61399e-31	 1.61399e-31	 1.61399e-31	 
  0.0088	 1.61399e-31	   0.3608	   0.3608	 1.61399e-31	 1.61399e-31	 1.61399e-31	 
 0.00885	 1.61399e-31	 0.318101	 0.318101	 1.61399e-31	 1.61399e-31	 1.61399e-31	 
  0.0089	 1.61399e-31	 0.280427	 0.280427	 1.61399e-31	 1.61399e-31	 1.61399e-31	 
 0.00895	 1.61399e-31	  0.24719	  0.24719	 1.61399e-31	 1.61399e-31	 1.61399e-31	 
   0.009	 1.61399e-31	 0.217869	 0.217869	 1.61399e-31	 1.61399e-31	 1.61399e-31	 
 0.00905	 1.61399e-31	  0.19201	  0.19201	 1.61399e-31	 1.61399e-31	 1.61399e-31	 
  0.0091	 1.61399e-31	 0.169201	 0.169201	 1.61399e-31	 1.61399e-31	 1.61399e-31	 
 0.00915	 1.61399e-31	 0.149086	 0.149086	 1.61399e-31	 1.61399e-31	 1.61399e-31	 
  0.0092	 1.61399e-31	 0.131351	 0.131351	 1.61399e-31	 1.61399e-31	 1.61399e-31	 
 0.00925	 1.61399e-31	 0.115714	 0.115714	 1.61399e-31	 1.61399e-31	 1.61399e-31	 
  0.0093	 1.61399e-31	  0.10193	  0.10193	 1.61399e-31	 1.61399e-31	 1.61399e-31	 
 0.00935	 1.61399e-31	 0.0897742	 0.0897742	 1.61399e-31	 1.61399e-31	 1.61399e-31	 
  0.0094	 1.61399e-31	 0.0790658	 0.0790658	 1.61399e-31	 1.61399e-31	 1.61399e-31	 
 0.00945	 1.61399e-31	 0.0696296	 0.0696296	 1.61399e-31	 1.61399e-31	 1.61399e-31	 
  0.0095	 1.61399e-31	 0.0613103	 0.0613103	 1.61399e-31	 1.61399e-31	 1.61399e-31	 
 0.00955	 1.61399e-31	 0.0539827	 0.0539827	 1.61399e-31	 1.61399e-31	 1.61399e-31	 
  0.0096	 1.61399e-31	 0.0475241	 0.0475241	 1.61399e-31	 1.61399e-31	 1.61399e-31	 
 0.00965	 1.61399e-31	 0.0418359	 0.0418359	 1.61399e-31	 1.61399e-31	 1.61399e-31	 
  0.0097	 1.61399e-31	 0.0368247	 0.0368247	 1.61399e-31	 1.61399e-31	 1.61399e-31	 
 0.00975	 1.61399e-31	 0.0324117	 0.0324117	 1.61399e-31	 1.61399e-31	 1.61399e-31	 
  0.0098	 1.61399e-31	 0.0285245	 0.0285245	 1.61399e-31	 1.61399e-31	 1.61399e-31	 
 0.00985	 1.61399e-31	 0.0251016	 0.0251016	 1.61399e-31	 1.61399e-31	 1.61399e-31	 
  0.0099	 1.61399e-31	 0.0220879	 0.0220879	 1.61399e-31	 1.61399e-31	 1.61399e-31	 
 0.00995	 1.61399e-31	 0.0194339	 0.0194339	 1.61399e-31	 1.61399e-31	 1.61399e-31	 
    0.01	 1.61399e-31	 0.0170979	 0.0170979	 1.61399e-31	 1.61399e-31	 1.61399e-31	 
 0.01005	 1.61399e-31	 0.0150408	 0.0150408	 1.61399e-31	 1.61399e-31	 1.61399e-31	 
  0.0101	 1.61399e-31	 0.0132307	 0.0132307	 1.61399e-31	 1.61399e-31	 1.61399e-31	 
 0.01015	 1.61399e-31	 0.0116375	 0.0116375	 1.61399e-31	 1.61399e-31	 1.61399e-31	 
  0.0102	 1.61399e-31	 0.0102351	 0.0102351	 1.61399e-31	 1.61399e-31	 1.61399e-31	 
 0.01025	 1.61399e-31	 0.00900096	 0.00900096	 1.61399e-31	 1.61399e-31	 1.61399e-31	 
  0.0103	 1.61399e-31	 0.0079151	 0.0079151	 1.61399e-31	 1.61399e-31	 1.61399e-31	 
 0.01035	 1.61399e-31	 0.00695945	 0.00695945	 1.61399e-31	 1.61399e-31	 1.61399e-31	 
  0.0104	 1.61399e-31	 0.00611901	 0.00611901	 1.61399e-31	 1.61399e-31	 1.61399e-31	 
 0.01045	 1.61399e-31	 0.00537974	 0.00537974	 1.61399e-31	 1.61399e-31	 1.61399e-31	 
  0.0105	 1.61399e-31	 0.00472927	 0.00472927	 1.61399e-31	 1.61399e-31	 1.61399e-31	 
 0.01055	 1.61399e-31	 0.00415719	 0.00415719	 1.61399e-31	 1.61399e-31	 1.61399e-31	 
  0.0106	 1.61399e-31	 0.00365403	 0.00365403	 1.61399e-31	 1.61399e-31	 1.61399e-31	 
 0.01065	 1.61399e-31	 0.00321152	 0.00321152	 1.61399e-31	 1.61399e-31	 1.61399e-31	 
  0.0107	 1.61399e-31	 0.0028224	 0.0028224	 1.61399e-31	 1.61399e-31	 1.61399e-31	 
 0.01075	 1.61399e-31	 0.00248026	 0.00248026	 1.61399e-31	 1.61399e-31	 1.61399e-31	 
  0.0108	 1.61399e-31	 0.00217944	 0.00217944	 1.61399e-31	 1.61399e-31	 1.61399e-31	 
 0.01085	 1.61399e-31	 0.00191499	 0.00191499	 1.61399e-31	 1.61399e-31	 1.61399e-31	 
  0.0109	 1.61399e-31	 0.00168249	 0.00168249	 1.61399e-31	 1.61399e-31	 1.61399e-31	 
 0.01095	 1.61399e-31	 0.00147814	 0.00147814	 1.61399e-31	 1.61399e-31	 1.61399e-31	 
   0.011	 1.61399e-31	 0.00129848	 0.00129848	 1.61399e-31	 1.61399e-31	 1.61399e-31	 
 0.01105	 1.61399e-31	 0.00114061	 0.00114061	 1.61399e-31	 1.61399e-31	 1.61399e-31	 
  0.0111	 1.61399e-31	 0.00100187	 0.00100187	 1.61399e-31	 1.61399e-31	 1.61399e-31	 
 0.01115	 1.61399e-31	 0.000879911	 0.000879911	 1.61399e-31	 1.61399e-31	 1.61399e-31	 
  0.0112	 1.61399e-31	 0.000772777	 0.000772777	 1.61399e-31	 1.61399e-31	 1.61399e-31	 
 0.01125	 1.61399e-31	 0.000678666	 0.000678666	 1.61399e-31	 1.61399e-31	 1.61399e-31	 
  0.0113	 1.61399e-31	 0.000595924	 0.000595924	 1.61399e-31	 1.61399e-31	 1.61399e-31	 
 0.01135	 1.61399e-31	 0.000523248	 0.000523248	 1.61399e-31	 1.61399e-31	 1.61399e-31	 
  0.0114	 1.61399e-31	 0.000459434	 0.000459434	 1.61399e-31	 1.61399e-31	 1.61399e-31	 
 0.01145	 1.61399e-31	 0.000403363	 0.000403363	 1.61399e-31	 1.61399e-31	 1.61399e-31	 
  0.0115	 1.61399e-31	 0.000354113	 0.000354113	 1.61399e-31	 1.61399e-31	 1.61399e-31	 
 0.01155	 1.61399e-31	 0.000310859	 0.000310859	 1.61399e-31	 1.61399e-31	 1.61399e-31	 
  0.0116	 1.61399e-31	 0.000272869	 0.000272869	 1.61399e-31	 1.61399e-31	 1.61399e-31	 
 0.01165	 1.61399e-31	 0.000239511	 0.000239511	 1.61399e-31	 1.61399e-31	 1.61399e-31	 
  0.0117	 1.61399e-31	 0.000210216	 0.000210216	 1.61399e-31	 1.61399e-31	 1.61399e-31	 
 0.01175	 1.61399e-31	 0.000184492	 0.000184492	 1.61399e-31	 1.61399e-31	 1.61399e-31	 
  0.0118	 1.61399e-31	 0.000161908	 0.000161908	 1.61399e-31	 1.61399e-31	 1.61399e-31	 
 0.01185	 1.61399e-31	 0.000142079	 0.000142079	 1.61399e-31	 1.61399e-31	 1.61399e-31	 
  0.0119	 1.61399e-31	 0.000124669	 0.000124669	 1.61399e-31	 1.61399e-31	 1.61399e-31	 
 0.01195	 1.61399e-31	 0.000109388	 0.000109388	 1.61399e-31	 1.61399e-31	 1.61399e-31	 
   0.012	 1.61399e-31	 9.59749e-05	 9.59749e-05	 1.61399e-31	 1.61399e-31	 1.61399e-31	 
 0.01205	 1.61399e-31	 8.42046e-05	 8.42046e-05	 1.61399e-31	 1.61399e-31	 1.61399e-31	 
  0.0121	 1.61399e-31	 7.38719e-05	 7.38719e-05	 1.61399e-31	 1.61399e-31	 1.61399e-31	 
 0.01215	 1.61399e-31	 6.48013e-05	 6.48013e-05	 1.61399e-31	 1.61399e-31	 1.61399e-31	 
  0.0122	 1.61399e-31	 5.68426e-05	 5.68426e-05	 1.61399e-31	 1.61399e-31	 1.61399e-31	 
 0.01225	 1.61399e-31	 4.98586e-05	 4.98586e-05	 1.61399e-31	 1.61399e-31	 1.61399e-31	 
  0.0123	 1.61399e-31	 4.37306e-05	 4.37306e-05	 1.61399e-31	 1.61399e-31	 1.61399e-31	 
 0.01235	 1.61399e-31	 3.83534e-05	 3.83534e-05	 1.61399e-31	 1.61399e-31	 1.61399e-31	 
  0.0124	 1.61399e-31	 3.36358e-05	 3.36358e-05	 1.61399e-31	 1.61399e-31	 1.61399e-31	 
 0.01245	 1.61399e-31	 2.94967e-05	 2.94967e-05	 1.61399e-31	 1.61399e-31	 1.61399e-31	 
  0.0125	 1.61399e-31	 2.58659e-05	 2.58659e-05	 1.61399e-31	 1.61399e-31	 1.61399e-31	 
 0.01255	 1.61399e-31	 2.26805e-05	 2.26805e-05	 1.61399e-31	 1.61399e-31	 1.61399e-31	 
  0.0126	 1.61399e-31	 1.98867e-05	 1.98867e-05	 1.61399e-31	 1.61399e-31	 1.61399e-31	 
 0.01265	 1.61399e-31	 1.74359e-05	 1.74359e-05	 1.61399e-31	 1.61399e-31	 1.61399e-31	 
  0.0127	 1.61399e-31	 1.52862e-05	 1.52862e-05	 1.61399e-31	 1.61399e-31	 1.61399e-31	 
 0.01275	 1.61399e-31	 1.3401e-05	 1.3401e-05	 1.61399e-31	 1.61399e-31	 1.61399e-31	 
  0.0128	 1.61399e-31	 1.17477e-05	 1.17477e-05	 1.61399e-31	 1.61399e-31	 1.61399e-31	 
 0.01285	 1.61399e-31	 1.02982e-05	 1.02982e-05	 1.61399e-31	 1.61399e-31	 1.61399e-31	 
  0.0129	 1.61399e-31	 9.0265e-06	 9.0265e-06	 1.61399e-31	 1.61399e-31	 1.61399e-31	 
 0.01295	 1.61399e-31	 7.91209e-06	 7.91209e-06	 1.61399e-31	 1.61399e-31	 1.61399e-31	 
   0.013	 1.61399e-31	 6.93441e-06	 6.93441e-06	 1.61399e-31	 1.61399e-31	 1.61399e-31	 
 0.01305	 1.61399e-31	 6.07744e-06	 6.07744e-06	 1.61399e-31	 1.61399e-31	 1.61399e-31	 
  0.0131	 1.61399e-31	 5.32615e-06	 5.32615e-06	 1.61399e-31	 1.61399e-31	 1.61399e-31	 
 0.01315	 1.61399e-31	 4.66752e-06	 4.66752e-06	 1.61399e-31	 1.61399e-31	 1.61399e-31	 
  0.0132	 1.61399e-31	 4.09012e-06	 4.09012e-06	 1.61399e-31	 1.61399e-31	 1.61399e-31	 
 0.01325	 1.61399e-31	 3.58396e-06	 3.58396e-06	 1.61399e-31	 1.61399e-31	 1.61399e-31	 
  0.0133	 1.61399e-31	 3.14029e-06	 3.14029e-06	 1.61399e-31	 1.61399e-31	 1.61399e-31	 
 0.01335	 1.61399e-31	 2.75143e-06	 2.75143e-06	 1.61399e-31	 1.61399e-31	 1.61399e-31	 
  0.0134	 1.61399e-31	 2.41064e-06	 2.41064e-06	 1.61399e-31	 1.61399e-31	 1.61399e-31	 
 0.01345	 1.61399e-31	 2.11193e-06	 2.11193e-06	 1.61399e-31	 1.61399e-31	 1.61399e-31	 
  0.0135	 1.61399e-31	 1.85013e-06	 1.85013e-06	 1.61399e-31	 1.61399e-31	 1.61399e-31	 
 0.01355	 1.61399e-31	 1.62073e-06	 1.62073e-06	 1.61399e-31	 1.61399e-31	 1.61399e-31	 
  0.0136	 1.61399e-31	 1.41974e-06	 1.41974e-06	 1.61399e-31	 1.61399e-31	 1.61399e-31	 
 0.01365	 1.61399e-31	 1.24359e-06	 1.24359e-06	 1.61399e-31	 1.61399e-31	 1.61399e-31	 
  0.0137	 1.61399e-31	 1.08927e-06	 1.08927e-06	 1.61399e-31	 1.61399e-31	 1.61399e-31	 
 0.01375	 1.61399e-31	 9.54038e-07	 9.54038e-07	 1.61399e-31	 1.61399e-31	 1.61399e-31	 
  0.0138	 1.61399e-31	 8.35585e-07	 8.35585e-07	 1.61399e-31	 1.61399e-31	 1.61399e-31	 
 0.01385	 1.61399e-31	 7.31756e-07	 7.31756e-07	 1.61399e-31	 1.61399e-31	 1.61399e-31	 
  0.0139	 1.61399e-31	 6.4085e-07	 6.4085e-07	 1.61399e-31	 1.61399e-31	 1.61399e-31	 
 0.01395	 1.61399e-31	 5.61214e-07	 5.61214e-07	 1.61399e-31	 1.61399e-31	 1.61399e-31	 
   0.014	 1.61399e-31	 4.91419e-07	 4.91419e-07	 1.61399e-31	 1.61399e-31	 1.61399e-31	 
 0.01405	 1.61399e-31	 4.30304e-07	 4.30304e-07	 1.61399e-31	 1.61399e-31	 1.61399e-31	 
  0.0141	 1.61399e-31	 3.76772e-07	 3.76772e-07	 1.61399e-31	 1.61399e-31	 1.61399e-31	 
 0.01415	 1.61399e-31	 3.29892e-07	 3.29892e-07	 1.61399e-31	 1.61399e-31	 1.61399e-31	 
  0.0142	 1.61399e-31	 2.88826e-07	 2.88826e-07	 1.61399e-31	 1.61399e-31	 1.61399e-31	 
 0.01425	 1.61399e-31	 2.52864e-07	 2.52864e-07	 1.61399e-31	 1.61399e-31	 1.61399e-31	 
  0.0143	 1.61399e-31	 2.21375e-07	 2.21375e-07	 1.61399e-31	 1.61399e-31	 1.61399e-31	 
 0.01435	 1.61399e-31	 1.93798e-07	 1.93798e-07	 1.61399e-31	 1.61399e-31	 1.61399e-31	 
  0.0144	 1.61399e-31	 1.69646e-07	 1.69646e-07	 1.61399e-31	 1.61399e-31	 1.61399e-31	 
 0.01445	 1.61399e-31	 1.485e-07	 1.485e-07	 1.61399e-31	 1.61399e-31	 1.61399e-31	 
  0.0145	 1.61399e-31	 1.29983e-07	 1.29983e-07	 1.61399e-31	 1.61399e-31	 1.61399e-31	 
 0.01455	 1.61399e-31	 1.13775e-07	 1.13775e-07	 1.61399e-31	 1.61399e-31	 1.61399e-31	 
  0.0146	 1.61399e-31	 9.9581e-08	 9.9581e-08	 1.61399e-31	 1.61399e-31	 1.61399e-31	 
 0.01465	 1.61399e-31	 8.71547e-08	 8.71547e-08	 1.61399e-31	 1.61399e-31	 1.61399e-31	 
  0.0147	 1.61399e-31	 7.6276e-08	 7.6276e-08	 1.61399e-31	 1.61399e-31	 1.61399e-31	 
 0.01475	 1.61399e-31	 6.67547e-08	 6.67547e-08	 1.61399e-31	 1.61399e-31	 1.61399e-31	 
  0.0148	 1.61399e-31	 5.84153e-08	 5.84153e-08	 1.61399e-31	 1.61399e-31	 1.61399e-31	 
 0.01485	 1.61399e-31	 5.11228e-08	 5.11228e-08	 1.61399e-31	 1.61399e-31	 1.61399e-31	 
  0.0149	 1.61399e-31	 4.47333e-08	 4.47333e-08	 1.61399e-31	 1.61399e-31	 1.61399e-31	 
 0.01495	 1.61399e-31	 3.91427e-08	 3.91427e-08	 1.61399e-31	 1.61399e-31	 1.61399e-31	 
   0.015	 1.61399e-31	 3.42493e-08	 3.42493e-08	 1.61399e-31	 1.61399e-31	 1.61399e-31	 
 0.01505	 1.61399e-31	 2.9967e-08	 2.9967e-08	 1.61399e-31	 1.61399e-31	 1.61399e-31	 
  0.0151	 1.61399e-31	 2.62185e-08	 2.62185e-08	 1.61399e-31	 1.61399e-31	 1.61399e-31	 
 0.01515	 1.61399e-31	 2.29389e-08	 2.29389e-08	 1.61399e-31	 1.61399e-31	 1.61399e-31	 
  0.0152	 1.61399e-31	 2.00685e-08	 2.00685e-08	 1.61399e-31	 1.61399e-31	 1.61399e-31	 
 0.01525	 1.61399e-31	 1.75567e-08	 1.75567e-08	 1.61399e-31	 1.61399e-31	 1.61399e-31	 
  0.0153	 1.61399e-31	 1.53584e-08	 1.53584e-08	 1.61399e-31	 1.61399e-31	 1.61399e-31	 
 0.01535	 1.61399e-31	 1.34351e-08	 1.34351e-08	 1.61399e-31	 1.61399e-31	 1.61399e-31	 
  0.0154	 1.61399e-31	 1.17522e-08	 1.17522e-08	 1.61399e-31	 1.61399e-31	 1.61399e-31	 
 0.01545	 1.61399e-31	 1.02802e-08	 1.02802e-08	 1.61399e-31	 1.61399e-31	 1.61399e-31	 
  0.0155	 1.61399e-31	 8.99144e-09	 8.99144e-09	 1.61399e-31	 1.61399e-31	 1.61399e-31	 
 0.01555	 1.61399e-31	 7.86451e-09	 7.86451e-09	 1.61399e-31	 1.61399e-31	 1.61399e-31	 
  0.0156	 1.61399e-31	 6.87881e-09	 6.87881e-09	 1.61399e-31	 1.61399e-31	 1.61399e-31	 
 0.01565	 1.61399e-31	 6.01583e-09	 6.01583e-09	 1.61399e-31	 1.61399e-31	 1.61399e-31	 
  0.0157	 1.61399e-31	 5.26154e-09	 5.26154e-09	 1.61399e-31	 1.61399e-31	 1.61399e-31	 
 0.01575	 1.61399e-31	 4.60125e-09	 4.60125e-09	 1.61399e-31	 1.61399e-31	 1.61399e-31	 
  0.0158	 1.61399e-31	 4.02386e-09	 4.02386e-09	 1.61399e-31	 1.61399e-31	 1.61399e-31	 
 0.01585	 1.61399e-31	 3.51879e-09	 3.51879e-09	 1.61399e-31	 1.61399e-31	 1.61399e-31	 
  0.0159	 1.61399e-31	 3.07698e-09	 3.07698e-09	 1.61399e-31	 1.61399e-31	 1.61399e-31	 
 0.01595	 1.61399e-31	 2.69062e-09	 2.69062e-09	 1.61399e-31	 1.61399e-31	 1.61399e-31	 
   0.016	 1.61399e-31	 2.35264e-09	 2.35264e-09	 1.61399e-31	 1.61399e-31	 1.61399e-31	 
 0.01605	 1.61399e-31	 2.05708e-09	 2.05708e-09	 1.61399e-31	 1.61399e-31	 1.61399e-31	 
  0.0161	 1.61399e-31	 1.79859e-09	 1.79859e-09	 1.61399e-31	 1.61399e-31	 1.61399e-31	 
 0.01615	 1.61399e-31	 1.57255e-09	 1.57255e-09	 1.61399e-31	 1.61399e-31	 1.61399e-31	 
  0.0162	 1.61399e-31	 1.37486e-09	 1.37486e-09	 1.61399e-31	 1.61399e-31	 1.61399e-31	 
 0.01625	 1.61399e-31	 1.20196e-09	 1.20196e-09	 1.61399e-31	 1.61399e-31	 1.61399e-31	 
  0.0163	 1.61399e-31	 1.0508e-09	 1.0508e-09	 1.61399e-31	 1.61399e-31	 1.61399e-31	 
 0.01635	 1.61399e-31	 9.18627e-10	 9.18627e-10	 1.61399e-31	 1.61399e-31	 1.61399e-31	 
  0.0164	 1.61399e-31	 8.03029e-10	 8.03029e-10	 1.61399e-31	 1.61399e-31	 1.61399e-31	 
 0.01645	 1.61399e-31	 7.02005e-10	 7.02005e-10	 1.61399e-31	 1.61399e-31	 1.61399e-31	 
  0.0165	 1.61399e-31	 6.13604e-10	 6.13604e-10	 1.61399e-31	 1.61399e-31	 1.61399e-31	 
 0.01655	 1.61399e-31	 5.36371e-10	 5.36371e-10	 1.61399e-31	 1.61399e-31	 1.61399e-31	 
  0.0166	 1.61399e-31	 4.68825e-10	 4.68825e-10	 1.61399e-31	 1.61399e-31	 1.61399e-31	 
 0.01665	 1.61399e-31	 4.09779e-10	 4.09779e-10	 1.61399e-31	 1.61399e-31	 1.61399e-31	 
  0.0167	 1.61399e-31	 3.58155e-10	 3.58155e-10	 1.61399e-31	 1.61399e-31	 1.61399e-31	 
 0.01675	 1.61399e-31	 3.13028e-10	 3.13028e-10	 1.61399e-31	 1.61399e-31	 1.61399e-31	 
  0.0168	 1.61399e-31	 2.73575e-10	 2.73575e-10	 1.61399e-31	 1.61399e-31	 1.61399e-31	 
 0.01685	 1.61399e-31	 2.39091e-10	 2.39091e-10	 1.61399e-31	 1.61399e-31	 1.61399e-31	 
  0.0169	 1.61399e-31	 2.08949e-10	 2.08949e-10	 1.61399e-31	 1.61399e-31	 1.61399e-31	 
 0.01695	 1.61399e-31	 1.82599e-10	 1.82599e-10	 1.61399e-31	 1.61399e-31	 1.61399e-31	 
   0.017	 1.61399e-31	 1.59569e-10	 1.59569e-10	 1.61399e-31	 1.61399e-31	 1.61399e-31	 
 0.01705	 1.61399e-31	 1.39439e-10	 1.39439e-10	 1.61399e-31	 1.61399e-31	 1.61399e-31	 
  0.0171	 1.61399e-31	 1.21844e-10	 1.21844e-10	 1.61399e-31	 1.61399e-31	 1.61399e-31	 
 0.01715	 1.61399e-31	 1.06468e-10	 1.06468e-10	 1.61399e-31	 1.61399e-31	 1.61399e-31	 
  0.0172	 1.61399e-31	 9.30297e-11	 9.30297e-11	 1.61399e-31	 1.61399e-31	 1.61399e-31	 
 0.01725	 1.61399e-31	 8.12846e-11	 8.12846e-11	 1.61399e-31	 1.61399e-31	 1.61399e-31	 
  0.0173	 1.61399e-31	 7.1022e-11	 7.1022e-11	 1.61399e-31	 1.61399e-31	 1.61399e-31	 
 0.01735	 1.61399e-31	 6.20515e-11	 6.20515e-11	 1.61399e-31	 1.61399e-31	 1.61399e-31	 
  0.0174	 1.61399e-31	 5.42131e-11	 5.42131e-11	 1.61399e-31	 1.61399e-31	 1.61399e-31	 
 0.01745	 1.61399e-31	 4.73638e-11	 4.73638e-11	 1.61399e-31	 1.61399e-31	 1.61399e-31	 
  0.0175	 1.61399e-31	 4.13791e-11	 4.13791e-11	 1.61399e-31	 1.61399e-31	 1.61399e-31	 
 0.01755	 1.61399e-31	 3.61491e-11	 3.61491e-11	 1.61399e-31	 1.61399e-31	 1.61399e-31	 
  0.0176	 1.61399e-31	 3.15792e-11	 3.15792e-11	 1.61399e-31	 1.61399e-31	 1.61399e-31	 
 0.01765	 1.61399e-31	 2.75869e-11	 2.75869e-11	 1.61399e-31	 1.61399e-31	 1.61399e-31	 
  0.0177	 1.61399e-31	 2.40984e-11	 2.40984e-11	 1.61399e-31	 1.61399e-31	 1.61399e-31	 
 0.01775	 1.61399e-31	 2.10502e-11	 2.10502e-11	 1.61399e-31	 1.61399e-31	 1.61399e-31	 
  0.0178	 1.61399e-31	 1.83876e-11	 1.83876e-11	 1.61399e-31	 1.61399e-31	 1.61399e-31	 
 0.01785	 1.61399e-31	 1.60611e-11	 1.60611e-11	 1.61399e-31	 1.61399e-31	 1.61399e-31	 
  0.0179	 1.61399e-31	 1.40286e-11	 1.40286e-11	 1.61399e-31	 1.61399e-31	 1.61399e-31	 
 0.01795	 1.61399e-31	 1.2253e-11	 1.2253e-11	 1.61399e-31	 1.61399e-31	 1.61399e-31	 
   0.018	 1.61399e-31	 1.07019e-11	 1.07019e-11	 1.61399e-31	 1.61399e-31	 1.61399e-31	 
 0.01805	 1.61399e-31	 9.34705e-12	 9.34705e-12	 1.61399e-31	 1.61399e-31	 1.61399e-31	 
  0.0181	 1.61399e-31	 8.16352e-12	 8.16352e-12	 1.61399e-31	 1.61399e-31	 1.61399e-31	 
 0.01815	 1.61399e-31	 7.12925e-12	 7.12925e-12	 1.61399e-31	 1.61399e-31	 1.61399e-31	 
  0.0182	 1.61399e-31	 6.22619e-12	 6.22619e-12	 1.61399e-31	 1.61399e-31	 1.61399e-31	 
 0.01825	 1.61399e-31	 5.43734e-12	 5.43734e-12	 1.61399e-31	 1.61399e-31	 1.61399e-31	 
  0.0183	 1.61399e-31	 4.7484e-12	 4.7484e-12	 1.61399e-31	 1.61399e-31	 1.61399e-31	 
 0.01835	 1.61399e-31	 4.14662e-12	 4.14662e-12	 1.61399e-31	 1.61399e-31	 1.61399e-31	 
  0.0184	 1.61399e-31	 3.62097e-12	 3.62097e-12	 1.61399e-31	 1.61399e-31	 1.61399e-31	 
 0.01845	 1.61399e-31	 3.16193e-12	 3.16193e-12	 1.61399e-31	 1.61399e-31	 1.61399e-31	 
  0.0185	 1.61399e-31	 2.76099e-12	 2.76099e-12	 1.61399e-31	 1.61399e-31	 1.61399e-31	 
 0.01855	 1.61399e-31	 2.41084e-12	 2.41084e-12	 1.61399e-31	 1.61399e-31	 1.61399e-31	 
  0.0186	 1.61399e-31	 2.10502e-12	 2.10502e-12	 1.61399e-31	 1.61399e-31	 1.61399e-31	 
 0.01865	 1.61399e-31	 1.83796e-12	 1.83796e-12	 1.61399e-31	 1.61399e-31	 1.61399e-31	 
  0.0187	 1.61399e-31	 1.60476e-12	 1.60476e-12	 1.61399e-31	 1.61399e-31	 1.61399e-31	 
 0.01875	 1.61399e-31	 1.40111e-12	 1.40111e-12	 1.61399e-31	 1.61399e-31	 1.61399e-31	 
  0.0188	 1.61399e-31	 1.2233e-12	 1.2233e-12	 1.61399e-31	 1.61399e-31	 1.61399e-31	 
 0.01885	 1.61399e-31	 1.06798e-12	 1.06798e-12	 1.61399e-31	 1.61399e-31	 1.61399e-31	 
  0.0189	 1.61399e-31	 9.32402e-13	 9.32402e-13	 1.61399e-31	 1.61399e-31	 1.61399e-31	 
 0.01895	 1.61399e-31	 8.13998e-13	 8.13998e-13	 1.61399e-31	 1.61399e-31	 1.61399e-31	 
   0.019	 1.61399e-31	 7.10621e-13	 7.10621e-13	 1.61399e-31	 1.61399e-31	 1.61399e-31	 
 0.01905	 1.61399e-31	 6.20366e-13	 6.20366e-13	 1.61399e-31	 1.61399e-31	 1.61399e-31	 
  0.0191	 1.61399e-31	 5.4153e-13	 5.4153e-13	 1.61399e-31	 1.61399e-31	 1.61399e-31	 
 0.01915	 1.61399e-31	 4.72737e-13	 4.72737e-13	 1.61399e-31	 1.61399e-31	 1.61399e-31	 
  0.0192	 1.61399e-31	 4.12664e-13	 4.12664e-13	 1.61399e-31	 1.61399e-31	 1.61399e-31	 
 0.01925	 1.61399e-31	 3.60214e-13	 3.60214e-13	 1.61399e-31	 1.61399e-31	 1.61399e-31	 
  0.0193	 1.61399e-31	 3.14425e-13	 3.14425e-13	 1.61399e-31	 1.61399e-31	 1.61399e-31	 
 0.01935	 1.61399e-31	 2.74451e-13	 2.74451e-13	 1.61399e-31	 1.61399e-31	 1.61399e-31	 
  0.0194	 1.61399e-31	 2.39551e-13	 2.39551e-13	 1.61399e-31	 1.61399e-31	 1.61399e-31	 
 0.01945	 1.61399e-31	 2.09089e-13	 2.09089e-13	 1.61399e-31	 1.61399e-31	 1.61399e-31	 
  0.0195	 1.61399e-31	 1.82493e-13	 1.82493e-13	 1.61399e-31	 1.61399e-31	 1.61399e-31	 
 0.01955	 1.61399e-31	 1.59279e-13	 1.59279e-13	 1.61399e-31	 1.61399e-31	 1.61399e-31	 
  0.0196	 1.61399e-31	 1.39014e-13	 1.39014e-13	 1.61399e-31	 1.61399e-31	 1.61399e-31	 
 0.01965	 1.61399e-31	 1.21323e-13	 1.21323e-13	 1.61399e-31	 1.61399e-31	 1.61399e-31	 
  0.0197	 1.61399e-31	 1.05882e-13	 1.05882e-13	 1.61399e-31	 1.61399e-31	 1.61399e-31	 
 0.01975	 1.61399e-31	 9.24087e-14	 9.24087e-14	 1.61399e-31	 1.61399e-31	 1.61399e-31	 
  0.0198	 1.61399e-31	 8.06435e-14	 8.06435e-14	 1.61399e-31	 1.61399e-31	 1.61399e-31	 
 0.01985	 1.61399e-31	 7.03759e-14	 7.03759e-14	 1.61399e-31	 1.61399e-31	 1.61399e-31	 
  0.0199	 1.61399e-31	 6.14155e-14	 6.14155e-14	 1.61399e-31	 1.61399e-31	 1.61399e-31	 
 0.01995	 1.61399e-31	 5.3592e-14	 5.3592e-14	 1.61399e-31	 1.61399e-31	 1.61399e-31	 
    0.02	 1.61399e-31	 4.67663e-14	 4.67663e-14	 1.61399e-31	 1.61399e-31	 1.61399e-31	 
 0.02005	 1.61399e-31	 4.08086e-14	 4.08086e-14	 1.61399e-31	 1.61399e-31	 1.61399e-31	 
  0.0201	 1.61399e-31	 3.56097e-14	 3.56097e-14	 1.61399e-31	 1.61399e-31	 1.61399e-31	 
 0.02015	 1.61399e-31	 3.10719e-14	 3.10719e-14	 1.61399e-31	 1.61399e-31	 1.61399e-31	 
  0.0202	 1.61399e-31	 2.71121e-14	 2.71121e-14	 1.61399e-31	 1.61399e-31	 1.61399e-31	 
 0.02025	 1.61399e-31	 2.36561e-14	 2.36561e-14	 1.61399e-31	 1.61399e-31	 1.61399e-31	 
  0.0203	 1.61399e-31	 2.0641e-14	 2.0641e-14	 1.61399e-31	 1.61399e-31	 1.61399e-31	 
 0.02035	 1.61399e-31	 1.80089e-14	 1.80089e-14	 1.61399e-31	 1.61399e-31	 1.61399e-31	 
  0.0204	 1.61399e-31	 1.5713e-14	 1.5713e-14	 1.61399e-31	 1.61399e-31	 1.61399e-31	 
 0.02045	 1.61399e-31	 1.3709e-14	 1.3709e-14	 1.61399e-31	 1.61399e-31	 1.61399e-31	 
  0.0205	 1.61399e-31	 1.19605e-14	 1.19605e-14	 1.61399e-31	 1.61399e-31	 1.61399e-31	 
 0.02055	 1.61399e-31	 1.04349e-14	 1.04349e-14	 1.61399e-31	 1.61399e-31	 1.61399e-31	 
  0.0206	 1.61399e-31	 9.10364e-15	 9.10364e-15	 1.61399e-31	 1.61399e-31	 1.61399e-31	 
 0.02065	 1.61399e-31	 7.94214e-15	 7.94214e-15	 1.61399e-31	 1.61399e-31	 1.61399e-31	 
  0.0207	 1.61399e-31	 6.9284e-15	 6.9284e-15	 1.61399e-31	 1.61399e-31	 1.61399e-31	 
 0.02075	 1.61399e-31	 6.04438e-15	 6.04438e-15	 1.61399e-31	 1.61399e-31	 1.61399e-31	 
  0.0208	 1.61399e-31	 5.27255e-15	 5.27255e-15	 1.61399e-31	 1.61399e-31	 1.61399e-31	 
 0.02085	 1.61399e-31	 4.59965e-15	 4.59965e-15	 1.61399e-31	 1.61399e-31	 1.61399e-31	 
  0.0209	 1.61399e-31	 4.01239e-15	 4.01239e-15	 1.61399e-31	 1.61399e-31	 1.61399e-31	 
 0.02095	 1.61399e-31	 3.50006e-15	 3.50006e-15	 1.61399e-31	 1.61399e-31	 1.61399e-31	 
   0.021	 1.61399e-31	 3.05304e-15	 3.05304e-15	 1.61399e-31	 1.61399e-31	 1.61399e-31	 
 0.02105	 1.61399e-31	 2.66312e-15	 2.66312e-15	 1.61399e-31	 1.61399e-31	 1.61399e-31	 
  0.0211	 1.61399e-31	 2.32294e-15	 2.32294e-15	 1.61399e-31	 1.61399e-31	 1.61399e-31	 
 0.02115	 1.61399e-31	 2.02618e-15	 2.02618e-15	 1.61399e-31	 1.61399e-31	 1.61399e-31	 
  0.0212	 1.61399e-31	 1.76729e-15	 1.76729e-15	 1.61399e-31	 1.61399e-31	 1.61399e-31	 
 0.02125	 1.61399e-31	 1.54145e-15	 1.54145e-15	 1.61399e-31	 1.61399e-31	 1.61399e-31	 
  0.0213	 1.61399e-31	 1.34446e-15	 1.34446e-15	 1.61399e-31	 1.61399e-31	 1.61399e-31	 
 0.02135	 1.61399e-31	 1.17261e-15	 1.17261e-15	 1.61399e-31	 1.61399e-31	 1.61399e-31	 
  0.0214	 1.61399e-31	 1.02271e-15	 1.02271e-15	 1.61399e-31	 1.61399e-31	 1.61399e-31	 
 0.02145	 1.61399e-31	 8.91982e-16	 8.91982e-16	 1.61399e-31	 1.61399e-31	 1.61399e-31	 
  0.0215	 1.61399e-31	 7.77936e-16	 7.77936e-16	 1.61399e-31	 1.61399e-31	 1.61399e-31	 
 0.02155	 1.61399e-31	 6.78415e-16	 6.78415e-16	 1.61399e-31	 1.61399e-31	 1.61399e-31	 
  0.0216	 1.61399e-31	 5.91666e-16	 5.91666e-16	 1.61399e-31	 1.61399e-31	 1.61399e-31	 
 0.02165	 1.61399e-31	 5.15986e-16	 5.15986e-16	 1.61399e-31	 1.61399e-31	 1.61399e-31	 
  0.0217	 1.61399e-31	 4.49988e-16	 4.49988e-16	 1.61399e-31	 1.61399e-31	 1.61399e-31	 
 0.02175	 1.61399e-31	 3.92419e-16	 3.92419e-16	 1.61399e-31	 1.61399e-31	 1.61399e-31	 
  0.0218	 1.61399e-31	 3.42208e-16	 3.42208e-16	 1.61399e-31	 1.61399e-31	 1.61399e-31	 
 0.02185	 1.61399e-31	 2.98418e-16	 2.98418e-16	 1.61399e-31	 1.61399e-31	 1.61399e-31	 
  0.0219	 1.61399e-31	 2.60222e-16	 2.60222e-16	 1.61399e-31	 1.61399e-31	 1.61399e-31	 
 0.02195	 1.61399e-31	 2.26915e-16	 2.26915e-16	 1.61399e-31	 1.61399e-31	 1.61399e-31	 
   0.022	 1.61399e-31	 1.9787e-16	 1.9787e-16	 1.61399e-31	 1.61399e-31	 1.61399e-31	 
 0.02205	 1.61399e-31	 1.72536e-16	 1.72536e-16	 1.61399e-31	 1.61399e-31	 1.61399e-31	 
  0.0221	 1.61399e-31	 1.50448e-16	 1.50448e-16	 1.61399e-31	 1.61399e-31	 1.61399e-31	 
 0.02215	 1.61399e-31	 1.3118e-16	 1.3118e-16	 1.61399e-31	 1.61399e-31	 1.61399e-31	 
  0.0222	 1.61399e-31	 1.14381e-16	 1.14381e-16	 1.61399e-31	 1.61399e-31	 1.61399e-31	 
 0.02225	 1.61399e-31	 9.97313e-17	 9.97313e-17	 1.61399e-31	 1.61399e-31	 1.61399e-31	 
  0.0223	 1.61399e-31	 8.69544e-17	 8.69544e-17	 1.61399e-31	 1.61399e-31	 1.61399e-31	 
 0.02235	 1.61399e-31	 7.58152e-17	 7.58152e-17	 1.61399e-31	 1.61399e-31	 1.61399e-31	 
  0.0224	 1.61399e-31	 6.61035e-17	 6.61035e-17	 1.61399e-31	 1.61399e-31	 1.61399e-31	 
 0.02245	 1.61399e-31	 5.7634e-17	 5.7634e-17	 1.61399e-31	 1.61399e-31	 1.61399e-31	 
  0.0225	 1.61399e-31	 5.02463e-17	 5.02463e-17	 1.61399e-31	 1.61399e-31	 1.61399e-31	 
 0.02255	 1.61399e-31	 4.38067e-17	 4.38067e-17	 1.61399e-31	 1.61399e-31	 1.61399e-31	 
  0.0226	 1.61399e-31	 3.81916e-17	 3.81916e-17	 1.61399e-31	 1.61399e-31	 1.61399e-31	 
 0.02265	 1.61399e-31	 3.32957e-17	 3.32957e-17	 1.61399e-31	 1.61399e-31	 1.61399e-31	 
  0.0227	 1.61399e-31	 2.90274e-17	 2.90274e-17	 1.61399e-31	 1.61399e-31	 1.61399e-31	 
 0.02275	 1.61399e-31	 2.53055e-17	 2.53055e-17	 1.61399e-31	 1.61399e-31	 1.61399e-31	 
  0.0228	 1.61399e-31	 2.20604e-17	 2.20604e-17	 1.61399e-31	 1.61399e-31	 1.61399e-31	 
 0.02285	 1.61399e-31	 1.9231e-17	 1.9231e-17	 1.61399e-31	 1.61399e-31	 1.61399e-31	 
  0.0229	 1.61399e-31	 1.67648e-17	 1.67648e-17	 1.61399e-31	 1.61399e-31	 1.61399e-31	 
 0.02295	 1.61399e-31	 1.46141e-17	 1.46141e-17	 1.61399e-31	 1.61399e-31	 1.61399e-31	 
   0.023	 1.61399e-31	 1.27394e-17	 1.27394e-17	 1.61399e-31	 1.61399e-31	 1.61399e-31	 
 0.02305	 1.61399e-31	 1.11051e-17	 1.11051e-17	 1.61399e-31	 1.61399e-31	 1.61399e-31	 
  0.0231	 1.61399e-31	 9.68013e-18	 9.68013e-18	 1.61399e-31	 1.61399e-31	 1.61399e-31	 
 0.02315	 1.61399e-31	 8.43799e-18	 8.43799e-18	 1.61399e-31	 1.61399e-31	 1.61399e-31	 
  0.0232	 1.61399e-31	 7.35513e-18	 7.35513e-18	 1.61399e-31	 1.61399e-31	 1.61399e-31	 
 0.02325	 1.61399e-31	 6.41101e-18	 6.41101e-18	 1.61399e-31	 1.61399e-31	 1.61399e-31	 
  0.0233	 1.61399e-31	 5.5881e-18	 5.5881e-18	 1.61399e-31	 1.61399e-31	 1.61399e-31	 
 0.02335	 1.61399e-31	 4.87072e-18	 4.87072e-18	 1.61399e-31	 1.61399e-31	 1.61399e-31	 
  0.0234	 1.61399e-31	 4.24534e-18	 4.24534e-18	 1.61399e-31	 1.61399e-31	 1.61399e-31	 
 0.02345	 1.61399e-31	 3.70025e-18	 3.70025e-18	 1.61399e-31	 1.61399e-31	 1.61399e-31	 
  0.0235	 1.61399e-31	 3.22509e-18	 3.22509e-18	 1.61399e-31	 1.61399e-31	 1.61399e-31	 
 0.02355	 1.61399e-31	 2.81093e-18	 2.81093e-18	 1.61399e-31	 1.61399e-31	 1.61399e-31	 
  0.0236	 1.61399e-31	 2.44986e-18	 2.44986e-18	 1.61399e-31	 1.61399e-31	 1.61399e-31	 
 0.02365	 1.61399e-31	 2.13517e-18	 2.13517e-18	 1.61399e-31	 1.61399e-31	 1.61399e-31	 
  0.0237	 1.61399e-31	 1.8609e-18	 1.8609e-18	 1.61399e-31	 1.61399e-31	 1.61399e-31	 
 0.02375	 1.61399e-31	 1.62184e-18	 1.62184e-18	 1.61399e-31	 1.61399e-31	 1.61399e-31	 
  0.0238	 1.61399e-31	 1.41343e-18	 1.41343e-18	 1.61399e-31	 1.61399e-31	 1.61399e-31	 
 0.02385	 1.61399e-31	 1.23182e-18	 1.23182e-18	 1.61399e-31	 1.61399e-31	 1.61399e-31	 
  0.0239	 1.61399e-31	 1.07349e-18	 1.07349e-18	 1.61399e-31	 1.61399e-31	 1.61399e-31	 
 0.02395	 1.61399e-31	 9.35507e-19	 9.35507e-19	 1.61399e-31	 1.61399e-31	 1.61399e-31	 
   0.024	 1.61399e-31	 8.153e-19	 8.153e-19	 1.61399e-31	 1.61399e-31	 1.61399e-31	 
 0.02405	 1.61399e-31	 7.1047e-19	 7.1047e-19	 1.61399e-31	 1.61399e-31	 1.61399e-31	 
  0.0241	 1.61399e-31	 6.19114e-19	 6.19114e-19	 1.61399e-31	 1.61399e-31	 1.61399e-31	 
 0.02415	 1.61399e-31	 5.39527e-19	 5.39527e-19	 1.61399e-31	 1.61399e-31	 1.61399e-31	 
  0.0242	 1.61399e-31	 4.70157e-19	 4.70157e-19	 1.61399e-31	 1.61399e-31	 1.61399e-31	 
 0.02425	 1.61399e-31	 4.09699e-19	 4.09699e-19	 1.61399e-31	 1.61399e-31	 1.61399e-31	 
  0.0243	 1.61399e-31	 3.57008e-19	 3.57008e-19	 1.61399e-31	 1.61399e-31	 1.61399e-31	 
 0.02435	 1.61399e-31	 3.11089e-19	 3.11089e-19	 1.61399e-31	 1.61399e-31	 1.61399e-31	 
  0.0244	 1.61399e-31	 2.71071e-19	 2.71071e-19	 1.61399e-31	 1.61399e-31	 1.61399e-31	 
 0.02445	 1.61399e-31	 2.36201e-19	 2.36201e-19	 1.61399e-31	 1.61399e-31	 1.61399e-31	 
  0.0245	 1.61399e-31	 2.05813e-19	 2.05813e-19	 1.61399e-31	 1.61399e-31	 1.61399e-31	 
 0.02455	 1.61399e-31	 1.79333e-19	 1.79333e-19	 1.61399e-31	 1.61399e-31	 1.61399e-31	 
  0.0246	 1.61399e-31	 1.56253e-19	 1.56253e-19	 1.61399e-31	 1.61399e-31	 1.61399e-31	 
 0.02465	 1.61399e-31	 1.36149e-19	 1.36149e-19	 1.61399e-31	 1.61399e-31	 1.61399e-31	 
  0.0247	 1.61399e-31	 1.18624e-19	 1.18624e-19	 1.61399e-31	 1.61399e-31	 1.61399e-31	 
 0.02475	 1.61399e-31	 1.03358e-19	 1.03358e-19	 1.61399e-31	 1.61399e-31	 1.61399e-31	 
  0.0248	 1.61399e-31	 9.00547e-20	 9.00547e-20	 1.61399e-31	 1.61399e-31	 1.61399e-31	 
 0.02485	 1.61399e-31	 7.84598e-20	 7.84598e-20	 1.61399e-31	 1.61399e-31	 1.61399e-31	 
  0.0249	 1.61399e-31	 6.83574e-20	 6.83574e-20	 1.61399e-31	 1.61399e-31	 1.61399e-31	 
 0.02495	 1.61399e-31	 5.95573e-20	 5.95573e-20	 1.61399e-31	 1.61399e-31	 1.61399e-31	 
   0.025	 1.61399e-31	 5.18891e-20	 5.18891e-20	 1.61399e-31	 1.61399e-31	 1.61399e-31	 
       0	        0	        0	        0	        0	        0	        0	 
