       0	        0	        0	        0	        0	        0	        0	 
   5e-05	  2363.89	 1.37468e+07	 1.37468e+07	 1.92873e+07	 4.28785e+06	 4.28785e+06	 
  0.0001	   166665	 5.6172e+07	 5.6172e+07	 7.73888e+07	 1.7327e+07	 1.7327e+07	 
 0.00015	 1.1176e+06	 1.31873e+08	 1.31873e+08	 1.79094e+08	 4.06676e+07	 4.06676e+07	 
  0.0002	 5.14397e+06	 2.52615e+08	 2.52615e+08	 3.43422e+08	 8.0316e+07	 8.0316e+07	 
 0.00025	 1.50296e+07	 4.31044e+08	 4.31044e+08	 5.862e+08	 1.41955e+08	 1.41955e+08	 
  0.0003	 3.31228e+07	 6.70666e+08	 6.70666e+08	 9.11409e+08	 2.28295e+08	 2.28295e+08	 
 0.00035	 6.10412e+07	 9.67845e+08	 9.67845e+08	 1.31408e+09	 3.39492e+08	 3.39492e+08	 
  0.0004	 9.94744e+07	 1.31826e+09	 1.31826e+09	 1.78255e+09	 4.73487e+08	 4.73487e+08	 
 0.00045	 1.47478e+08	 1.71344e+09	 1.71344e+09	 2.30129e+09	 6.26098e+08	 6.26098e+08	 
  0.0005	 2.0135e+08	 2.14055e+09	 2.14055e+09	 2.85161e+09	 7.90291e+08	 7.90291e+08	 
 0.00055	 2.59869e+08	 2.59271e+09	 2.59271e+09	 3.42206e+09	 9.6257e+08	 9.6257e+08	 
  0.0006	 3.20878e+08	 3.06355e+09	 3.06355e+09	 4.0006e+09	 1.13858e+09	 1.13858e+09	 
 0.00065	 3.82266e+08	 3.53768e+09	 3.53768e+09	 4.57608e+09	 1.31422e+09	 1.31422e+09	 
  0.0007	 4.43178e+08	 4.01245e+09	 4.01245e+09	 5.14179e+09	 1.4873e+09	 1.4873e+09	 
 0.00075	 5.03016e+08	 4.48245e+09	 4.48245e+09	 5.68992e+09	 1.65565e+09	 1.65565e+09	 
  0.0008	 5.61206e+08	 4.9431e+09	 4.9431e+09	 6.21344e+09	 1.81724e+09	 1.81724e+09	 
 0.00085	 6.16662e+08	 5.38885e+09	 5.38885e+09	 6.70598e+09	 1.96983e+09	 1.96983e+09	 
  0.0009	 6.68342e+08	 5.8177e+09	 5.8177e+09	 7.16636e+09	 2.11233e+09	 2.11233e+09	 
 0.00095	 7.15949e+08	 6.22631e+09	 6.22631e+09	 7.59079e+09	 2.24367e+09	 2.24367e+09	 
   0.001	 7.59139e+08	 6.61448e+09	 6.61448e+09	 7.97727e+09	 2.36315e+09	 2.36315e+09	 
 0.00105	 7.98133e+08	 6.98106e+09	 6.98106e+09	 8.32428e+09	 2.47059e+09	 2.47059e+09	 
  0.0011	 8.32345e+08	 7.32237e+09	 7.32237e+09	 8.6315e+09	 2.56547e+09	 2.56547e+09	 
 0.00115	 8.61544e+08	 7.63677e+09	 7.63677e+09	 8.9001e+09	 2.64787e+09	 2.64787e+09	 
  0.0012	 8.8581e+08	 7.92547e+09	 7.92547e+09	 9.13067e+09	 2.71798e+09	 2.71798e+09	 
 0.00125	 9.05434e+08	 8.18603e+09	 8.18603e+09	 9.32362e+09	 2.77612e+09	 2.77612e+09	 
  0.0013	 9.2011e+08	 8.41804e+09	 8.41804e+09	 9.47818e+09	 2.82188e+09	 2.82188e+09	 
 0.00135	 9.30415e+08	 8.62064e+09	 8.62064e+09	 9.59536e+09	 2.85594e+09	 2.85594e+09	 
  0.0014	 9.37038e+08	 8.7979e+09	 8.7979e+09	 9.68117e+09	 2.88016e+09	 2.88016e+09	 
 0.00145	 9.39937e+08	 8.94897e+09	 8.94897e+09	 9.73541e+09	 2.89447e+09	 2.89447e+09	 
  0.0015	 9.39238e+08	 9.07336e+09	 9.07336e+09	 9.75837e+09	 2.89902e+09	 2.89902e+09	 
 0.00155	 9.3542e+08	 9.17275e+09	 9.17275e+09	 9.75204e+09	 2.89465e+09	 2.89465e+09	 
  0.0016	 9.28423e+08	 9.24638e+09	 9.24638e+09	 9.71725e+09	 2.88147e+09	 2.88147e+09	 
 0.00165	 9.188e+08	 9.29573e+09	 9.29573e+09	 9.65571e+09	 2.86031e+09	 2.86031e+09	 
  0.0017	 9.06881e+08	 9.32123e+09	 9.32123e+09	 9.5692e+09	 2.83182e+09	 2.83182e+09	 
 0.00175	 8.92854e+08	 9.3245e+09	 9.3245e+09	 9.4598e+09	 2.7966e+09	 2.7966e+09	 
  0.0018	 8.76976e+08	 9.30652e+09	 9.30652e+09	 9.32931e+09	 2.75525e+09	 2.75525e+09	 
 0.00185	 8.59317e+08	 9.26857e+09	 9.26857e+09	 9.17906e+09	 2.70813e+09	 2.70813e+09	 
  0.0019	 8.40359e+08	 9.21086e+09	 9.21086e+09	 9.01082e+09	 2.656e+09	 2.656e+09	 
 0.00195	 8.2029e+08	 9.13542e+09	 9.13542e+09	 8.82637e+09	 2.5994e+09	 2.5994e+09	 
   0.002	 7.99184e+08	 9.0426e+09	 9.0426e+09	 8.62699e+09	 2.53868e+09	 2.53868e+09	 
 0.00205	 7.77329e+08	 8.93397e+09	 8.93397e+09	 8.4144e+09	 2.47444e+09	 2.47444e+09	 
  0.0021	 7.54891e+08	 8.81151e+09	 8.81151e+09	 8.19051e+09	 2.40723e+09	 2.40723e+09	 
 0.00215	 7.31998e+08	 8.67671e+09	 8.67671e+09	 7.95747e+09	 2.33764e+09	 2.33764e+09	 
  0.0022	 7.08807e+08	 8.52943e+09	 8.52943e+09	 7.71594e+09	 2.26593e+09	 2.26593e+09	 
 0.00225	 6.85386e+08	 8.37078e+09	 8.37078e+09	 7.46695e+09	 2.19238e+09	 2.19238e+09	 
  0.0023	 6.62012e+08	 8.20321e+09	 8.20321e+09	 7.21347e+09	 2.11787e+09	 2.11787e+09	 
 0.00235	 6.38577e+08	 8.02712e+09	 8.02712e+09	 6.95542e+09	 2.0423e+09	 2.0423e+09	 
  0.0024	 6.15234e+08	 7.84368e+09	 7.84368e+09	 6.69434e+09	 1.96613e+09	 1.96613e+09	 
 0.00245	 5.91956e+08	 7.65425e+09	 7.65425e+09	 6.43104e+09	 1.88952e+09	 1.88952e+09	 
  0.0025	 5.6895e+08	 7.45919e+09	 7.45919e+09	 6.16713e+09	 1.81298e+09	 1.81298e+09	 
 0.00255	 5.46517e+08	 7.26012e+09	 7.26012e+09	 5.90452e+09	 1.73717e+09	 1.73717e+09	 
  0.0026	 5.24172e+08	 7.05668e+09	 7.05668e+09	 5.64235e+09	 1.66153e+09	 1.66153e+09	 
 0.00265	 5.02195e+08	 6.8508e+09	 6.8508e+09	 5.38346e+09	 1.58691e+09	 1.58691e+09	 
  0.0027	 4.81038e+08	 6.64464e+09	 6.64464e+09	 5.12957e+09	 1.51403e+09	 1.51403e+09	 
 0.00275	 4.60486e+08	 6.4376e+09	 6.4376e+09	 4.87983e+09	 1.44255e+09	 1.44255e+09	 
  0.0028	 4.40607e+08	 6.23165e+09	 6.23165e+09	 4.63586e+09	 1.37288e+09	 1.37288e+09	 
 0.00285	 4.21021e+08	 6.02495e+09	 6.02495e+09	 4.3964e+09	 1.30443e+09	 1.30443e+09	 
  0.0029	 4.02249e+08	 5.82005e+09	 5.82005e+09	 4.16411e+09	 1.23821e+09	 1.23821e+09	 
 0.00295	 3.83736e+08	 5.61586e+09	 5.61586e+09	 3.93709e+09	 1.17336e+09	 1.17336e+09	 
   0.003	 3.65688e+08	 5.41331e+09	 5.41331e+09	 3.71659e+09	 1.11033e+09	 1.11033e+09	 
 0.00305	 3.48594e+08	 5.21452e+09	 5.21452e+09	 3.50492e+09	 1.04999e+09	 1.04999e+09	 
  0.0031	 3.31956e+08	 5.01811e+09	 5.01811e+09	 3.30028e+09	 9.91577e+08	 9.91577e+08	 
 0.00315	 3.15926e+08	 4.82507e+09	 4.82507e+09	 3.10343e+09	 9.35364e+08	 9.35364e+08	 
  0.0032	 3.00375e+08	 4.63513e+09	 4.63513e+09	 2.9143e+09	 8.8124e+08	 8.8124e+08	 
 0.00325	 2.85564e+08	 4.44958e+09	 4.44958e+09	 2.73368e+09	 8.29584e+08	 8.29584e+08	 
  0.0033	 2.7108e+08	 4.2672e+09	 4.2672e+09	 2.55997e+09	 7.79716e+08	 7.79716e+08	 
 0.00335	 2.57245e+08	 4.08935e+09	 4.08935e+09	 2.39463e+09	 7.32214e+08	 7.32214e+08	 
  0.0034	 2.44094e+08	 3.91631e+09	 3.91631e+09	 2.23763e+09	 6.87096e+08	 6.87096e+08	 
 0.00345	 2.31678e+08	 3.74839e+09	 3.74839e+09	 2.08921e+09	 6.44458e+08	 6.44458e+08	 
  0.0035	 2.19762e+08	 3.58515e+09	 3.58515e+09	 1.94837e+09	 6.03893e+08	 6.03893e+08	 
 0.00355	 2.08474e+08	 3.42699e+09	 3.42699e+09	 1.81558e+09	 5.65605e+08	 5.65605e+08	 
  0.0036	 1.97656e+08	 3.27352e+09	 3.27352e+09	 1.6901e+09	 5.29306e+08	 5.29306e+08	 
 0.00365	 1.8705e+08	 3.12397e+09	 3.12397e+09	 1.57072e+09	 4.94529e+08	 4.94529e+08	 
  0.0037	 1.76982e+08	 2.97941e+09	 2.97941e+09	 1.45861e+09	 4.61785e+08	 4.61785e+08	 
 0.00375	 1.67166e+08	 2.83905e+09	 2.83905e+09	 1.3527e+09	 4.30615e+08	 4.30615e+08	 
  0.0038	 1.58026e+08	 2.70423e+09	 2.70423e+09	 1.25412e+09	 4.01599e+08	 4.01599e+08	 
 0.00385	 1.49185e+08	 2.57361e+09	 2.57361e+09	 1.16146e+09	 3.74132e+08	 3.74132e+08	 
  0.0039	 1.4076e+08	 2.44776e+09	 2.44776e+09	 1.07462e+09	 3.48283e+08	 3.48283e+08	 
 0.00395	 1.33105e+08	 2.32781e+09	 2.32781e+09	 9.94652e+08	 3.24557e+08	 3.24557e+08	 
   0.004	 1.25784e+08	 2.21237e+09	 2.21237e+09	 9.1987e+08	 3.02245e+08	 3.02245e+08	 
 0.00405	 1.1863e+08	 2.10096e+09	 2.10096e+09	 8.49428e+08	 2.81027e+08	 2.81027e+08	 
  0.0041	 1.11688e+08	 1.99357e+09	 1.99357e+09	 7.83261e+08	 2.60925e+08	 2.60925e+08	 
 0.00415	 1.05302e+08	 1.89128e+09	 1.89128e+09	 7.22394e+08	 2.42432e+08	 2.42432e+08	 
  0.0042	 9.91797e+07	 1.79312e+09	 1.79312e+09	 6.65632e+08	 2.25056e+08	 2.25056e+08	 
 0.00425	 9.33333e+07	 1.699e+09	 1.699e+09	 6.12761e+08	 2.0876e+08	 2.0876e+08	 
  0.0043	 8.79249e+07	 1.6094e+09	 1.6094e+09	 5.64227e+08	 1.93769e+08	 1.93769e+08	 
 0.00435	 8.28114e+07	 1.52383e+09	 1.52383e+09	 5.19402e+08	 1.7983e+08	 1.7983e+08	 
  0.0044	 7.79281e+07	 1.44194e+09	 1.44194e+09	 4.77885e+08	 1.66806e+08	 1.66806e+08	 
 0.00445	 7.33826e+07	 1.364e+09	 1.364e+09	 4.39814e+08	 1.54811e+08	 1.54811e+08	 
  0.0045	 6.89995e+07	 1.28949e+09	 1.28949e+09	 4.04371e+08	 1.43526e+08	 1.43526e+08	 
 0.00455	 6.48044e+07	 1.21831e+09	 1.21831e+09	 3.71501e+08	 1.32958e+08	 1.32958e+08	 
  0.0046	 6.0889e+07	 1.15075e+09	 1.15075e+09	 3.4126e+08	 1.23193e+08	 1.23193e+08	 
 0.00465	 5.71178e+07	 1.08621e+09	 1.08621e+09	 3.13234e+08	 1.14032e+08	 1.14032e+08	 
  0.0047	 5.35246e+07	 1.02482e+09	 1.02482e+09	 2.87326e+08	 1.0548e+08	 1.0548e+08	 
 0.00475	 5.02504e+07	 9.66833e+08	 9.66833e+08	 2.63737e+08	 9.76914e+07	 9.76914e+07	 
  0.0048	 4.71484e+07	 9.1173e+08	 9.1173e+08	 2.42099e+08	 9.04702e+07	 9.04702e+07	 
 0.00485	 4.41742e+07	 8.59301e+08	 8.59301e+08	 2.22057e+08	 8.37032e+07	 8.37032e+07	 
  0.0049	 4.14863e+07	 8.09935e+08	 8.09935e+08	 2.00574e+08	 7.68387e+07	 7.68387e+07	 
 0.00495	 3.89655e+07	 7.63206e+08	 7.63206e+08	 1.84983e+08	 7.14134e+07	 7.14134e+07	 
   0.005	 3.6544e+07	 7.18704e+08	 7.18704e+08	 1.70435e+08	 6.62971e+07	 6.62971e+07	 
 0.00505	 3.42664e+07	 6.76628e+08	 6.76628e+08	 1.56997e+08	 6.15395e+07	 6.15395e+07	 
  0.0051	 3.20705e+07	 6.3662e+08	 6.3662e+08	 1.44457e+08	 5.7045e+07	 5.7045e+07	 
 0.00515	 2.99843e+07	 5.98714e+08	 5.98714e+08	 1.32828e+08	 5.28383e+07	 5.28383e+07	 
  0.0052	 2.80075e+07	 5.62829e+08	 5.62829e+08	 1.2198e+08	 4.889e+07	 4.889e+07	 
 0.00525	 2.61841e+07	 5.29028e+08	 5.29028e+08	 1.12175e+08	 4.52931e+07	 4.52931e+07	 
  0.0053	 2.44902e+07	 4.97172e+08	 4.97172e+08	 1.03188e+08	 4.19785e+07	 4.19785e+07	 
 0.00535	 2.28752e+07	 4.67007e+08	 4.67007e+08	 9.47953e+07	 3.88573e+07	 3.88573e+07	 
  0.0054	 2.13876e+07	 4.3864e+08	 4.3864e+08	 8.72184e+07	 3.60165e+07	 3.60165e+07	 
 0.00545	 2.00058e+07	 4.11928e+08	 4.11928e+08	 8.02625e+07	 3.33961e+07	 3.33961e+07	 
  0.0055	 1.87565e+07	 3.86886e+08	 3.86886e+08	 7.39448e+07	 3.10204e+07	 3.10204e+07	 
 0.00555	 1.75407e+07	 3.63146e+08	 3.63146e+08	 6.80862e+07	 2.87729e+07	 2.87729e+07	 
  0.0056	 1.63779e+07	 3.40696e+08	 3.40696e+08	 6.2636e+07	 2.66573e+07	 2.66573e+07	 
 0.00565	 1.52794e+07	 3.19527e+08	 3.19527e+08	 5.75742e+07	 2.46782e+07	 2.46782e+07	 
  0.0057	 1.42591e+07	 2.99615e+08	 2.99615e+08	 5.29838e+07	 2.28645e+07	 2.28645e+07	 
 0.00575	 1.32877e+07	 2.80821e+08	 2.80821e+08	 4.87188e+07	 2.11612e+07	 2.11612e+07	 
  0.0058	 1.23829e+07	 2.63159e+08	 2.63159e+08	 4.48072e+07	 1.95883e+07	 1.95883e+07	 
 0.00585	 1.15374e+07	 2.46545e+08	 2.46545e+08	 4.11175e+07	 1.81107e+07	 1.81107e+07	 
  0.0059	 1.07444e+07	 2.30919e+08	 2.30919e+08	 3.7871e+07	 1.67725e+07	 1.67725e+07	 
 0.00595	 1.00226e+07	 2.16295e+08	 2.16295e+08	 3.49162e+07	 1.55544e+07	 1.55544e+07	 
   0.006	 9.35194e+06	 2.02569e+08	 2.02569e+08	 3.21868e+07	 1.44263e+07	 1.44263e+07	 
 0.00605	 8.73454e+06	 1.89711e+08	 1.89711e+08	 2.97142e+07	 1.33966e+07	 1.33966e+07	 
  0.0061	 8.15041e+06	 1.77612e+08	 1.77612e+08	 2.74242e+07	 1.24334e+07	 1.24334e+07	 
 0.00615	 7.60343e+06	 1.66246e+08	 1.66246e+08	 2.52148e+07	 1.1517e+07	 1.1517e+07	 
  0.0062	 7.08423e+06	 1.55553e+08	 1.55553e+08	 2.3293e+07	 1.06861e+07	 1.06861e+07	 
 0.00625	 6.58624e+06	 1.45471e+08	 1.45471e+08	 2.14876e+07	 9.89762e+06	 9.89762e+06	 
  0.0063	 6.113e+06	 1.35987e+08	 1.35987e+08	 1.97869e+07	 9.15162e+06	 9.15162e+06	 
 0.00635	 5.68919e+06	 1.27155e+08	 1.27155e+08	 1.82874e+07	 8.48877e+06	 8.48877e+06	 
  0.0064	 5.29526e+06	 1.18871e+08	 1.18871e+08	 1.69247e+07	 7.87955e+06	 7.87955e+06	 
 0.00645	 4.91564e+06	 1.11068e+08	 1.11068e+08	 1.56025e+07	 7.29048e+06	 7.29048e+06	 
  0.0065	 4.57001e+06	 1.03787e+08	 1.03787e+08	 1.4445e+07	 6.76443e+06	 6.76443e+06	 
 0.00655	 4.25053e+06	 9.69721e+07	 9.69721e+07	 1.33876e+07	 6.28097e+06	 6.28097e+06	 
  0.0066	 3.96505e+06	 9.06351e+07	 9.06351e+07	 1.2435e+07	 5.84723e+06	 5.84723e+06	 
 0.00665	 3.70003e+06	 8.46995e+07	 8.46995e+07	 1.15682e+07	 5.44849e+06	 5.44849e+06	 
  0.0067	 3.44385e+06	 7.91164e+07	 7.91164e+07	 1.07479e+07	 5.06696e+06	 5.06696e+06	 
 0.00675	 3.19729e+06	 7.38617e+07	 7.38617e+07	 9.94794e+06	 4.69742e+06	 4.69742e+06	 
  0.0068	 2.96274e+06	 6.89265e+07	 6.89265e+07	 9.23093e+06	 4.35565e+06	 4.35565e+06	 
 0.00685	 2.75528e+06	 6.43431e+07	 6.43431e+07	 8.60898e+06	 4.05609e+06	 4.05609e+06	 
  0.0069	 2.56286e+06	 6.00586e+07	 6.00586e+07	 8.03669e+06	 3.77925e+06	 3.77925e+06	 
 0.00695	 2.37498e+06	 5.60221e+07	 5.60221e+07	 7.49123e+06	 3.51191e+06	 3.51191e+06	 
   0.007	 2.19753e+06	 5.22402e+07	 5.22402e+07	 6.98337e+06	 3.26104e+06	 3.26104e+06	 
 0.00705	 2.03576e+06	 4.87151e+07	 4.87151e+07	 6.52493e+06	 3.03334e+06	 3.03334e+06	 
  0.0071	 1.89437e+06	 4.54504e+07	 4.54504e+07	 6.11192e+06	 2.8316e+06	 2.8316e+06	 
 0.00715	 1.7663e+06	 4.24128e+07	 4.24128e+07	 5.7583e+06	 2.6534e+06	 2.6534e+06	 
  0.0072	 1.6437e+06	 3.95629e+07	 3.95629e+07	 5.42463e+06	 2.4839e+06	 2.4839e+06	 
 0.00725	 1.52396e+06	 3.68814e+07	 3.68814e+07	 5.10292e+06	 2.31927e+06	 2.31927e+06	 
  0.0073	 1.41333e+06	 3.43787e+07	 3.43787e+07	 4.81376e+06	 2.16897e+06	 2.16897e+06	 
 0.00735	 1.31166e+06	 3.20445e+07	 3.20445e+07	 4.5552e+06	 2.03244e+06	 2.03244e+06	 
  0.0074	 1.21964e+06	 2.98725e+07	 2.98725e+07	 4.31411e+06	 1.90729e+06	 1.90729e+06	 
 0.00745	 1.13031e+06	 2.78322e+07	 2.78322e+07	 4.09533e+06	 1.7892e+06	 1.7892e+06	 
  0.0075	 1.04352e+06	 2.59151e+07	 2.59151e+07	 3.88934e+06	 1.67592e+06	 1.67592e+06	 
 0.00755	   965094	 2.41335e+07	 2.41335e+07	 3.70722e+06	 1.57445e+06	 1.57445e+06	 
  0.0076	   893294	 2.24739e+07	 2.24739e+07	 3.54467e+06	 1.48248e+06	 1.48248e+06	 
 0.00765	   828608	 2.09336e+07	 2.09336e+07	 3.39901e+06	 1.3998e+06	 1.3998e+06	 
  0.0077	   771229	 1.95057e+07	 1.95057e+07	 3.26924e+06	 1.32634e+06	 1.32634e+06	 
 0.00775	   715729	 1.81661e+07	 1.81661e+07	 3.149e+06	 1.25645e+06	 1.25645e+06	 
  0.0078	   663893	 1.69197e+07	 1.69197e+07	 3.04189e+06	 1.19233e+06	 1.19233e+06	 
 0.00785	   616109	 1.57555e+07	 1.57555e+07	 2.94168e+06	 1.1329e+06	 1.1329e+06	 
  0.0079	   571706	 1.46695e+07	 1.46695e+07	 2.85332e+06	 1.07873e+06	 1.07873e+06	 
 0.00795	   530592	 1.36577e+07	 1.36577e+07	 2.77303e+06	 1.02891e+06	 1.02891e+06	 
   0.008	   490054	 1.27066e+07	 1.27066e+07	 2.69371e+06	   979749	   979749	 
 0.00805	   451313	 1.18166e+07	 1.18166e+07	 2.62041e+06	   933329	   933329	 
  0.0081	   417119	 1.0993e+07	 1.0993e+07	 2.55746e+06	   892745	   892745	 
 0.00815	   384478	 1.0223e+07	 1.0223e+07	 2.49715e+06	   853956	   853956	 
  0.0082	   356904	 9.51455e+06	 9.51455e+06	 2.44772e+06	   821524	   821524	 
 0.00825	   331565	 8.85599e+06	 8.85599e+06	 2.40317e+06	   791915	   791915	 
  0.0083	   307818	 8.24151e+06	 8.24151e+06	 2.36118e+06	   764115	   764115	 
 0.00835	   285588	 7.66858e+06	 7.66858e+06	 2.32133e+06	   737970	   737970	 
  0.0084	   264667	 7.13381e+06	 7.13381e+06	 2.28379e+06	   713357	   713357	 
 0.00845	   245807	 6.63748e+06	 6.63748e+06	 2.24958e+06	   691085	   691085	 
  0.0085	   227474	 6.17291e+06	 6.17291e+06	 2.21487e+06	   669113	   669113	 
 0.00855	   209653	 5.73758e+06	 5.73758e+06	 2.17851e+06	   647173	   647173	 
  0.0086	   192577	 5.33053e+06	 5.33053e+06	 2.1433e+06	   626065	   626065	 
 0.00865	   177632	 4.95443e+06	 4.95443e+06	 2.11132e+06	   607336	   607336	 
  0.0087	   163794	 4.60448e+06	 4.60448e+06	 2.08036e+06	   589693	   589693	 
 0.00875	   152034	 4.28235e+06	 4.28235e+06	 2.0508e+06	   573976	   573976	 
  0.0088	   141290	 3.98312e+06	 3.98312e+06	 2.02286e+06	   559412	   559412	 
 0.00885	   131206	 3.70416e+06	 3.70416e+06	 1.99459e+06	   545286	   545286	 
  0.0089	   121509	 3.44342e+06	 3.44342e+06	 1.96526e+06	   531226	   531226	 
 0.00895	   112607	 3.20114e+06	 3.20114e+06	 1.93642e+06	   517894	   517894	 
   0.009	   104414	 2.9757e+06	 2.9757e+06	 1.90619e+06	   504804	   504804	 
 0.00905	  96362.4	 2.7645e+06	 2.7645e+06	 1.87523e+06	   491662	   491662	 
  0.0091	  88544.8	 2.5668e+06	 2.5668e+06	 1.84281e+06	   478376	   478376	 
 0.00915	  81299.7	 2.38291e+06	 2.38291e+06	 1.81068e+06	   465603	   465603	 
  0.0092	  74796.8	 2.21248e+06	 2.21248e+06	 1.77829e+06	   453347	   453347	 
 0.00925	  68932.4	 2.05446e+06	 2.05446e+06	 1.74374e+06	   441108	   441108	 
  0.0093	  63986.6	 1.90912e+06	 1.90912e+06	 1.71227e+06	   430267	   430267	 
 0.00935	  59450.3	 1.77412e+06	 1.77412e+06	 1.68029e+06	   419633	   419633	 
  0.0094	  55004.3	 1.64785e+06	 1.64785e+06	 1.6475e+06	   408888	   408888	 
 0.00945	  51012.4	 1.53073e+06	 1.53073e+06	 1.6133e+06	   398184	   398184	 
  0.0095	  47366.1	 1.42201e+06	 1.42201e+06	 1.58007e+06	   387964	   387964	 
 0.00955	    43776	 1.3202e+06	 1.3202e+06	 1.54439e+06	   377242	   377242	 
  0.0096	  40343.2	 1.22524e+06	 1.22524e+06	 1.50981e+06	   366889	   366889	 
 0.00965	  36964.1	 1.13627e+06	 1.13627e+06	 1.47456e+06	   356426	   356426	 
  0.0097	  33715.2	 1.05332e+06	 1.05332e+06	 1.43956e+06	   346123	   346123	 
 0.00975	  30988.5	   977025	   977025	 1.4035e+06	   335988	   335988	 
  0.0098	  28561.3	   906468	   906468	 1.36861e+06	   326347	   326347	 
 0.00985	  26499.1	   841517	   841517	 1.33427e+06	   317111	   317111	 
  0.0099	  24459.2	   780789	   780789	 1.29873e+06	   307627	   307627	 
 0.00995	  22689.4	   724687	   724687	 1.26367e+06	   298460	   298460	 
    0.01	  21028.9	   672574	   672574	 1.22973e+06	   289627	   289627	 
 0.01005	  19333.1	   623642	   623642	 1.19502e+06	   280593	   280593	 
  0.0101	  17861.4	   578474	   578474	 1.16128e+06	   271951	   271951	 
 0.01015	    16405	   536228	   536228	 1.12758e+06	   263330	   263330	 
  0.0102	  15003.7	   496828	   496828	 1.09325e+06	   254610	   254610	 
 0.01025	    13663	   460150	   460150	 1.06042e+06	   246273	   246273	 
  0.0103	  12531.8	   426393	   426393	 1.02782e+06	   238149	   238149	 
 0.01035	  11357.1	   394714	   394714	   995160	   229977	   229977	 
  0.0104	  10430.9	   365816	   365816	   963898	   222310	   222310	 
 0.01045	  9695.12	   339350	   339350	   933108	   214896	   214896	 
  0.0105	  8995.66	   314727	   314727	   902676	   207589	   207589	 
 0.01055	  8253.92	   291605	   291605	   872785	   200370	   200370	 
  0.0106	  7644.54	   270361	   270361	   843412	   193369	   193369	 
 0.01065	  7042.63	   250531	   250531	   814448	   186464	   186464	 
  0.0107	  6347.97	   231718	   231718	   785781	   179553	   179553	 
 0.01075	  5824.48	   214617	   214617	   757704	   172907	   172907	 
  0.0108	  5343.75	   198761	   198761	   730507	   166489	   166489	 
 0.01085	  4800.54	   183757	   183757	   703723	   160115	   160115	 
  0.0109	  4427.68	   170242	   170242	   677540	   154007	   154007	 
 0.01095	  4122.48	   157835	   157835	   652292	   148159	   148159	 
   0.011	  3828.11	   146293	   146293	   627543	   142430	   142430	 
 0.01105	  3566.45	   135623	   135623	   603410	   136863	   136863	 
  0.0111	  3315.02	   125697	   125697	   579801	   131422	   131422	 
 0.01115	  3044.04	   116380	   116380	   556974	   126138	   126138	 
  0.0112	   2800.2	   107755	   107755	   534619	   120981	   120981	 
 0.01125	   2523.6	  99602.1	  99602.1	   512609	   115875	   115875	 
  0.0113	  2320.28	  92204.8	  92204.8	   491606	   111049	   111049	 
 0.01135	  2110.08	  85283.5	  85283.5	   471200	   106351	   106351	 
  0.0114	  1894.43	  78803.9	  78803.9	   451275	   101756	   101756	 
 0.01145	  1748.44	  72957.4	  72957.4	   431909	  97338.7	  97338.7	 
  0.0115	  1612.46	  67546.1	  67546.1	   413238	  93083.9	  93083.9	 
 0.01155	  1500.17	    62572	    62572	   394346	  88798.2	  88798.2	 
  0.0116	  1348.53	  57818.9	  57818.9	   377008	  84827.5	  84827.5	 
 0.01165	  1252.59	  53546.4	  53546.4	   360232	  81024.8	  81024.8	 
  0.0117	  1140.66	  49517.2	  49517.2	   343987	  77327.9	  77327.9	 
 0.01175	  993.131	  45649.4	  45649.4	   328269	  73720.3	  73720.3	 
  0.0118	  905.905	  42215.9	  42215.9	   313094	  70280.3	  70280.3	 
 0.01185	  834.183	  39063.3	  39063.3	   298452	  66970.8	  66970.8	 
  0.0119	  745.824	    36075	    36075	   284323	  63762.2	  63762.2	 
 0.01195	  649.409	  33262.8	  33262.8	   270708	  60661.6	  60661.6	 
   0.012	  578.849	  30717.1	  30717.1	   257616	  57697.5	  57697.5	 
 0.01205	  539.122	  28438.1	  28438.1	   245040	  54872.1	  54872.1	 
  0.0121	  351.957	  25863.7	  25863.7	   232892	  52026.9	  52026.9	 
 0.01215	  328.743	    23943	    23943	   221260	    49424	    49424	 
  0.0122	  305.523	  22159.2	  22159.2	   210094	  46924.7	  46924.7	 
 0.01225	  282.297	  20501.4	  20501.4	   199368	  44523.1	  44523.1	 
  0.0123	  259.061	  18961.5	  18961.5	   189089	  42220.8	  42220.8	 
 0.01235	  236.882	  17533.5	  17533.5	   179040	  39970.4	  39970.4	 
  0.0124	  216.868	  16213.2	  16213.2	   169625	  37862.7	  37862.7	 
 0.01245	   196.82	  14985.8	  14985.8	   160619	  35845.7	  35845.7	 
  0.0125	   179.74	    13855	    13855	   151840	  33881.7	  33881.7	 
 0.01255	  167.471	  12819.2	  12819.2	   143635	  32048.9	  32048.9	 
  0.0126	   157.55	  11865.8	  11865.8	   135810	  30302.2	  30302.2	 
 0.01265	  147.628	  10980.8	  10980.8	   128347	    28636	    28636	 
  0.0127	  137.704	  10159.3	  10159.3	   121233	  27047.5	  27047.5	 
 0.01275	  127.777	  9396.96	  9396.96	   114456	  25533.8	  25533.8	 
  0.0128	  117.846	  8689.39	  8689.39	   108009	  24093.4	  24093.4	 
 0.01285	  107.911	   8032.1	   8032.1	   101879	  22723.5	  22723.5	 
  0.0129	  64.5863	  7317.48	  7317.48	    96037	  21391.5	  21391.5	 
 0.01295	  58.6929	  6762.52	  6762.52	  90503.8	  20157.4	  20157.4	 
   0.013	  38.7136	  6204.14	  6204.14	  85244.6	  18973.1	  18973.1	 
 0.01305	  16.6753	  5675.16	  5675.16	  80263.1	    17849	    17849	 
  0.0131	   15.317	  5246.68	  5246.68	  75508.5	  16791.4	  16791.4	 
 0.01315	  14.4765	  4851.68	  4851.68	  71042.5	  15798.3	  15798.3	 
  0.0132	   13.636	  4486.13	  4486.13	    66816	  14858.4	  14858.4	 
 0.01325	  12.7955	  4147.79	  4147.79	  62815.9	  13968.9	  13968.9	 
  0.0133	   11.955	  3834.59	  3834.59	  59034.7	    13128	    13128	 
 0.01335	  11.1145	  3544.72	  3544.72	  55461.1	  12333.2	  12333.2	 
  0.0134	   10.274	  3276.49	  3276.49	  52087.6	  11582.9	  11582.9	 
 0.01345	  9.43346	  3028.17	  3028.17	  48902.4	  10874.4	  10874.4	 
  0.0135	  8.59293	  2798.32	  2798.32	  45898.4	  10206.2	  10206.2	 
 0.01355	  7.75238	   2585.6	   2585.6	    43066	  9576.14	  9576.14	 
  0.0136	   6.3656	   2386.9	   2386.9	  40395.8	   8981.7	   8981.7	 
 0.01365	 1.21564e-33	  2186.85	  2186.85	  37879.4	  8417.56	  8417.56	 
  0.0137	 1.21564e-33	  2020.82	  2020.82	  35511.3	  7891.31	  7891.31	 
 0.01375	 1.21564e-33	  1867.34	  1867.34	  33282.9	  7396.12	  7396.12	 
  0.0138	 1.21564e-33	   1725.4	   1725.4	    31186	  6930.13	  6930.13	 
 0.01385	 1.21564e-33	  1594.15	  1594.15	  29213.9	   6491.9	   6491.9	 
  0.0139	 1.21564e-33	  1472.88	  1472.88	  27360.3	  6079.99	  6079.99	 
 0.01395	 1.21564e-33	  1360.71	  1360.71	  25617.3	  5692.68	  5692.68	 
   0.014	 1.21564e-33	  1257.08	  1257.08	  23980.5	  5328.95	  5328.95	 
 0.01405	 1.21564e-33	  1161.23	  1161.23	  22442.8	  4987.22	  4987.22	 
  0.0141	 1.21564e-33	  1072.69	  1072.69	  20999.5	   4666.5	   4666.5	 
 0.01415	 1.21564e-33	  990.825	  990.825	  19644.2	  4365.33	  4365.33	 
  0.0142	 1.21564e-33	  915.186	  915.186	  18371.8	  4082.57	  4082.57	 
 0.01425	 1.21564e-33	  845.258	  845.258	    17179	  3817.51	  3817.51	 
  0.0143	 1.21564e-33	  780.688	  780.688	  16059.3	  3568.69	  3568.69	 
 0.01435	 1.21564e-33	  720.978	  720.978	  15009.5	  3335.41	  3335.41	 
  0.0144	 1.21564e-33	  665.835	  665.835	  14025.8	   3116.8	   3116.8	 
 0.01445	 1.21564e-33	  614.862	  614.862	  13103.5	  2911.85	  2911.85	 
  0.0145	 1.21564e-33	   567.75	   567.75	  12238.8	   2719.7	   2719.7	 
 0.01455	 1.21564e-33	  524.236	  524.236	  11429.1	  2539.78	  2539.78	 
  0.0146	 1.21564e-33	  484.047	  484.047	  10670.6	  2371.22	  2371.22	 
 0.01465	 1.21564e-33	  446.914	  446.914	  9959.96	   2213.3	   2213.3	 
  0.0147	 1.21564e-33	   412.61	   412.61	  9295.27	  2065.59	  2065.59	 
 0.01475	 1.21564e-33	  380.932	  380.932	  8672.65	  1927.23	  1927.23	 
  0.0148	 1.21564e-33	  351.666	  351.666	  8090.16	  1797.79	  1797.79	 
 0.01485	 1.21564e-33	  324.635	  324.635	  7545.21	  1676.69	  1676.69	 
  0.0149	 1.21564e-33	  299.669	  299.669	  7035.21	  1563.36	  1563.36	 
 0.01495	 1.21564e-33	  276.611	  276.611	  6558.86	  1457.51	  1457.51	 
   0.015	 1.21564e-33	  255.322	  255.322	  6112.93	  1358.41	  1358.41	 
 0.01505	 1.21564e-33	  235.659	  235.659	  5696.38	  1265.85	  1265.85	 
  0.0151	 1.21564e-33	  217.502	  217.502	  5307.08	  1179.34	  1179.34	 
 0.01515	 1.21564e-33	  200.738	  200.738	  4943.48	  1098.54	  1098.54	 
  0.0152	 1.21564e-33	  185.258	  185.258	  4603.88	  1023.07	  1023.07	 
 0.01525	 1.21564e-33	  170.966	  170.966	  4286.81	  952.615	  952.615	 
  0.0153	 1.21564e-33	   157.77	   157.77	  3990.78	   886.83	   886.83	 
 0.01535	 1.21564e-33	  145.589	  145.589	  3714.55	  825.446	  825.446	 
  0.0154	 1.21564e-33	  134.344	  134.344	  3456.76	  768.161	  768.161	 
 0.01545	 1.21564e-33	  123.961	  123.961	  3216.39	  714.745	  714.745	 
  0.0155	 1.21564e-33	  114.377	  114.377	  2992.13	   664.91	   664.91	 
 0.01555	 1.21564e-33	   105.53	   105.53	  2783.08	  618.455	  618.455	 
  0.0156	 1.21564e-33	  97.3624	  97.3624	  2588.27	  575.164	  575.164	 
 0.01565	 1.21564e-33	  89.8274	  89.8274	  2406.66	  534.808	  534.808	 
  0.0157	 1.21564e-33	  82.8697	  82.8697	  2237.41	  497.198	  497.198	 
 0.01575	 1.21564e-33	  76.4487	  76.4487	  2079.82	  462.177	  462.177	 
  0.0158	 1.21564e-33	  70.5235	  70.5235	  1933.03	  429.558	  429.558	 
 0.01585	 1.21564e-33	  65.0555	  65.0555	  1796.34	  399.182	  399.182	 
  0.0159	 1.21564e-33	  60.0091	  60.0091	   1669.1	  370.906	  370.906	 
 0.01595	 1.21564e-33	   55.354	   55.354	  1550.66	  344.587	  344.587	 
   0.016	 1.21564e-33	  51.0569	  51.0569	  1440.44	  320.093	  320.093	 
 0.01605	 1.21564e-33	  47.0922	  47.0922	  1337.85	  297.298	  297.298	 
  0.0161	 1.21564e-33	  43.4341	  43.4341	  1242.45	  276.098	  276.098	 
 0.01615	 1.21564e-33	  40.0587	  40.0587	  1153.72	   256.38	   256.38	 
  0.0162	 1.21564e-33	  36.9443	  36.9443	   1071.2	  238.042	  238.042	 
 0.01625	 1.21564e-33	   34.071	   34.071	  994.443	  220.985	  220.985	 
  0.0163	 1.21564e-33	  31.4202	  31.4202	   923.12	  205.135	  205.135	 
 0.01635	 1.21564e-33	  28.9746	  28.9746	   856.78	  190.393	  190.393	 
  0.0164	 1.21564e-33	  26.7188	  26.7188	  795.166	  176.702	  176.702	 
 0.01645	 1.21564e-33	   24.638	   24.638	  737.888	  163.973	  163.973	 
  0.0165	 1.21564e-33	  22.7183	  22.7183	  684.687	  152.151	  152.151	 
 0.01655	 1.21564e-33	  20.9471	  20.9471	  635.239	  141.163	  141.163	 
  0.0166	 1.21564e-33	   19.314	   19.314	  589.307	  130.956	  130.956	 
 0.01665	 1.21564e-33	  17.8076	  17.8076	  546.649	  121.476	  121.476	 
  0.0167	 1.21564e-33	  16.4182	  16.4182	  507.033	  112.673	  112.673	 
 0.01675	 1.21564e-33	  15.1367	  15.1367	  470.252	  104.499	  104.499	 
  0.0168	 1.21564e-33	  13.9546	  13.9546	  436.092	  96.9082	  96.9082	 
 0.01685	 1.21564e-33	  12.8648	  12.8648	  404.385	  89.8623	  89.8623	 
  0.0169	 1.21564e-33	  11.8596	  11.8596	   374.95	  83.3212	  83.3212	 
 0.01695	 1.21564e-33	  10.9327	  10.9327	  347.625	   77.249	   77.249	 
   0.017	 1.21564e-33	  10.0781	  10.0781	  322.267	   71.614	   71.614	 
 0.01705	 1.21564e-33	  9.28979	  9.28979	  298.741	   66.386	   66.386	 
  0.0171	 1.21564e-33	  8.56266	  8.56266	  276.904	  61.5334	  61.5334	 
 0.01715	 1.21564e-33	  7.89255	  7.89255	  256.646	  57.0318	  57.0318	 
  0.0172	 1.21564e-33	  7.27485	  7.27485	  237.851	  52.8551	  52.8551	 
 0.01725	 1.21564e-33	  6.70519	  6.70519	  220.415	  48.9805	  48.9805	 
  0.0173	 1.21564e-33	  6.17957	  6.17957	  204.247	  45.3878	  45.3878	 
 0.01735	 1.21564e-33	   5.6955	   5.6955	  189.245	   42.054	   42.054	 
  0.0174	 1.21564e-33	  5.24901	  5.24901	  175.336	  38.9632	  38.9632	 
 0.01745	 1.21564e-33	  4.83739	  4.83739	  162.437	  36.0968	  36.0968	 
  0.0175	 1.21564e-33	  4.45797	  4.45797	  150.477	   33.439	   33.439	 
 0.01755	 1.21564e-33	  4.10815	  4.10815	  139.384	  30.9738	  30.9738	 
  0.0176	 1.21564e-33	  3.78572	  3.78572	  129.106	  28.6899	  28.6899	 
 0.01765	 1.21564e-33	  3.48843	  3.48843	  119.573	  26.5714	  26.5714	 
  0.0177	 1.21564e-33	  3.21447	  3.21447	  110.738	  24.6082	  24.6082	 
 0.01775	 1.21564e-33	  2.96196	  2.96196	  102.551	  22.7888	  22.7888	 
  0.0178	 1.21564e-33	  2.72918	  2.72918	  94.9591	  21.1018	  21.1018	 
 0.01785	 1.21564e-33	  2.51463	  2.51463	  87.9304	  19.5399	  19.5399	 
  0.0179	 1.21564e-33	  2.31687	  2.31687	  81.4129	  18.0916	  18.0916	 
 0.01795	 1.21564e-33	  2.13462	  2.13462	  75.3744	  16.7497	  16.7497	 
   0.018	 1.21564e-33	  1.96665	  1.96665	   69.776	  15.5056	  15.5056	 
 0.01805	 1.21564e-33	  1.81187	  1.81187	  64.5925	  14.3537	  14.3537	 
  0.0181	 1.21564e-33	  1.66923	  1.66923	  59.7902	  13.2866	  13.2866	 
 0.01815	 1.21564e-33	  1.53779	  1.53779	  55.3412	  12.2979	  12.2979	 
  0.0182	 1.21564e-33	  1.41663	  1.41663	  51.2204	  11.3822	  11.3822	 
 0.01825	 1.21564e-33	  1.30499	  1.30499	  47.4032	  10.5339	  10.5339	 
  0.0183	 1.21564e-33	  1.20215	  1.20215	  43.8681	  9.74835	  9.74835	 
 0.01835	 1.21564e-33	  1.10735	  1.10735	  40.5945	   9.0209	   9.0209	 
  0.0184	 1.21564e-33	  1.02003	  1.02003	  37.5629	  8.34723	  8.34723	 
 0.01845	 1.21564e-33	 0.939558	 0.939558	   34.756	  7.72346	  7.72346	 
  0.0185	 1.21564e-33	 0.865423	 0.865423	  32.1568	  7.14587	  7.14587	 
 0.01855	 1.21564e-33	 0.797113	 0.797113	  29.7504	  6.61113	  6.61113	 
  0.0186	 1.21564e-33	 0.734164	 0.734164	  27.5221	  6.11595	  6.11595	 
 0.01865	 1.21564e-33	 0.676184	 0.676184	  25.4601	  5.65773	  5.65773	 
  0.0187	 1.21564e-33	 0.622771	 0.622771	  23.5508	  5.23345	  5.23345	 
 0.01875	 1.21564e-33	 0.573527	 0.573527	  21.7832	  4.84067	  4.84067	 
  0.0188	 1.21564e-33	 0.528205	 0.528205	  20.1477	  4.47723	  4.47723	 
 0.01885	 1.21564e-33	  0.48644	  0.48644	  18.6339	  4.14082	  4.14082	 
  0.0189	 1.21564e-33	 0.447971	 0.447971	  17.2327	  3.82944	  3.82944	 
 0.01895	 1.21564e-33	  0.41253	  0.41253	  15.9363	  3.54136	  3.54136	 
   0.019	 1.21564e-33	  0.37988	  0.37988	  14.7364	  3.27472	  3.27472	 
 0.01905	 1.21564e-33	 0.349815	 0.349815	  13.6264	  3.02806	  3.02806	 
  0.0191	 1.21564e-33	  0.32212	  0.32212	  12.5993	  2.79981	  2.79981	 
 0.01915	 1.21564e-33	 0.296608	 0.296608	  11.6492	  2.58868	  2.58868	 
  0.0192	 1.21564e-33	  0.27311	  0.27311	  10.7696	  2.39322	  2.39322	 
 0.01925	 1.21564e-33	 0.251473	 0.251473	  9.95672	  2.21258	  2.21258	 
  0.0193	 1.21564e-33	 0.231538	 0.231538	  9.20401	  2.04531	  2.04531	 
 0.01935	 1.21564e-33	 0.213182	 0.213182	  8.50826	   1.8907	   1.8907	 
  0.0194	 1.21564e-33	 0.196277	 0.196277	  7.86493	  1.74774	  1.74774	 
 0.01945	 1.21564e-33	 0.180711	 0.180711	   7.2695	  1.61543	  1.61543	 
  0.0195	 1.21564e-33	 0.166373	 0.166373	  6.71872	  1.49303	  1.49303	 
 0.01955	 1.21564e-33	 0.153166	 0.153166	  6.20955	  1.37989	  1.37989	 
  0.0196	 1.21564e-33	 0.141008	 0.141008	  5.73864	  1.27524	  1.27524	 
 0.01965	 1.21564e-33	 0.129814	 0.129814	  5.30326	  1.17849	  1.17849	 
  0.0197	 1.21564e-33	 0.119505	 0.119505	   4.9007	  1.08903	  1.08903	 
 0.01975	 1.21564e-33	 0.110011	 0.110011	  4.52842	   1.0063	   1.0063	 
  0.0198	 1.21564e-33	 0.101267	 0.101267	  4.18423	 0.929819	 0.929819	 
 0.01985	 1.21564e-33	 0.0932172	 0.0932172	  3.86606	 0.859115	 0.859115	 
  0.0199	 1.21564e-33	 0.085807	 0.085807	   3.5719	 0.793747	 0.793747	 
 0.01995	 1.21564e-33	 0.0789839	 0.0789839	  3.30001	 0.733327	 0.733327	 
    0.02	 1.21564e-33	 0.0727031	 0.0727031	  3.04863	 0.677466	 0.677466	 
 0.02005	 1.21564e-33	 0.0669186	 0.0669186	  2.81635	 0.625848	 0.625848	 
  0.0201	 1.21564e-33	 0.0615914	 0.0615914	   2.6016	 0.578127	 0.578127	 
 0.02015	 1.21564e-33	 0.0566909	 0.0566909	   2.4031	 0.534016	 0.534016	 
  0.0202	 1.21564e-33	 0.0521768	 0.0521768	  2.21968	 0.493257	 0.493257	 
 0.02025	 1.21564e-33	 0.0480219	 0.0480219	  2.05018	  0.45559	  0.45559	 
  0.0203	 1.21564e-33	 0.0441969	 0.0441969	  1.89349	  0.42077	  0.42077	 
 0.02035	 1.21564e-33	 0.0406753	 0.0406753	  1.74877	 0.388611	 0.388611	 
  0.0204	 1.21564e-33	 0.0374337	 0.0374337	  1.61499	 0.358883	 0.358883	 
 0.02045	 1.21564e-33	 0.0344501	 0.0344501	  1.49144	 0.331427	 0.331427	 
  0.0205	 1.21564e-33	 0.031703	 0.031703	   1.3772	 0.306042	 0.306042	 
 0.02055	 1.21564e-33	 0.0291751	 0.0291751	  1.27171	 0.282599	 0.282599	 
  0.0206	 1.21564e-33	 0.0268478	 0.0268478	   1.1743	 0.260953	 0.260953	 
 0.02065	 1.21564e-33	 0.0247057	 0.0247057	  1.08421	 0.240933	 0.240933	 
  0.0207	 1.21564e-33	 0.0227341	 0.0227341	  1.00104	 0.222452	 0.222452	 
 0.02075	 1.21564e-33	 0.0209194	 0.0209194	  0.92422	  0.20538	  0.20538	 
  0.0208	 1.21564e-33	 0.0192491	 0.0192491	 0.853285	 0.189617	 0.189617	 
 0.02085	 1.21564e-33	 0.0177122	 0.0177122	 0.787723	 0.175048	 0.175048	 
  0.0209	 1.21564e-33	 0.0162974	 0.0162974	 0.727144	 0.161586	 0.161586	 
 0.02095	 1.21564e-33	 0.0149951	 0.0149951	 0.671224	 0.149159	 0.149159	 
   0.021	 1.21564e-33	 0.0137969	 0.0137969	 0.619603	 0.137688	 0.137688	 
 0.02105	 1.21564e-33	 0.0126942	 0.0126942	 0.571916	 0.127091	 0.127091	 
  0.0211	 1.21564e-33	 0.0116792	 0.0116792	 0.527873	 0.117304	 0.117304	 
 0.02115	 1.21564e-33	 0.0107452	 0.0107452	 0.487209	 0.108267	 0.108267	 
  0.0212	 1.21564e-33	 0.00988596	 0.00988596	 0.449658	 0.0999228	 0.0999228	 
 0.02125	 1.21564e-33	 0.00909511	 0.00909511	 0.414986	 0.0922182	 0.0922182	 
  0.0213	 1.21564e-33	 0.00836756	 0.00836756	 0.382975	 0.0851047	 0.0851047	 
 0.02135	 1.21564e-33	 0.00769768	 0.00769768	 0.353417	 0.0785362	 0.0785362	 
  0.0214	 1.21564e-33	 0.00708137	 0.00708137	 0.326124	 0.0724712	 0.0724712	 
 0.02145	 1.21564e-33	 0.00651461	 0.00651461	 0.300935	 0.0668736	 0.0668736	 
  0.0215	 1.21564e-33	 0.00599297	 0.00599297	  0.27768	 0.061706	 0.061706	 
 0.02155	 1.21564e-33	 0.00551268	 0.00551268	 0.256212	 0.0569354	 0.0569354	 
  0.0216	 1.21564e-33	 0.00507105	 0.00507105	 0.236394	 0.0525315	 0.0525315	 
 0.02165	 1.21564e-33	 0.00466462	 0.00466462	 0.218104	 0.0484671	 0.0484671	 
  0.0217	 1.21564e-33	 0.00429073	 0.00429073	 0.201225	 0.0447162	 0.0447162	 
 0.02175	 1.21564e-33	 0.00394679	 0.00394679	  0.18564	 0.0412529	 0.0412529	 
  0.0218	 1.21564e-33	 0.00363029	 0.00363029	 0.171259	 0.0380571	 0.0380571	 
 0.02185	 1.21564e-33	 0.00333913	 0.00333913	 0.157985	 0.0351073	 0.0351073	 
  0.0219	 1.21564e-33	 0.00307129	 0.00307129	 0.145733	 0.0323847	 0.0323847	 
 0.02195	 1.21564e-33	 0.00282487	 0.00282487	 0.134426	 0.0298721	 0.0298721	 
   0.022	 1.21564e-33	 0.00259813	 0.00259813	    0.124	 0.0275551	 0.0275551	 
 0.02205	 1.21564e-33	 0.00238958	 0.00238958	 0.114369	 0.025415	 0.025415	 
  0.0221	 1.21564e-33	 0.00219778	 0.00219778	 0.105489	 0.0234418	 0.0234418	 
 0.02215	 1.21564e-33	 0.00202127	 0.00202127	 0.0972955	 0.021621	 0.021621	 
  0.0222	 1.21564e-33	 0.00185895	 0.00185895	 0.0897296	 0.0199397	 0.0199397	 
 0.02225	 1.21564e-33	 0.00170958	 0.00170958	 0.0827527	 0.0183893	 0.0183893	 
  0.0223	 1.21564e-33	 0.00157223	 0.00157223	 0.0763194	 0.0169597	 0.0169597	 
 0.02235	 1.21564e-33	 0.00144589	 0.00144589	 0.070378	 0.0156394	 0.0156394	 
  0.0224	 1.21564e-33	 0.00132968	 0.00132968	 0.064896	 0.0144212	 0.0144212	 
 0.02245	 1.21564e-33	 0.00122278	 0.00122278	 0.0598452	 0.0132988	 0.0132988	 
  0.0225	 1.21564e-33	 0.00112443	 0.00112443	 0.0551827	 0.0122627	 0.0122627	 
 0.02255	 1.21564e-33	 0.001034	 0.001034	 0.0508826	 0.0113071	 0.0113071	 
  0.0226	 1.21564e-33	 0.00095085	 0.00095085	 0.0469152	 0.0104255	 0.0104255	 
 0.02265	 1.21564e-33	 0.000874332	 0.000874332	 0.0432558	 0.0096123	 0.0096123	 
  0.0227	 1.21564e-33	 0.000803961	 0.000803961	 0.0398813	 0.0088624	 0.0088624	 
 0.02275	 1.21564e-33	 0.000739241	 0.000739241	 0.0367688	 0.00817075	 0.00817075	 
  0.0228	 1.21564e-33	 0.00067975	 0.00067975	 0.0338978	 0.00753275	 0.00753275	 
 0.02285	 1.21564e-33	 0.000625	 0.000625	  0.03125	 0.00694437	 0.00694437	 
  0.0229	 1.21564e-33	 0.000574686	 0.000574686	 0.0288081	 0.00640173	 0.00640173	 
 0.02295	 1.21564e-33	 0.000528392	 0.000528392	 0.0265564	 0.00590136	 0.00590136	 
   0.023	 1.21564e-33	 0.000485823	 0.000485823	 0.0244802	 0.00543998	 0.00543998	 
 0.02305	 1.21564e-33	 0.000446676	 0.000446676	 0.0225651	 0.00501441	 0.00501441	 
  0.0231	 1.21564e-33	 0.000410679	 0.000410679	 0.0207995	 0.00462205	 0.00462205	 
 0.02315	 1.21564e-33	 0.000377576	 0.000377576	 0.0191711	 0.00426019	 0.00426019	 
  0.0232	 1.21564e-33	 0.000347132	 0.000347132	 0.0176702	 0.00392667	 0.00392667	 
 0.02325	 1.21564e-33	 0.000319142	 0.000319142	 0.0162865	 0.00361917	 0.00361917	 
  0.0233	 1.21564e-33	 0.000293406	 0.000293406	 0.0150102	 0.00333555	 0.00333555	 
 0.02335	 1.21564e-33	 0.00026974	 0.00026974	 0.0138335	 0.00307408	 0.00307408	 
  0.0234	 1.21564e-33	 0.000247979	 0.000247979	 0.0127488	 0.00283303	 0.00283303	 
 0.02345	 1.21564e-33	 0.000227969	 0.000227969	 0.0117489	 0.00261083	 0.00261083	 
  0.0235	 1.21564e-33	 0.000209572	 0.000209572	 0.0108272	 0.00240602	 0.00240602	 
 0.02355	 1.21564e-33	 0.000192656	 0.000192656	 0.00997743	 0.00221718	 0.00221718	 
  0.0236	 1.21564e-33	 0.000177102	 0.000177102	 0.00919366	 0.00204301	 0.00204301	 
 0.02365	 1.21564e-33	 0.000162801	 0.000162801	 0.00847201	 0.00188265	 0.00188265	 
  0.0237	 1.21564e-33	 0.000149656	 0.000149656	 0.00780603	 0.00173465	 0.00173465	 
 0.02375	 1.21564e-33	 0.000137566	 0.000137566	 0.00719248	 0.00159831	 0.00159831	 
  0.0238	 1.21564e-33	 0.000126455	 0.000126455	 0.00662746	 0.00147275	 0.00147275	 
 0.02385	 1.21564e-33	 0.000116238	 0.000116238	 0.00610606	 0.00135689	 0.00135689	 
  0.0239	 1.21564e-33	 0.000106847	 0.000106847	 0.0056257	 0.00125014	 0.00125014	 
 0.02395	 1.21564e-33	 9.82094e-05	 9.82094e-05	 0.00518301	 0.00115177	 0.00115177	 
   0.024	 1.21564e-33	 9.02714e-05	 9.02714e-05	 0.00477501	 0.0010611	 0.0010611	 
 0.02405	 1.21564e-33	 8.29767e-05	 8.29767e-05	 0.00439904	 0.000977554	 0.000977554	 
  0.0241	 1.21564e-33	 7.62687e-05	 7.62687e-05	 0.00405252	 0.000900551	 0.000900551	 
 0.02415	 1.21564e-33	 7.01019e-05	 7.01019e-05	 0.00373325	 0.000829602	 0.000829602	 
  0.0242	 1.21564e-33	 6.44314e-05	 6.44314e-05	 0.00343903	 0.00076422	 0.00076422	 
 0.02425	 1.21564e-33	 5.92215e-05	 5.92215e-05	 0.00316791	 0.000703973	 0.000703973	 
  0.0243	 1.21564e-33	 5.44299e-05	 5.44299e-05	 0.00291802	 0.000648442	 0.000648442	 
 0.02435	 1.21564e-33	 5.00267e-05	 5.00267e-05	 0.00268788	 0.000597299	 0.000597299	 
  0.0244	 1.21564e-33	 4.59792e-05	 4.59792e-05	 0.00247572	 0.000550154	 0.000550154	 
 0.02445	 1.21564e-33	 4.22585e-05	 4.22585e-05	 0.00228033	 0.000506733	 0.000506733	 
  0.0245	 1.21564e-33	 3.88392e-05	 3.88392e-05	 0.00210027	 0.000466722	 0.000466722	 
 0.02455	 1.21564e-33	 3.56962e-05	 3.56962e-05	 0.00193439	 0.00042986	 0.00042986	 
  0.0246	 1.21564e-33	 3.28066e-05	 3.28066e-05	 0.00178158	 0.000395903	 0.000395903	 
 0.02465	 1.21564e-33	 3.01511e-05	 3.01511e-05	 0.00164075	 0.000364607	 0.000364607	 
  0.0247	 1.21564e-33	 2.77106e-05	 2.77106e-05	 0.00151105	 0.000335785	 0.000335785	 
 0.02475	 1.21564e-33	 2.54674e-05	 2.54674e-05	 0.00139157	 0.000309235	 0.000309235	 
  0.0248	 1.21564e-33	 2.34058e-05	 2.34058e-05	 0.00128148	 0.00028477	 0.00028477	 
 0.02485	 1.21564e-33	 2.15105e-05	 2.15105e-05	 0.00118013	 0.000262248	 0.000262248	 
  0.0249	 1.21564e-33	 1.97692e-05	 1.97692e-05	 0.00108674	 0.000241494	 0.000241494	 
 0.02495	 1.21564e-33	 1.81692e-05	 1.81692e-05	 0.00100066	 0.000222365	 0.000222365	 
   0.025	 1.21564e-33	 1.66985e-05	 1.66985e-05	 0.000921437	 0.000204761	 0.000204761	 
       0	        0	        0	        0	        0	        0	        0	 
