       0	        0	        0	        0	        0	        0	        0	 
   5e-05	  3969.48	 9.87062e+06	 9.87062e+06	 7.60529e+06	 1.69313e+06	 1.69313e+06	 
  0.0001	  41325.5	 3.91287e+07	 3.91287e+07	 2.94216e+07	 6.5702e+06	 6.5702e+06	 
 0.00015	   257641	 8.78602e+07	 8.78602e+07	 6.55763e+07	 1.47727e+07	 1.47727e+07	 
  0.0002	   887063	 1.54088e+08	 1.54088e+08	 1.16445e+08	 2.65663e+07	 2.65663e+07	 
 0.00025	 2.36887e+06	 2.43782e+08	 2.43782e+08	 1.83351e+08	 4.25866e+07	 4.25866e+07	 
  0.0003	 4.82814e+06	 3.55501e+08	 3.55501e+08	 2.64871e+08	 6.26147e+07	 6.26147e+07	 
 0.00035	 8.59861e+06	 4.87997e+08	 4.87997e+08	 3.60624e+08	 8.68256e+07	 8.68256e+07	 
  0.0004	 1.35394e+07	 6.40493e+08	 6.40493e+08	 4.67673e+08	 1.14457e+08	 1.14457e+08	 
 0.00045	 1.97352e+07	 8.12356e+08	 8.12356e+08	 5.84724e+08	 1.45287e+08	 1.45287e+08	 
  0.0005	 2.70324e+07	 9.96487e+08	 9.96487e+08	 7.09183e+08	 1.7862e+08	 1.7862e+08	 
 0.00055	 3.53742e+07	 1.20397e+09	 1.20397e+09	 8.39224e+08	 2.14006e+08	 2.14006e+08	 
  0.0006	 4.4423e+07	 1.42815e+09	 1.42815e+09	 9.72476e+08	 2.50655e+08	 2.50655e+08	 
 0.00065	 5.38987e+07	 1.66581e+09	 1.66581e+09	 1.10733e+09	 2.87991e+08	 2.87991e+08	 
  0.0007	 6.37262e+07	 1.91673e+09	 1.91673e+09	 1.24236e+09	 3.25642e+08	 3.25642e+08	 
 0.00075	 7.3837e+07	 2.17966e+09	 2.17966e+09	 1.37633e+09	 3.63276e+08	 3.63276e+08	 
  0.0008	 8.3945e+07	 2.453e+09	 2.453e+09	 1.50811e+09	 4.00422e+08	 4.00422e+08	 
 0.00085	 9.3904e+07	 2.73487e+09	 2.73487e+09	 1.63651e+09	 4.36702e+08	 4.36702e+08	 
  0.0009	 1.03619e+08	 3.02604e+09	 3.02604e+09	 1.76063e+09	 4.71839e+08	 4.71839e+08	 
 0.00095	 1.1302e+08	 3.32239e+09	 3.32239e+09	 1.87966e+09	 5.05603e+08	 5.05603e+08	 
   0.001	 1.22031e+08	 3.6238e+09	 3.6238e+09	 1.99263e+09	 5.37715e+08	 5.37715e+08	 
 0.00105	 1.30598e+08	 3.92905e+09	 3.92905e+09	 2.09889e+09	 5.67991e+08	 5.67991e+08	 
  0.0011	 1.38662e+08	 4.23687e+09	 4.23687e+09	 2.19824e+09	 5.96341e+08	 5.96341e+08	 
 0.00115	 1.46229e+08	 4.54617e+09	 4.54617e+09	 2.29055e+09	 6.22741e+08	 6.22741e+08	 
  0.0012	 1.53212e+08	 4.85633e+09	 4.85633e+09	 2.37553e+09	 6.47056e+08	 6.47056e+08	 
 0.00125	 1.59642e+08	 5.16576e+09	 5.16576e+09	 2.45296e+09	 6.69262e+08	 6.69262e+08	 
  0.0013	 1.65532e+08	 5.47372e+09	 5.47372e+09	 2.52247e+09	 6.89291e+08	 6.89291e+08	 
 0.00135	 1.70857e+08	 5.77881e+09	 5.77881e+09	 2.58383e+09	 7.07067e+08	 7.07067e+08	 
  0.0014	 1.75594e+08	 6.08051e+09	 6.08051e+09	 2.63717e+09	 7.22606e+08	 7.22606e+08	 
 0.00145	 1.79771e+08	 6.37746e+09	 6.37746e+09	 2.68269e+09	 7.35968e+08	 7.35968e+08	 
  0.0015	 1.83454e+08	 6.66934e+09	 6.66934e+09	 2.72058e+09	 7.47253e+08	 7.47253e+08	 
 0.00155	 1.8654e+08	 6.95642e+09	 6.95642e+09	 2.75091e+09	 7.56393e+08	 7.56393e+08	 
  0.0016	 1.89081e+08	 7.23519e+09	 7.23519e+09	 2.77403e+09	 7.63507e+08	 7.63507e+08	 
 0.00165	 1.91057e+08	 7.50572e+09	 7.50572e+09	 2.78999e+09	 7.68591e+08	 7.68591e+08	 
  0.0017	 1.92549e+08	 7.76803e+09	 7.76803e+09	 2.79919e+09	 7.71797e+08	 7.71797e+08	 
 0.00175	 1.93572e+08	 8.02051e+09	 8.02051e+09	 2.80185e+09	 7.73183e+08	 7.73183e+08	 
  0.0018	 1.9415e+08	 8.26424e+09	 8.26424e+09	 2.79835e+09	 7.72854e+08	 7.72854e+08	 
 0.00185	 1.94364e+08	 8.49802e+09	 8.49802e+09	 2.78914e+09	 7.70975e+08	 7.70975e+08	 
  0.0019	 1.94176e+08	 8.72124e+09	 8.72124e+09	 2.77435e+09	 7.67542e+08	 7.67542e+08	 
 0.00195	 1.9361e+08	 8.9333e+09	 8.9333e+09	 2.75424e+09	 7.62632e+08	 7.62632e+08	 
   0.002	 1.92706e+08	 9.13439e+09	 9.13439e+09	 2.72906e+09	 7.56334e+08	 7.56334e+08	 
 0.00205	 1.9148e+08	 9.3239e+09	 9.3239e+09	 2.69921e+09	 7.48747e+08	 7.48747e+08	 
  0.0021	 1.89969e+08	 9.50199e+09	 9.50199e+09	 2.66514e+09	  7.4e+08	  7.4e+08	 
 0.00215	 1.88196e+08	 9.66868e+09	 9.66868e+09	 2.62715e+09	 7.3018e+08	 7.3018e+08	 
  0.0022	 1.86159e+08	 9.82337e+09	 9.82337e+09	 2.58542e+09	 7.19323e+08	 7.19323e+08	 
 0.00225	 1.83873e+08	 9.96589e+09	 9.96589e+09	 2.54031e+09	 7.0752e+08	 7.0752e+08	 
  0.0023	 1.81396e+08	 1.00968e+10	 1.00968e+10	 2.49218e+09	 6.94898e+08	 6.94898e+08	 
 0.00235	 1.78762e+08	 1.02158e+10	 1.02158e+10	 2.4414e+09	 6.81566e+08	 6.81566e+08	 
  0.0024	 1.75922e+08	 1.03231e+10	 1.03231e+10	 2.38817e+09	 6.67528e+08	 6.67528e+08	 
 0.00245	 1.7294e+08	 1.04196e+10	 1.04196e+10	 2.3329e+09	 6.52927e+08	 6.52927e+08	 
  0.0025	 1.6983e+08	 1.05042e+10	 1.05042e+10	 2.27575e+09	 6.37807e+08	 6.37807e+08	 
 0.00255	 1.666e+08	 1.05776e+10	 1.05776e+10	 2.21712e+09	 6.22266e+08	 6.22266e+08	 
  0.0026	 1.63299e+08	 1.06406e+10	 1.06406e+10	 2.15727e+09	 6.064e+08	 6.064e+08	 
 0.00265	 1.59919e+08	 1.06928e+10	 1.06928e+10	 2.09636e+09	 5.90233e+08	 5.90233e+08	 
  0.0027	 1.56473e+08	 1.07348e+10	 1.07348e+10	 2.03462e+09	 5.73834e+08	 5.73834e+08	 
 0.00275	 1.52972e+08	 1.07668e+10	 1.07668e+10	 1.97242e+09	 5.5729e+08	 5.5729e+08	 
  0.0028	 1.4945e+08	 1.07908e+10	 1.07908e+10	 1.9099e+09	 5.40657e+08	 5.40657e+08	 
 0.00285	 1.45892e+08	 1.08041e+10	 1.08041e+10	 1.84725e+09	 5.23967e+08	 5.23967e+08	 
  0.0029	 1.42294e+08	 1.08083e+10	 1.08083e+10	 1.78456e+09	 5.07239e+08	 5.07239e+08	 
 0.00295	 1.3869e+08	 1.08041e+10	 1.08041e+10	 1.72215e+09	 4.90566e+08	 4.90566e+08	 
   0.003	 1.35077e+08	 1.07916e+10	 1.07916e+10	 1.66005e+09	 4.73956e+08	 4.73956e+08	 
 0.00305	 1.31486e+08	 1.07708e+10	 1.07708e+10	 1.59866e+09	 4.5752e+08	 4.5752e+08	 
  0.0031	 1.27899e+08	 1.0743e+10	 1.0743e+10	 1.53783e+09	 4.41213e+08	 4.41213e+08	 
 0.00315	 1.24311e+08	 1.07074e+10	 1.07074e+10	 1.47769e+09	 4.2506e+08	 4.2506e+08	 
  0.0032	 1.20776e+08	 1.06652e+10	 1.06652e+10	 1.41856e+09	 4.09168e+08	 4.09168e+08	 
 0.00325	 1.17245e+08	 1.06164e+10	 1.06164e+10	 1.36039e+09	 3.93495e+08	 3.93495e+08	 
  0.0033	 1.13766e+08	 1.05615e+10	 1.05615e+10	 1.30338e+09	 3.78122e+08	 3.78122e+08	 
 0.00335	 1.10337e+08	 1.05006e+10	 1.05006e+10	 1.24763e+09	 3.63066e+08	 3.63066e+08	 
  0.0034	 1.06982e+08	 1.04346e+10	 1.04346e+10	 1.19326e+09	 3.48374e+08	 3.48374e+08	 
 0.00345	 1.03639e+08	 1.03628e+10	 1.03628e+10	 1.14015e+09	 3.33973e+08	 3.33973e+08	 
  0.0035	 1.00343e+08	 1.02864e+10	 1.02864e+10	 1.08844e+09	 3.19917e+08	 3.19917e+08	 
 0.00355	 9.71176e+07	 1.0205e+10	 1.0205e+10	 1.03818e+09	 3.06241e+08	 3.06241e+08	 
  0.0036	 9.39856e+07	 1.01193e+10	 1.01193e+10	 9.89547e+08	 2.92997e+08	 2.92997e+08	 
 0.00365	 9.09015e+07	 1.00299e+10	 1.00299e+10	 9.42386e+08	 2.80118e+08	 2.80118e+08	 
  0.0037	 8.7862e+07	 9.93599e+09	 9.93599e+09	 8.96699e+08	 2.67601e+08	 2.67601e+08	 
 0.00375	 8.4954e+07	 9.83885e+09	 9.83885e+09	 8.52819e+08	 2.55589e+08	 2.55589e+08	 
  0.0038	 8.20804e+07	 9.73821e+09	 9.73821e+09	 8.104e+08	 2.43927e+08	 2.43927e+08	 
 0.00385	 7.92763e+07	 9.63415e+09	 9.63415e+09	 7.69522e+08	 2.32663e+08	 2.32663e+08	 
  0.0039	 7.6567e+07	 9.52736e+09	 9.52736e+09	 7.30304e+08	 2.2184e+08	 2.2184e+08	 
 0.00395	 7.38885e+07	 9.41764e+09	 9.41764e+09	 6.92531e+08	 2.11363e+08	 2.11363e+08	 
   0.004	 7.12882e+07	 9.30543e+09	 9.30543e+09	 6.56301e+08	 2.0129e+08	 2.0129e+08	 
 0.00405	 6.87326e+07	 9.19063e+09	 9.19063e+09	 6.21506e+08	 1.9157e+08	 1.9157e+08	 
  0.0041	 6.62408e+07	 9.0736e+09	 9.0736e+09	 5.88168e+08	 1.82223e+08	 1.82223e+08	 
 0.00415	 6.37796e+07	 8.95393e+09	 8.95393e+09	 5.56152e+08	 1.73194e+08	 1.73194e+08	 
  0.0042	 6.14168e+07	 8.83244e+09	 8.83244e+09	 5.2569e+08	 1.64587e+08	 1.64587e+08	 
 0.00425	 5.91227e+07	 8.70933e+09	 8.70933e+09	 4.9658e+08	 1.56334e+08	 1.56334e+08	 
  0.0043	 5.68795e+07	 8.58456e+09	 8.58456e+09	 4.68854e+08	 1.48428e+08	 1.48428e+08	 
 0.00435	 5.47145e+07	 8.45791e+09	 8.45791e+09	 4.42481e+08	 1.40884e+08	 1.40884e+08	 
  0.0044	 5.26203e+07	 8.32967e+09	 8.32967e+09	 4.17386e+08	 1.33678e+08	 1.33678e+08	 
 0.00445	 5.06036e+07	 8.20013e+09	 8.20013e+09	 3.93593e+08	 1.26823e+08	 1.26823e+08	 
  0.0045	 4.8646e+07	 8.06985e+09	 8.06985e+09	 3.70959e+08	 1.2027e+08	 1.2027e+08	 
 0.00455	 4.67736e+07	 7.93772e+09	 7.93772e+09	 3.49565e+08	 1.1406e+08	 1.1406e+08	 
  0.0046	 4.49761e+07	 7.8052e+09	 7.8052e+09	 3.29261e+08	 1.0815e+08	 1.0815e+08	 
 0.00465	 4.32366e+07	 7.67166e+09	 7.67166e+09	 3.10111e+08	 1.02541e+08	 1.02541e+08	 
  0.0047	 4.15194e+07	 7.53698e+09	 7.53698e+09	 2.91869e+08	 9.71519e+07	 9.71519e+07	 
 0.00475	 3.98564e+07	 7.40186e+09	 7.40186e+09	 2.74596e+08	 9.20202e+07	 9.20202e+07	 
  0.0048	 3.82888e+07	 7.26581e+09	 7.26581e+09	 2.58419e+08	 8.7206e+07	 8.7206e+07	 
 0.00485	 3.67528e+07	 7.12955e+09	 7.12955e+09	 2.43067e+08	 8.25999e+07	 8.25999e+07	 
  0.0049	 3.52482e+07	 6.99247e+09	 6.99247e+09	 2.2554e+08	 7.75348e+07	 7.75348e+07	 
 0.00495	 3.37811e+07	 6.85521e+09	 6.85521e+09	 2.12493e+08	 7.34944e+07	 7.34944e+07	 
   0.005	 3.23761e+07	 6.71751e+09	 6.71751e+09	 2.00185e+08	 6.96664e+07	 6.96664e+07	 
 0.00505	 3.10331e+07	 6.58001e+09	 6.58001e+09	 1.8854e+08	 6.60342e+07	 6.60342e+07	 
  0.0051	 2.97446e+07	 6.44235e+09	 6.44235e+09	 1.77555e+08	 6.2591e+07	 6.2591e+07	 
 0.00515	 2.84928e+07	 6.30509e+09	 6.30509e+09	 1.67118e+08	 5.9298e+07	 5.9298e+07	 
  0.0052	 2.72809e+07	 6.16762e+09	 6.16762e+09	 1.57174e+08	 5.61457e+07	 5.61457e+07	 
 0.00525	 2.61346e+07	 6.03072e+09	 6.03072e+09	 1.47883e+08	 5.31895e+07	 5.31895e+07	 
  0.0053	 2.50368e+07	 5.89418e+09	 5.89418e+09	 1.39131e+08	 5.03908e+07	 5.03908e+07	 
 0.00535	 2.39665e+07	 5.75805e+09	 5.75805e+09	 1.30782e+08	 4.7703e+07	 4.7703e+07	 
  0.0054	 2.29393e+07	 5.6226e+09	 5.6226e+09	 1.22932e+08	 4.51596e+07	 4.51596e+07	 
 0.00545	 2.19393e+07	 5.48781e+09	 5.48781e+09	 1.15485e+08	 4.2727e+07	 4.2727e+07	 
  0.0055	 2.09699e+07	 5.35384e+09	 5.35384e+09	 1.08403e+08	 4.03992e+07	 4.03992e+07	 
 0.00555	 2.00474e+07	 5.22079e+09	 5.22079e+09	 1.01792e+08	 3.82128e+07	 3.82128e+07	 
  0.0056	 1.91607e+07	 5.08876e+09	 5.08876e+09	 9.55726e+07	 3.61409e+07	 3.61409e+07	 
 0.00565	 1.83262e+07	 4.95791e+09	 4.95791e+09	 8.97566e+07	 3.41995e+07	 3.41995e+07	 
  0.0057	 1.75304e+07	 4.8283e+09	 4.8283e+09	 8.43119e+07	 3.23706e+07	 3.23706e+07	 
 0.00575	 1.67506e+07	 4.69994e+09	 4.69994e+09	 7.9143e+07	 3.06154e+07	 3.06154e+07	 
  0.0058	 1.60084e+07	 4.57301e+09	 4.57301e+09	 7.43173e+07	 2.89658e+07	 2.89658e+07	 
 0.00585	 1.52972e+07	 4.44759e+09	 4.44759e+09	 6.9754e+07	 2.73986e+07	 2.73986e+07	 
  0.0059	 1.46231e+07	 4.3238e+09	 4.3238e+09	 6.5595e+07	 2.595e+07	 2.595e+07	 
 0.00595	 1.39662e+07	 4.20159e+09	 4.20159e+09	 6.16174e+07	 2.45552e+07	 2.45552e+07	 
   0.006	 1.33297e+07	 4.08117e+09	 4.08117e+09	 5.78614e+07	 2.32255e+07	 2.32255e+07	 
 0.00605	 1.2718e+07	 3.96255e+09	 3.96255e+09	 5.43319e+07	 2.19655e+07	 2.19655e+07	 
  0.0061	 1.21261e+07	 3.84583e+09	 3.84583e+09	 5.10011e+07	 2.07649e+07	 2.07649e+07	 
 0.00615	 1.15598e+07	 3.73109e+09	 3.73109e+09	 4.78227e+07	 1.96181e+07	 1.96181e+07	 
  0.0062	 1.10114e+07	 3.61843e+09	 3.61843e+09	 4.48911e+07	 1.85401e+07	 1.85401e+07	 
 0.00625	 1.04955e+07	 3.5078e+09	 3.5078e+09	 4.21679e+07	 1.75337e+07	 1.75337e+07	 
  0.0063	 1.00104e+07	 3.39941e+09	 3.39941e+09	 3.96342e+07	 1.65934e+07	 1.65934e+07	 
 0.00635	 9.54637e+06	 3.2932e+09	 3.2932e+09	 3.72653e+07	 1.57061e+07	 1.57061e+07	 
  0.0064	 9.10309e+06	 3.18923e+09	 3.18923e+09	 3.50466e+07	 1.48682e+07	 1.48682e+07	 
 0.00645	 8.67401e+06	 3.08754e+09	 3.08754e+09	 3.28723e+07	 1.40513e+07	 1.40513e+07	 
  0.0065	 8.26984e+06	 2.98816e+09	 2.98816e+09	 3.09514e+07	 1.33101e+07	 1.33101e+07	 
 0.00655	 7.89489e+06	 2.89119e+09	 2.89119e+09	 2.91954e+07	 1.26283e+07	 1.26283e+07	 
  0.0066	 7.53045e+06	 2.79651e+09	 2.79651e+09	 2.75352e+07	 1.19759e+07	 1.19759e+07	 
 0.00665	 7.17374e+06	 2.70415e+09	 2.70415e+09	 2.59572e+07	 1.13478e+07	 1.13478e+07	 
  0.0067	 6.82814e+06	 2.61418e+09	 2.61418e+09	 2.44651e+07	 1.07474e+07	 1.07474e+07	 
 0.00675	 6.49887e+06	 2.52658e+09	 2.52658e+09	 2.30088e+07	 1.01677e+07	 1.01677e+07	 
  0.0068	 6.18222e+06	 2.44135e+09	 2.44135e+09	 2.17138e+07	 9.63364e+06	 9.63364e+06	 
 0.00685	 5.87557e+06	 2.35851e+09	 2.35851e+09	 2.04912e+07	 9.12346e+06	 9.12346e+06	 
  0.0069	 5.58785e+06	 2.27799e+09	 2.27799e+09	 1.93577e+07	 8.64777e+06	 8.64777e+06	 
 0.00695	 5.31565e+06	 2.19984e+09	 2.19984e+09	 1.83046e+07	 8.20205e+06	 8.20205e+06	 
   0.007	 5.05426e+06	 2.12397e+09	 2.12397e+09	 1.73128e+07	 7.77835e+06	 7.77835e+06	 
 0.00705	 4.79894e+06	 2.0504e+09	 2.0504e+09	 1.63685e+07	 7.36993e+06	 7.36993e+06	 
  0.0071	 4.55979e+06	 1.97906e+09	 1.97906e+09	 1.54675e+07	 6.98369e+06	 6.98369e+06	 
 0.00715	 4.33977e+06	 1.90998e+09	 1.90998e+09	 1.46834e+07	 6.63833e+06	 6.63833e+06	 
  0.0072	 4.1323e+06	 1.84308e+09	 1.84308e+09	 1.39562e+07	 6.31537e+06	 6.31537e+06	 
 0.00725	 3.93574e+06	 1.7783e+09	 1.7783e+09	 1.3277e+07	 6.01154e+06	 6.01154e+06	 
  0.0073	 3.74298e+06	 1.71564e+09	 1.71564e+09	 1.26279e+07	 5.71739e+06	 5.71739e+06	 
 0.00735	 3.56072e+06	 1.65501e+09	 1.65501e+09	 1.2027e+07	 5.4421e+06	 5.4421e+06	 
  0.0074	 3.38542e+06	 1.59636e+09	 1.59636e+09	 1.14399e+07	 5.17528e+06	 5.17528e+06	 
 0.00745	 3.21416e+06	 1.53965e+09	 1.53965e+09	 1.09061e+07	 4.92347e+06	 4.92347e+06	 
  0.0075	 3.05288e+06	 1.48482e+09	 1.48482e+09	 1.04114e+07	 4.68808e+06	 4.68808e+06	 
 0.00755	 2.89818e+06	 1.43179e+09	 1.43179e+09	 9.94566e+06	 4.46427e+06	 4.46427e+06	 
  0.0076	 2.7502e+06	 1.38059e+09	 1.38059e+09	 9.50877e+06	 4.25209e+06	 4.25209e+06	 
 0.00765	 2.60684e+06	 1.33113e+09	 1.33113e+09	 9.09301e+06	 4.04819e+06	 4.04819e+06	 
  0.0077	 2.47148e+06	 1.28332e+09	 1.28332e+09	 8.68672e+06	 3.85263e+06	 3.85263e+06	 
 0.00775	 2.34088e+06	 1.23715e+09	 1.23715e+09	 8.32786e+06	 3.6713e+06	 3.6713e+06	 
  0.0078	 2.223e+06	 1.19268e+09	 1.19268e+09	 8.01036e+06	 3.50907e+06	 3.50907e+06	 
 0.00785	 2.11264e+06	 1.1496e+09	 1.1496e+09	 7.71698e+06	 3.35804e+06	 3.35804e+06	 
  0.0079	 2.00394e+06	 1.108e+09	 1.108e+09	 7.4328e+06	 3.21034e+06	 3.21034e+06	 
 0.00795	 1.90258e+06	 1.06781e+09	 1.06781e+09	 7.17191e+06	 3.07353e+06	 3.07353e+06	 
   0.008	 1.80813e+06	 1.02898e+09	 1.02898e+09	 6.91802e+06	 2.94365e+06	 2.94365e+06	 
 0.00805	 1.7167e+06	 9.91446e+08	 9.91446e+08	 6.69086e+06	 2.82205e+06	 2.82205e+06	 
  0.0081	 1.62936e+06	 9.55165e+08	 9.55165e+08	 6.47911e+06	 2.70707e+06	 2.70707e+06	 
 0.00815	 1.54715e+06	 9.20108e+08	 9.20108e+08	 6.28244e+06	 2.59943e+06	 2.59943e+06	 
  0.0082	 1.46735e+06	 8.86205e+08	 8.86205e+08	 6.09404e+06	 2.49549e+06	 2.49549e+06	 
 0.00825	 1.39026e+06	 8.53427e+08	 8.53427e+08	 5.91417e+06	 2.39556e+06	 2.39556e+06	 
  0.0083	 1.31574e+06	 8.21744e+08	 8.21744e+08	 5.74184e+06	 2.29931e+06	 2.29931e+06	 
 0.00835	 1.24559e+06	 7.911e+08	 7.911e+08	 5.57743e+06	 2.20821e+06	 2.20821e+06	 
  0.0084	 1.17878e+06	 7.61472e+08	 7.61472e+08	 5.42927e+06	 2.12332e+06	 2.12332e+06	 
 0.00845	 1.11526e+06	 7.32829e+08	 7.32829e+08	 5.29002e+06	 2.04298e+06	 2.04298e+06	 
  0.0085	 1.05767e+06	 7.05104e+08	 7.05104e+08	 5.16545e+06	 1.9705e+06	 1.9705e+06	 
 0.00855	 1.00296e+06	 6.78293e+08	 6.78293e+08	 5.04775e+06	 1.90179e+06	 1.90179e+06	 
  0.0086	   948857	 6.52366e+08	 6.52366e+08	 4.93099e+06	 1.83377e+06	 1.83377e+06	 
 0.00865	   897295	 6.27277e+08	 6.27277e+08	 4.81708e+06	 1.76835e+06	 1.76835e+06	 
  0.0087	   850428	 6.03018e+08	 6.03018e+08	 4.71679e+06	 1.70961e+06	 1.70961e+06	 
 0.00875	   807434	 5.79559e+08	 5.79559e+08	 4.62404e+06	 1.65556e+06	 1.65556e+06	 
  0.0088	   766371	 5.56849e+08	 5.56849e+08	 4.53517e+06	 1.60387e+06	 1.60387e+06	 
 0.00885	   726827	 5.34897e+08	 5.34897e+08	 4.44916e+06	 1.554e+06	 1.554e+06	 
  0.0089	   688282	 5.13683e+08	 5.13683e+08	 4.36426e+06	 1.50516e+06	 1.50516e+06	 
 0.00895	   651358	 4.93158e+08	 4.93158e+08	 4.28169e+06	 1.45809e+06	 1.45809e+06	 
   0.009	   615943	 4.73342e+08	 4.73342e+08	 4.20187e+06	 1.41281e+06	 1.41281e+06	 
 0.00905	   582586	 4.54177e+08	 4.54177e+08	 4.12619e+06	 1.37005e+06	 1.37005e+06	 
  0.0091	   550851	 4.35667e+08	 4.35667e+08	 4.05286e+06	 1.32907e+06	 1.32907e+06	 
 0.00915	   520572	 4.17788e+08	 4.17788e+08	 3.98172e+06	 1.28971e+06	 1.28971e+06	 
  0.0092	   492664	 4.0053e+08	 4.0053e+08	 3.91438e+06	 1.25304e+06	 1.25304e+06	 
 0.00925	   465973	 3.8387e+08	 3.8387e+08	 3.84585e+06	 1.21705e+06	 1.21705e+06	 
  0.0093	   439480	 3.67794e+08	 3.67794e+08	 3.77841e+06	 1.18146e+06	 1.18146e+06	 
 0.00935	   414443	 3.52289e+08	 3.52289e+08	 3.71286e+06	 1.14742e+06	 1.14742e+06	 
  0.0094	   392241	 3.37343e+08	 3.37343e+08	 3.65214e+06	 1.11665e+06	 1.11665e+06	 
 0.00945	   372207	 3.22942e+08	 3.22942e+08	 3.59365e+06	 1.08808e+06	 1.08808e+06	 
  0.0095	   353315	 3.09069e+08	 3.09069e+08	 3.53658e+06	 1.0607e+06	 1.0607e+06	 
 0.00955	   334652	 2.95706e+08	 2.95706e+08	 3.47806e+06	 1.03318e+06	 1.03318e+06	 
  0.0096	   316823	 2.82838e+08	 2.82838e+08	 3.41981e+06	 1.00637e+06	 1.00637e+06	 
 0.00965	   299475	 2.70455e+08	 2.70455e+08	 3.36115e+06	   979841	   979841	 
  0.0097	   282914	 2.58551e+08	 2.58551e+08	 3.30232e+06	   953885	   953885	 
 0.00975	   267510	 2.471e+08	 2.471e+08	 3.2453e+06	   929233	   929233	 
  0.0098	   252887	 2.36092e+08	 2.36092e+08	 3.18883e+06	   905311	   905311	 
 0.00985	   238480	 2.2552e+08	 2.2552e+08	 3.13118e+06	   881295	   881295	 
  0.0099	   225010	 2.1537e+08	 2.1537e+08	 3.07427e+06	   858173	   858173	 
 0.00995	   212390	 2.05624e+08	 2.05624e+08	 3.01799e+06	   835850	   835850	 
    0.01	   200375	 1.96272e+08	 1.96272e+08	 2.96158e+06	   813969	   813969	 
 0.01005	   188680	 1.87302e+08	 1.87302e+08	 2.9052e+06	   792343	   792343	 
  0.0101	   178233	 1.78703e+08	 1.78703e+08	 2.85065e+06	   772096	   772096	 
 0.01015	   168793	 1.70464e+08	 1.70464e+08	 2.7971e+06	   752855	   752855	 
  0.0102	   160023	 1.62572e+08	 1.62572e+08	 2.74387e+06	   734204	   734204	 
 0.01025	   151530	 1.55012e+08	 1.55012e+08	 2.69049e+06	   715736	   715736	 
  0.0103	   143216	 1.4777e+08	 1.4777e+08	 2.63675e+06	   697329	   697329	 
 0.01035	   135366	 1.40843e+08	 1.40843e+08	 2.58342e+06	   679372	   679372	 
  0.0104	   127901	 1.34213e+08	 1.34213e+08	 2.53043e+06	   661790	   661790	 
 0.01045	   120990	 1.27875e+08	 1.27875e+08	 2.47822e+06	   644813	   644813	 
  0.0105	   114114	 1.21811e+08	 1.21811e+08	 2.42567e+06	   627786	   627786	 
 0.01055	   107390	 1.16016e+08	 1.16016e+08	 2.37289e+06	   610829	   610829	 
  0.0106	   101238	 1.1048e+08	 1.1048e+08	 2.32088e+06	   594487	   594487	 
 0.01065	  95595.9	 1.05189e+08	 1.05189e+08	 2.27018e+06	   578831	   578831	 
  0.0107	  90168.6	 1.00137e+08	 1.00137e+08	 2.21975e+06	   563403	   563403	 
 0.01075	  84848.7	 9.53119e+07	 9.53119e+07	 2.16935e+06	   548066	   548066	 
  0.0108	  79864.5	 9.07048e+07	 9.07048e+07	 2.11959e+06	   533132	   533132	 
 0.01085	  75372.8	 8.63132e+07	 8.63132e+07	 2.07093e+06	   518825	   518825	 
  0.0109	  71386.4	 8.21187e+07	 8.21187e+07	 2.0232e+06	   505119	   505119	 
 0.01095	  67517.3	 7.81195e+07	 7.81195e+07	 1.9757e+06	   491554	   491554	 
   0.011	  63891.2	 7.43069e+07	 7.43069e+07	 1.92909e+06	   478375	   478375	 
 0.01105	  60401.7	 7.06716e+07	 7.06716e+07	 1.88266e+06	   465344	   465344	 
  0.0111	  57048.5	 6.72015e+07	 6.72015e+07	 1.83715e+06	   452623	   452623	 
 0.01115	  53904.8	 6.38974e+07	 6.38974e+07	 1.79232e+06	   440215	   440215	 
  0.0112	    50815	 6.07471e+07	 6.07471e+07	 1.74787e+06	   427934	   427934	 
 0.01125	  47810.5	 5.7748e+07	 5.7748e+07	 1.70393e+06	   415832	   415832	 
  0.0113	  45067.6	 5.48894e+07	 5.48894e+07	 1.66097e+06	   404152	   404152	 
 0.01135	  42565.3	 5.21656e+07	 5.21656e+07	 1.61898e+06	   392877	   392877	 
  0.0114	  40109.9	 4.95714e+07	 4.95714e+07	 1.57747e+06	   381742	   381742	 
 0.01145	  37667.1	 4.71015e+07	 4.71015e+07	 1.53637e+06	   370709	   370709	 
  0.0115	  35325.1	 4.47509e+07	 4.47509e+07	 1.49589e+06	   359892	   359892	 
 0.01155	  33213.4	 4.25124e+07	 4.25124e+07	 1.45656e+06	   349510	   349510	 
  0.0116	  31401.2	 4.03845e+07	 4.03845e+07	 1.41826e+06	   339589	   339589	 
 0.01165	    29740	 3.83584e+07	 3.83584e+07	 1.38076e+06	   329964	   329964	 
  0.0117	  28137.9	 3.643e+07	 3.643e+07	 1.34398e+06	   320545	   320545	 
 0.01175	  26607.7	 3.45957e+07	 3.45957e+07	 1.30777e+06	   311307	   311307	 
  0.0118	  25138.7	 3.28506e+07	 3.28506e+07	 1.27222e+06	   302264	   302264	 
 0.01185	  23760.7	 3.11906e+07	 3.11906e+07	 1.23755e+06	   293489	   293489	 
  0.0119	  22398.7	 2.96115e+07	 2.96115e+07	 1.20348e+06	   284858	   284858	 
 0.01195	  21062.5	 2.81101e+07	 2.81101e+07	 1.17003e+06	   276385	   276385	 
   0.012	  19844.9	 2.66826e+07	 2.66826e+07	 1.13739e+06	   268186	   268186	 
 0.01205	  18712.3	 2.53255e+07	 2.53255e+07	 1.1056e+06	   260241	   260241	 
  0.0121	  17602.1	 2.40348e+07	 2.40348e+07	 1.07417e+06	   252392	   252392	 
 0.01215	  16524.5	 2.28085e+07	 2.28085e+07	 1.04355e+06	   244750	   244750	 
  0.0122	  15478.1	 2.16423e+07	 2.16423e+07	 1.01357e+06	   237274	   237274	 
 0.01225	  14544.7	 2.05345e+07	 2.05345e+07	   984394	   230064	   230064	 
  0.0123	  13698.1	 1.94819e+07	 1.94819e+07	   956016	   223100	   223100	 
 0.01235	  12971.8	 1.84822e+07	 1.84822e+07	   928420	   216402	   216402	 
  0.0124	  12266.2	 1.75323e+07	 1.75323e+07	   901470	   209865	   209865	 
 0.01245	  11603.1	 1.66297e+07	 1.66297e+07	   874768	   203415	   203415	 
  0.0125	  10973.4	 1.57724e+07	 1.57724e+07	   849100	   197222	   197222	 
 0.01255	    10365	 1.4958e+07	 1.4958e+07	   823991	   191169	   191169	 
  0.0126	  9767.14	 1.41847e+07	 1.41847e+07	   799460	   185252	   185252	 
 0.01265	  9158.47	 1.34504e+07	 1.34504e+07	   775501	   179455	   179455	 
  0.0127	  8618.83	 1.27533e+07	 1.27533e+07	   752124	   173840	   173840	 
 0.01275	  8125.22	 1.20911e+07	 1.20911e+07	   729130	   168347	   168347	 
  0.0128	  7645.89	 1.14628e+07	 1.14628e+07	   706968	   163049	   163049	 
 0.01285	  7168.26	 1.08662e+07	 1.08662e+07	   685290	   157860	   157860	 
  0.0129	  6709.81	 1.02999e+07	 1.02999e+07	   664150	   152806	   152806	 
 0.01295	  6289.88	 9.7623e+06	 9.7623e+06	   643610	   147915	   147915	 
   0.013	  5910.92	 9.25236e+06	 9.25236e+06	   623284	   143103	   143103	 
 0.01305	   5547.6	 8.76845e+06	 8.76845e+06	   603923	   138518	   138518	 
  0.0131	   5257.1	 8.30941e+06	 8.30941e+06	   585080	   134105	   134105	 
 0.01315	  4974.05	 7.87375e+06	 7.87375e+06	   566603	   129779	   129779	 
  0.0132	  4704.58	 7.46056e+06	 7.46056e+06	   548517	   125550	   125550	 
 0.01325	  4443.17	 7.06854e+06	 7.06854e+06	   531065	   121469	   121469	 
  0.0133	  4186.56	 6.69652e+06	 6.69652e+06	   514088	   117497	   117497	 
 0.01335	  3931.93	 6.34386e+06	 6.34386e+06	   497576	   113629	   113629	 
  0.0134	  3666.35	 6.00903e+06	 6.00903e+06	   481342	   109815	   109815	 
 0.01345	  3456.65	 5.69193e+06	 5.69193e+06	   465699	   106176	   106176	 
  0.0135	  3251.44	 5.391e+06	 5.391e+06	   450488	   102636	   102636	 
 0.01355	  3028.84	 5.10558e+06	 5.10558e+06	   435522	  99137.2	  99137.2	 
  0.0136	  2835.33	 4.83528e+06	 4.83528e+06	   421137	  95790.2	  95790.2	 
 0.01365	  2623.61	 4.57858e+06	 4.57858e+06	   407082	  92502.2	  92502.2	 
  0.0137	  2455.25	 4.33543e+06	 4.33543e+06	   393372	  89324.8	  89324.8	 
 0.01375	  2319.46	 4.10521e+06	 4.10521e+06	   380228	  86298.2	  86298.2	 
  0.0138	  2164.76	 3.88675e+06	 3.88675e+06	   367456	  83339.7	  83339.7	 
 0.01385	  2049.12	 3.67983e+06	 3.67983e+06	   355045	  80491.9	  80491.9	 
  0.0139	  1938.55	 3.48371e+06	 3.48371e+06	   342991	  77727.2	  77727.2	 
 0.01395	  1831.38	 3.29786e+06	 3.29786e+06	   331277	  75040.7	  75040.7	 
   0.014	  1724.99	 3.1217e+06	 3.1217e+06	   319887	  72426.8	  72426.8	 
 0.01405	  1600.78	 2.95475e+06	 2.95475e+06	   308810	  69868.6	  69868.6	 
  0.0141	   1498.7	 2.79659e+06	 2.79659e+06	   298068	  67402.2	  67402.2	 
 0.01415	   1413.8	 2.64678e+06	 2.64678e+06	   287637	  65018.3	  65018.3	 
  0.0142	  1310.98	 2.50476e+06	 2.50476e+06	   277519	  62689.9	  62689.9	 
 0.01425	  1231.68	 2.37033e+06	 2.37033e+06	   267685	  60442.8	  60442.8	 
  0.0143	  1144.71	 2.24294e+06	 2.24294e+06	   258050	  58234.1	  58234.1	 
 0.01435	  1047.43	 2.12225e+06	 2.12225e+06	   248797	  56102.2	  56102.2	 
  0.0144	  984.229	 2.008e+06	 2.008e+06	   239846	  54063.9	  54063.9	 
 0.01445	  925.224	 1.89983e+06	 1.89983e+06	   231164	  52088.7	  52088.7	 
  0.0145	  876.997	 1.7974e+06	 1.7974e+06	   222769	  50185.8	  50185.8	 
 0.01455	    830.3	 1.70044e+06	 1.70044e+06	   214625	  48339.7	  48339.7	 
  0.0146	  786.482	 1.60855e+06	 1.60855e+06	   206701	  46544.7	  46544.7	 
 0.01465	  743.637	 1.52162e+06	 1.52162e+06	   199052	  44811.7	  44811.7	 
  0.0147	  701.324	 1.43928e+06	 1.43928e+06	   191583	  43119.1	  43119.1	 
 0.01475	  659.265	 1.36134e+06	 1.36134e+06	   184400	    41490	    41490	 
  0.0148	  616.964	 1.28754e+06	 1.28754e+06	   177417	  39905.5	  39905.5	 
 0.01485	  583.017	 1.21769e+06	 1.21769e+06	   170643	  38373.8	  38373.8	 
  0.0149	  546.992	 1.15157e+06	 1.15157e+06	   164132	  36898.8	  36898.8	 
 0.01495	  498.717	 1.08892e+06	 1.08892e+06	   157821	  35458.9	  35458.9	 
   0.015	  467.155	 1.0297e+06	 1.0297e+06	   151696	  34073.2	  34073.2	 
 0.01505	  436.041	   973650	   973650	   145761	  32730.2	  32730.2	 
  0.0151	  408.261	   920596	   920596	   140041	  31437.5	  31437.5	 
 0.01515	  382.774	   870398	   870398	   134501	  30186.4	  30186.4	 
  0.0152	  361.822	   822902	   822902	   129156	  28982.3	  28982.3	 
 0.01525	  338.043	   777951	   777951	   123911	  27798.4	  27798.4	 
  0.0153	  320.631	   735448	   735448	   118944	  26681.1	  26681.1	 
 0.01535	  294.937	   695220	   695220	   114142	  25593.9	  25593.9	 
  0.0154	   278.28	   657169	   657169	   109509	  24551.5	  24551.5	 
 0.01545	  261.606	   621175	   621175	   105031	  23543.4	  23543.4	 
  0.0155	  242.651	   587109	   587109	   100686	  22563.2	  22563.2	 
 0.01555	   222.31	   554886	   554886	  96518.8	  21621.3	  21621.3	 
  0.0156	  209.715	   524419	   524419	  92503.8	  20719.3	  20719.3	 
 0.01565	  197.113	   495624	   495624	  88626.8	  19847.9	  19847.9	 
  0.0157	   181.93	   468351	   468351	  84886.9	    19005	    19005	 
 0.01575	  165.875	   442584	   442584	  81280.4	  18191.1	  18191.1	 
  0.0158	  152.727	   418194	   418194	  77809.8	  17409.7	  17409.7	 
 0.01585	  139.581	   395144	   395144	    74468	  16656.8	  16656.8	 
  0.0159	  128.261	   373345	   373345	  71249.7	  15932.8	  15932.8	 
 0.01595	  105.113	   352701	   352701	  68156.2	  15227.4	  15227.4	 
   0.016	  99.9368	   333230	   333230	  65181.1	  14562.3	  14562.3	 
 0.01605	  94.7575	   314825	   314825	  62318.8	  13922.2	  13922.2	 
  0.0161	  89.5748	   297419	   297419	  59565.2	  13306.2	  13306.2	 
 0.01615	  84.3881	   280967	   280967	  56920.2	  12714.4	  12714.4	 
  0.0162	  79.3045	   265414	   265414	  54375.5	    12145	    12145	 
 0.01625	  75.0735	   250709	   250709	  51872.1	  11585.4	  11585.4	 
  0.0163	  70.8891	   236813	   236813	  49529.5	  11061.6	  11061.6	 
 0.01635	  66.7022	   223678	   223678	  47282.9	  10559.1	  10559.1	 
  0.0164	   62.512	   211260	   211260	  45124.2	  10076.1	  10076.1	 
 0.01645	  58.3181	   199525	   199525	  43057.3	  9613.54	  9613.54	 
  0.0165	  54.1542	   188433	   188433	  41066.4	  9167.89	  9167.89	 
 0.01655	  50.7998	   177956	   177956	  39141.6	  8737.54	  8737.54	 
  0.0166	  47.6057	   168050	   168050	  37307.6	  8327.51	  8327.51	 
 0.01665	  45.2229	   158695	   158695	  35564.5	  7938.31	  7938.31	 
  0.0167	  43.0111	   149852	   149852	  33894.9	  7565.56	  7565.56	 
 0.01675	   40.798	   141500	   141500	  32297.1	  7208.78	  7208.78	 
  0.0168	  38.5834	   133607	   133607	    30767	  6867.04	  6867.04	 
 0.01685	  36.3669	   126149	   126149	  29303.4	  6540.07	  6540.07	 
  0.0169	  32.6757	   119098	   119098	  27902.4	  6225.87	  6225.87	 
 0.01695	  19.4089	   112407	   112407	  26560.3	  5917.31	  5917.31	 
   0.017	  18.2983	   106119	   106119	    25280	  5631.95	  5631.95	 
 0.01705	  17.1877	   100181	   100181	    24057	  5359.31	  5359.31	 
  0.0171	   16.077	  94571.6	  94571.6	  22888.3	  5098.74	  5098.74	 
 0.01715	  14.9662	  89273.9	  89273.9	  21771.8	  4849.77	  4849.77	 
  0.0172	  13.8553	  84268.9	  84268.9	  20705.9	  4612.04	  4612.04	 
 0.01725	  7.80197	  79524.3	  79524.3	    19687	  4380.91	  4380.91	 
  0.0173	   7.1592	  75063.1	  75063.1	  18715.7	  4164.56	  4164.56	 
 0.01735	  6.68346	  70846.9	  70846.9	  17782.8	  3956.89	  3956.89	 
  0.0174	  6.40978	    66866	    66866	  16899.7	  3760.42	  3760.42	 
 0.01745	  6.13611	  63107.7	  63107.7	  16057.9	  3573.16	  3573.16	 
  0.0175	  5.86243	  59559.5	  59559.5	    15255	  3394.52	  3394.52	 
 0.01755	  5.58876	  56206.2	  56206.2	  14490.1	  3224.34	  3224.34	 
  0.0176	  5.31508	  53042.5	  53042.5	  13761.6	  3062.24	  3062.24	 
 0.01765	   5.0414	  50053.2	  50053.2	    13067	  2907.66	  2907.66	 
  0.0177	  4.76771	  47232.9	  47232.9	  12405.7	   2760.5	   2760.5	 
 0.01775	  4.49403	  44567.4	  44567.4	  11776.2	  2620.41	  2620.41	 
  0.0178	  4.22034	  42051.1	  42051.1	  11176.9	     2487	     2487	 
 0.01785	  3.94665	  39677.7	  39677.7	  10606.3	     2360	     2360	 
  0.0179	  3.67296	  37435.7	  37435.7	  10063.7	  2239.22	  2239.22	 
 0.01795	  3.39926	  35319.5	  35319.5	   9547.5	  2124.29	  2124.29	 
   0.018	  3.12556	  33321.6	  33321.6	  9056.34	  2014.93	  2014.93	 
 0.01805	  1.84033	  31432.5	  31432.5	  8588.33	  1909.93	  1909.93	 
  0.0181	 0.385246	  29648.4	  29648.4	   8144.1	  1810.08	  1810.08	 
 0.01815	 0.368848	  27969.1	  27969.1	  7722.04	  1716.28	  1716.28	 
  0.0182	 0.352449	    26384	    26384	  7321.29	  1627.21	  1627.21	 
 0.01825	 0.336051	    24888	    24888	  6940.19	  1542.51	  1542.51	 
  0.0183	 0.319652	  23476.1	  23476.1	   6578.3	  1462.08	  1462.08	 
 0.01835	 0.303254	  22143.6	  22143.6	   6234.8	  1385.73	  1385.73	 
  0.0184	 0.286855	    20886	    20886	  5908.43	  1313.19	  1313.19	 
 0.01845	 0.270456	  19699.3	  19699.3	  5598.36	  1244.28	  1244.28	 
  0.0185	 0.254057	  18579.2	  18579.2	  5304.17	  1178.89	  1178.89	 
 0.01855	 0.237657	  17522.6	  17522.6	  5025.03	  1116.85	  1116.85	 
  0.0186	 0.221258	  16525.4	  16525.4	  4759.67	  1057.87	  1057.87	 
 0.01865	 0.204859	  15584.6	  15584.6	  4508.52	  1002.04	  1002.04	 
  0.0187	 0.188459	    14697	    14697	  4269.49	  948.912	  948.912	 
 0.01875	  0.08324	  13859.4	  13859.4	  4043.31	  898.567	  898.567	 
  0.0188	 6.8802e-35	  13068.8	  13068.8	  3828.58	  850.785	  850.785	 
 0.01885	 6.8802e-35	  12323.3	  12323.3	  3624.99	  805.544	  805.544	 
  0.0189	 6.8802e-35	  11619.9	  11619.9	  3431.89	  762.633	  762.633	 
 0.01895	 6.8802e-35	  10956.5	  10956.5	  3248.82	  721.951	  721.951	 
   0.019	 6.8802e-35	  10330.8	  10330.8	  3075.27	  683.386	  683.386	 
 0.01905	 6.8802e-35	  9740.44	  9740.44	  2910.76	  646.827	  646.827	 
  0.0191	 6.8802e-35	  9183.39	  9183.39	   2754.8	  612.172	  612.172	 
 0.01915	 6.8802e-35	  8658.28	  8658.28	  2607.04	  579.336	  579.336	 
  0.0192	 6.8802e-35	  8162.85	  8162.85	  2467.01	  548.219	  548.219	 
 0.01925	 6.8802e-35	  7695.49	  7695.49	  2334.34	  518.736	  518.736	 
  0.0193	 6.8802e-35	  7254.59	  7254.59	  2208.64	  490.803	  490.803	 
 0.01935	 6.8802e-35	   6838.9	   6838.9	  2089.55	  464.338	  464.338	 
  0.0194	 6.8802e-35	  6446.77	  6446.77	  1976.76	  439.275	  439.275	 
 0.01945	 6.8802e-35	  6077.06	  6077.06	  1869.91	  415.531	  415.531	 
  0.0195	 6.8802e-35	  5728.22	  5728.22	  1768.74	   393.05	   393.05	 
 0.01955	 6.8802e-35	  5399.62	  5399.62	  1672.92	  371.757	  371.757	 
  0.0196	 6.8802e-35	  5089.49	  5089.49	  1582.24	  351.606	  351.606	 
 0.01965	 6.8802e-35	  4796.99	  4796.99	  1496.33	  332.514	  332.514	 
  0.0197	 6.8802e-35	  4521.24	  4521.24	  1415.01	  314.443	  314.443	 
 0.01975	 6.8802e-35	  4261.42	  4261.42	  1338.04	  297.338	  297.338	 
  0.0198	 6.8802e-35	  4016.09	  4016.09	  1265.16	  281.144	  281.144	 
 0.01985	 6.8802e-35	     3785	     3785	  1196.21	  265.822	  265.822	 
  0.0199	 6.8802e-35	  3567.07	  3567.07	  1130.94	  251.317	  251.317	 
 0.01995	 6.8802e-35	  3361.58	  3361.58	  1069.14	  237.583	  237.583	 
    0.02	 6.8802e-35	  3167.91	  3167.91	  1010.72	  224.601	  224.601	 
 0.02005	 6.8802e-35	  2985.27	  2985.27	  955.389	  212.306	  212.306	 
  0.0201	 6.8802e-35	  2813.09	  2813.09	  903.071	   200.68	   200.68	 
 0.02015	 6.8802e-35	  2650.81	  2650.81	  853.553	  189.676	  189.676	 
  0.0202	 6.8802e-35	   2497.8	   2497.8	  806.709	  179.267	  179.267	 
 0.02025	 6.8802e-35	  2353.54	  2353.54	  762.414	  169.423	  169.423	 
  0.0203	 6.8802e-35	  2217.61	  2217.61	  720.502	   160.11	   160.11	 
 0.02035	 6.8802e-35	  2089.44	  2089.44	  680.845	  151.297	  151.297	 
  0.0204	 6.8802e-35	  1968.63	  1968.63	  643.361	  142.968	  142.968	 
 0.02045	 6.8802e-35	  1854.79	  1854.79	  607.884	  135.084	  135.084	 
  0.0205	 6.8802e-35	  1747.47	  1747.47	   574.37	  127.636	  127.636	 
 0.02055	 6.8802e-35	  1646.34	  1646.34	  542.653	  120.588	  120.588	 
  0.0206	 6.8802e-35	     1551	     1551	  512.692	   113.93	   113.93	 
 0.02065	 6.8802e-35	  1461.16	  1461.16	  484.318	  107.625	  107.625	 
  0.0207	 6.8802e-35	   1376.5	   1376.5	  457.532	  101.673	  101.673	 
 0.02075	 6.8802e-35	  1296.68	  1296.68	  432.167	   96.036	   96.036	 
  0.0208	 6.8802e-35	  1221.49	  1221.49	  408.231	   90.717	   90.717	 
 0.02085	 6.8802e-35	  1150.63	  1150.63	  385.586	  85.6849	  85.6849	 
  0.0209	 6.8802e-35	  1083.85	  1083.85	  364.183	  80.9286	  80.9286	 
 0.02095	 6.8802e-35	  1020.93	  1020.93	  343.949	  76.4323	  76.4323	 
   0.021	 6.8802e-35	  961.622	  961.622	  324.832	   72.184	   72.184	 
 0.02105	 6.8802e-35	  905.765	  905.765	  306.758	  68.1678	  68.1678	 
  0.0211	 6.8802e-35	  853.123	  853.123	   289.68	  64.3726	  64.3726	 
 0.02115	 6.8802e-35	  803.504	  803.504	  273.541	  60.7863	  60.7863	 
  0.0212	 6.8802e-35	  756.777	  756.777	  258.289	  57.3969	  57.3969	 
 0.02125	 6.8802e-35	  712.745	  712.745	  243.876	  54.1942	  54.1942	 
  0.0213	 6.8802e-35	  671.254	  671.254	  230.262	  51.1688	  51.1688	 
 0.02135	 6.8802e-35	  632.177	  632.177	  217.396	  48.3096	  48.3096	 
  0.0214	 6.8802e-35	   595.33	   595.33	  205.244	  45.6092	  45.6092	 
 0.02145	 6.8802e-35	   560.65	   560.65	  193.761	  43.0574	  43.0574	 
  0.0215	 6.8802e-35	   527.96	   527.96	  182.913	  40.6468	  40.6468	 
 0.02155	 6.8802e-35	  497.167	  497.167	  172.666	  38.3698	  38.3698	 
  0.0216	 6.8802e-35	  468.191	  468.191	  162.984	  36.2183	  36.2183	 
 0.02165	 6.8802e-35	  440.849	  440.849	  153.841	  34.1865	  34.1865	 
  0.0217	 6.8802e-35	  415.123	  415.123	  145.208	   32.268	   32.268	 
 0.02175	 6.8802e-35	  390.886	  390.886	  137.051	  30.4554	  30.4554	 
  0.0218	 6.8802e-35	  368.052	  368.052	  129.349	   28.744	   28.744	 
 0.02185	 6.8802e-35	  346.546	  346.546	  122.074	  27.1273	  27.1273	 
  0.0219	 6.8802e-35	  326.289	  326.289	  115.204	  25.6006	  25.6006	 
 0.02195	 6.8802e-35	  307.209	  307.209	  108.715	  24.1585	  24.1585	 
   0.022	 6.8802e-35	   289.24	   289.24	  102.593	  22.7981	  22.7981	 
 0.02205	 6.8802e-35	  272.315	  272.315	  96.8051	   21.512	   21.512	 
  0.0221	 6.8802e-35	  256.377	  256.377	  91.3476	  20.2992	  20.2992	 
 0.02215	 6.8802e-35	  241.366	  241.366	  86.1911	  19.1534	  19.1534	 
  0.0222	 6.8802e-35	   227.23	   227.23	  81.3228	  18.0715	  18.0715	 
 0.02225	 6.8802e-35	  213.915	  213.915	  76.7262	  17.0501	  17.0501	 
  0.0223	 6.8802e-35	  201.378	  201.378	  72.3886	  16.0862	  16.0862	 
 0.02235	 6.8802e-35	  189.568	  189.568	  68.2893	  15.1752	  15.1752	 
  0.0224	 6.8802e-35	  178.453	  178.453	  64.4239	  14.3163	  14.3163	 
 0.02245	 6.8802e-35	  167.984	  167.984	  60.7758	  13.5056	  13.5056	 
  0.0225	 6.8802e-35	  158.124	  158.124	  57.3326	  12.7404	  12.7404	 
 0.02255	 6.8802e-35	  148.844	  148.844	  54.0773	   12.017	   12.017	 
  0.0226	 6.8802e-35	  140.101	  140.101	  51.0101	  11.3354	  11.3354	 
 0.02265	 6.8802e-35	  131.874	  131.874	  48.1142	  10.6919	  10.6919	 
  0.0227	 6.8802e-35	  124.125	  124.125	  45.3813	  10.0846	  10.0846	 
 0.02275	 6.8802e-35	  116.827	  116.827	   42.803	  9.51167	  9.51167	 
  0.0228	 6.8802e-35	  109.958	  109.958	   40.368	  8.97058	  8.97058	 
 0.02285	 6.8802e-35	  103.491	  103.491	   38.071	  8.46012	  8.46012	 
  0.0229	 6.8802e-35	  97.4026	  97.4026	  35.9039	  7.97855	  7.97855	 
 0.02295	 6.8802e-35	  91.6721	  91.6721	  33.8588	  7.52409	  7.52409	 
   0.023	 6.8802e-35	  86.2732	  86.2732	  31.9291	  7.09526	  7.09526	 
 0.02305	 6.8802e-35	   81.193	   81.193	  30.1084	  6.69067	  6.69067	 
  0.0231	 6.8802e-35	  76.4113	  76.4113	  28.3909	  6.30902	  6.30902	 
 0.02315	 6.8802e-35	  71.9098	  71.9098	  26.7704	   5.9489	   5.9489	 
  0.0232	 6.8802e-35	  67.6716	  67.6716	  25.2414	  5.60913	  5.60913	 
 0.02325	 6.8802e-35	  63.6815	  63.6815	  23.7993	  5.28867	  5.28867	 
  0.0233	 6.8802e-35	  59.9241	  59.9241	  22.4387	  4.98631	  4.98631	 
 0.02335	 6.8802e-35	  56.3901	  56.3901	  21.1554	  4.70114	  4.70114	 
  0.0234	 6.8802e-35	  53.0613	  53.0613	  19.9448	  4.43213	  4.43213	 
 0.02345	 6.8802e-35	  49.9286	  49.9286	  18.8027	  4.17834	  4.17834	 
  0.0235	 6.8802e-35	  46.9806	  46.9806	  17.7259	  3.93904	  3.93904	 
 0.02355	 6.8802e-35	  44.2056	  44.2056	    16.71	  3.71329	  3.71329	 
  0.0236	 6.8802e-35	  41.5953	  41.5953	  15.7518	  3.50037	  3.50037	 
 0.02365	 6.8802e-35	  39.1384	  39.1384	  14.8484	   3.2996	   3.2996	 
  0.0237	 6.8802e-35	  36.8233	  36.8233	  13.9959	  3.11017	  3.11017	 
 0.02375	 6.8802e-35	  34.6461	  34.6461	  13.1923	   2.9316	   2.9316	 
  0.0238	 6.8802e-35	  32.5966	  32.5966	  12.4343	  2.76315	  2.76315	 
 0.02385	 6.8802e-35	  30.6681	  30.6681	  11.7197	  2.60436	  2.60436	 
  0.0239	 6.8802e-35	  28.8531	  28.8531	  11.0457	  2.45457	  2.45457	 
 0.02395	 6.8802e-35	  27.1449	  27.1449	  10.4105	  2.31343	  2.31343	 
   0.024	 6.8802e-35	  25.5375	  25.5375	   9.8113	  2.18026	  2.18026	 
 0.02405	 6.8802e-35	  24.0252	  24.0252	  9.24633	  2.05472	  2.05472	 
  0.0241	 6.8802e-35	  22.6017	  22.6017	  8.71355	  1.93632	  1.93632	 
 0.02415	 6.8802e-35	  21.2623	  21.2623	  8.21126	   1.8247	   1.8247	 
  0.0242	 6.8802e-35	  20.0017	  20.0017	   7.7378	  1.71949	  1.71949	 
 0.02425	 6.8802e-35	  18.8156	  18.8156	  7.29151	  1.62032	  1.62032	 
  0.0243	 6.8802e-35	  17.6999	  17.6999	  6.87071	  1.52681	  1.52681	 
 0.02435	 6.8802e-35	  16.6496	  16.6496	  6.47415	  1.43868	  1.43868	 
  0.0244	 6.8802e-35	  15.6615	  15.6615	  6.10015	  1.35557	  1.35557	 
 0.02445	 6.8802e-35	  14.7317	  14.7317	  5.74746	   1.2772	   1.2772	 
  0.0245	 6.8802e-35	  13.8571	  13.8571	  5.41525	  1.20338	  1.20338	 
 0.02455	 6.8802e-35	  13.0341	  13.0341	  5.10184	  1.13373	  1.13373	 
  0.0246	 6.8802e-35	  12.2598	  12.2598	  4.80682	  1.06817	  1.06817	 
 0.02465	 6.8802e-35	  11.5313	  11.5313	  4.52852	  1.00633	  1.00633	 
  0.0247	 6.8802e-35	  10.8459	  10.8459	  4.26609	  0.94801	  0.94801	 
 0.02475	 6.8802e-35	  10.2009	  10.2009	  4.01913	  0.89313	  0.89313	 
  0.0248	 6.8802e-35	  9.59455	  9.59455	  3.78616	  0.84136	  0.84136	 
 0.02485	 6.8802e-35	  9.02352	  9.02352	  3.56661	 0.792571	 0.792571	 
  0.0249	 6.8802e-35	  8.48683	  8.48683	  3.35968	 0.746587	 0.746587	 
 0.02495	 6.8802e-35	  7.98154	  7.98154	  3.16474	 0.703268	 0.703268	 
   0.025	 6.8802e-35	  7.50662	  7.50662	    2.981	 0.662437	 0.662437	 
       0	        0	        0	        0	        0	        0	        0	 
