       0	        0	        0	        0	        0	        0	        0	 
   5e-05	 3.77834e+06	 4.25059e+06	 4.25059e+06	  741.244	 5.3436e+06	 5.3436e+06	 
  0.0001	 1.6442e+07	 1.84717e+07	 1.84717e+07	   205641	 2.36264e+07	 2.36264e+07	 
 0.00015	 4.87678e+07	 5.45412e+07	 5.45412e+07	 2.58511e+06	 7.45037e+07	 7.45037e+07	 
  0.0002	 1.29957e+08	 1.44536e+08	 1.44536e+08	 1.33326e+07	 2.09709e+08	 2.09709e+08	 
 0.00025	 3.02378e+08	 3.34645e+08	 3.34645e+08	 4.42635e+07	 5.02576e+08	 5.02576e+08	 
  0.0003	 5.8352e+08	 6.4313e+08	 6.4313e+08	 1.06685e+08	 9.80388e+08	 9.80388e+08	 
 0.00035	 9.72682e+08	 1.06824e+09	 1.06824e+09	 2.08332e+08	 1.63226e+09	 1.63226e+09	 
  0.0004	 1.43716e+09	 1.57434e+09	 1.57434e+09	 3.39861e+08	 2.39959e+09	 2.39959e+09	 
 0.00045	 1.9557e+09	 2.13844e+09	 2.13844e+09	 4.93932e+08	 3.24287e+09	 3.24287e+09	 
  0.0005	 2.50126e+09	 2.73126e+09	 2.73126e+09	 6.6137e+08	 4.12079e+09	 4.12079e+09	 
 0.00055	 3.05133e+09	 3.32846e+09	 3.32846e+09	 8.3459e+08	 5.00084e+09	 5.00084e+09	 
  0.0006	 3.59655e+09	 3.91964e+09	 3.91964e+09	 1.01209e+09	 5.86426e+09	 5.86426e+09	 
 0.00065	 4.1221e+09	 4.4885e+09	 4.4885e+09	 1.19119e+09	 6.68457e+09	 6.68457e+09	 
  0.0007	 4.61527e+09	 5.02137e+09	 5.02137e+09	 1.36674e+09	 7.4403e+09	 7.4403e+09	 
 0.00075	 5.06728e+09	 5.50903e+09	 5.50903e+09	 1.53365e+09	 8.12351e+09	 8.12351e+09	 
  0.0008	 5.47215e+09	 5.94514e+09	 5.94514e+09	 1.68858e+09	 8.71806e+09	 8.71806e+09	 
 0.00085	 5.83427e+09	 6.33467e+09	 6.33467e+09	 1.8315e+09	 9.22284e+09	 9.22284e+09	 
  0.0009	 6.14178e+09	 6.66496e+09	 6.66496e+09	 1.95676e+09	 9.63706e+09	 9.63706e+09	 
 0.00095	 6.39279e+09	 6.93388e+09	 6.93388e+09	 2.0645e+09	 9.9592e+09	 9.9592e+09	 
   0.001	 6.59099e+09	 7.14589e+09	 7.14589e+09	 2.1522e+09	 1.01975e+10	 1.01975e+10	 
 0.00105	 6.74411e+09	 7.30953e+09	 7.30953e+09	 2.22118e+09	 1.03676e+10	 1.03676e+10	 
  0.0011	 6.84934e+09	 7.42148e+09	 7.42148e+09	 2.27271e+09	 1.04667e+10	 1.04667e+10	 
 0.00115	 6.91279e+09	 7.48833e+09	 7.48833e+09	 2.30889e+09	 1.05079e+10	 1.05079e+10	 
  0.0012	 6.93191e+09	 7.50733e+09	 7.50733e+09	 2.32908e+09	 1.04912e+10	 1.04912e+10	 
 0.00125	 6.91779e+09	 7.49072e+09	 7.49072e+09	 2.33483e+09	 1.04268e+10	 1.04268e+10	 
  0.0013	 6.87479e+09	 7.44315e+09	 7.44315e+09	 2.32837e+09	 1.03187e+10	 1.03187e+10	 
 0.00135	 6.80255e+09	 7.36407e+09	 7.36407e+09	 2.31081e+09	 1.01718e+10	 1.01718e+10	 
  0.0014	 6.70587e+09	 7.25886e+09	 7.25886e+09	 2.28237e+09	 9.99303e+09	 9.99303e+09	 
 0.00145	 6.58707e+09	 7.12991e+09	 7.12991e+09	 2.2448e+09	 9.78571e+09	 9.78571e+09	 
  0.0015	 6.44863e+09	 6.97982e+09	 6.97982e+09	 2.19953e+09	 9.55384e+09	 9.55384e+09	 
 0.00155	 6.29375e+09	 6.81207e+09	 6.81207e+09	 2.14764e+09	 9.30109e+09	 9.30109e+09	 
  0.0016	 6.12607e+09	 6.63059e+09	 6.63059e+09	 2.09028e+09	 9.03173e+09	 9.03173e+09	 
 0.00165	 5.94696e+09	 6.43688e+09	 6.43688e+09	 2.02803e+09	 8.74672e+09	 8.74672e+09	 
  0.0017	 5.75875e+09	 6.23337e+09	 6.23337e+09	 1.96212e+09	 8.44982e+09	 8.44982e+09	 
 0.00175	 5.56486e+09	 6.02381e+09	 6.02381e+09	 1.89366e+09	 8.14563e+09	 8.14563e+09	 
  0.0018	 5.36544e+09	 5.80828e+09	 5.80828e+09	 1.82308e+09	 7.83397e+09	 7.83397e+09	 
 0.00185	 5.16274e+09	 5.5892e+09	 5.5892e+09	 1.75136e+09	 7.51814e+09	 7.51814e+09	 
  0.0019	 4.95821e+09	 5.36813e+09	 5.36813e+09	 1.67914e+09	 7.19985e+09	 7.19985e+09	 
 0.00195	 4.75243e+09	 5.14575e+09	 5.14575e+09	 1.60621e+09	 6.87888e+09	 6.87888e+09	 
   0.002	 4.54708e+09	 4.92382e+09	 4.92382e+09	 1.53349e+09	 6.55805e+09	 6.55805e+09	 
 0.00205	 4.3418e+09	 4.70194e+09	 4.70194e+09	 1.46104e+09	 6.23753e+09	 6.23753e+09	 
  0.0021	 4.14117e+09	 4.48504e+09	 4.48504e+09	 1.39048e+09	 5.92374e+09	 5.92374e+09	 
 0.00215	 3.94292e+09	 4.27068e+09	 4.27068e+09	 1.32104e+09	 5.61335e+09	 5.61335e+09	 
  0.0022	 3.7516e+09	 4.06383e+09	 4.06383e+09	 1.25402e+09	 5.31244e+09	 5.31244e+09	 
 0.00225	 3.56434e+09	 3.86134e+09	 3.86134e+09	 1.18858e+09	 5.0177e+09	 5.0177e+09	 
  0.0023	 3.383e+09	 3.66523e+09	 3.66523e+09	 1.12538e+09	 4.73165e+09	 4.73165e+09	 
 0.00235	 3.20606e+09	 3.47385e+09	 3.47385e+09	 1.06393e+09	 4.45269e+09	 4.45269e+09	 
  0.0024	 3.03556e+09	 3.28942e+09	 3.28942e+09	 1.0049e+09	 4.18405e+09	 4.18405e+09	 
 0.00245	 2.86939e+09	 3.10965e+09	 3.10965e+09	 9.47497e+08	 3.92341e+09	 3.92341e+09	 
  0.0025	 2.7105e+09	 2.93773e+09	 2.93773e+09	 8.92825e+08	 3.67421e+09	 3.67421e+09	 
 0.00255	 2.55801e+09	 2.77271e+09	 2.77271e+09	 8.40518e+08	 3.43562e+09	 3.43562e+09	 
  0.0026	 2.41091e+09	 2.61351e+09	 2.61351e+09	 7.90238e+08	 3.20679e+09	 3.20679e+09	 
 0.00265	 2.26868e+09	 2.45956e+09	 2.45956e+09	 7.41805e+08	 2.98697e+09	 2.98697e+09	 
  0.0027	 2.13314e+09	 2.31283e+09	 2.31283e+09	 6.95787e+08	 2.77841e+09	 2.77841e+09	 
 0.00275	 2.00363e+09	 2.17261e+09	 2.17261e+09	 6.51947e+08	 2.58049e+09	 2.58049e+09	 
  0.0028	 1.88293e+09	 2.0419e+09	 2.0419e+09	 6.11288e+08	 2.3968e+09	 2.3968e+09	 
 0.00285	 1.76883e+09	 1.91832e+09	 1.91832e+09	 5.7297e+08	 2.22451e+09	 2.22451e+09	 
  0.0029	 1.66031e+09	 1.80078e+09	 1.80078e+09	 5.36624e+08	 2.06219e+09	 2.06219e+09	 
 0.00295	 1.55624e+09	 1.68806e+09	 1.68806e+09	 5.01791e+08	 1.9085e+09	 1.9085e+09	 
   0.003	 1.45543e+09	 1.57887e+09	 1.57887e+09	 4.67984e+08	 1.76221e+09	 1.76221e+09	 
 0.00305	 1.35892e+09	 1.47434e+09	 1.47434e+09	 4.35657e+08	 1.62448e+09	 1.62448e+09	 
  0.0031	 1.26891e+09	 1.37682e+09	 1.37682e+09	 4.05751e+08	 1.49783e+09	 1.49783e+09	 
 0.00315	 1.18481e+09	 1.28567e+09	 1.28567e+09	 3.78006e+08	 1.38092e+09	 1.38092e+09	 
  0.0032	 1.10647e+09	 1.20076e+09	 1.20076e+09	 3.523e+08	 1.27307e+09	 1.27307e+09	 
 0.00325	 1.03344e+09	 1.12158e+09	 1.12158e+09	 3.28422e+08	 1.17352e+09	 1.17352e+09	 
  0.0033	 9.63553e+08	 1.04582e+09	 1.04582e+09	 3.05509e+08	 1.07962e+09	 1.07962e+09	 
 0.00335	 8.96732e+08	 9.73388e+08	 9.73388e+08	 2.83546e+08	 9.91047e+08	 9.91047e+08	 
  0.0034	 8.33612e+08	 9.04968e+08	 9.04968e+08	 2.62822e+08	 9.08623e+08	 9.08623e+08	 
 0.00345	 7.75291e+08	 8.41732e+08	 8.41732e+08	 2.43817e+08	 8.33649e+08	 8.33649e+08	 
  0.0035	 7.20595e+08	 7.8242e+08	 7.8242e+08	 2.26049e+08	 7.64545e+08	 7.64545e+08	 
 0.00355	 6.69275e+08	 7.26759e+08	 7.26759e+08	 2.09446e+08	 7.01004e+08	 7.01004e+08	 
  0.0036	 6.22303e+08	 6.75796e+08	 6.75796e+08	 1.94396e+08	 6.43674e+08	 6.43674e+08	 
 0.00365	 5.77954e+08	 6.27681e+08	 6.27681e+08	 1.8018e+08	 5.9033e+08	 5.9033e+08	 
  0.0037	 5.35306e+08	 5.81422e+08	 5.81422e+08	 1.66423e+08	 5.39786e+08	 5.39786e+08	 
 0.00375	 4.95705e+08	 5.38461e+08	 5.38461e+08	 1.5369e+08	 4.9343e+08	 4.9343e+08	 
  0.0038	 4.58402e+08	 4.97994e+08	 4.97994e+08	 1.41695e+08	 4.50424e+08	 4.50424e+08	 
 0.00385	 4.24305e+08	 4.60995e+08	 4.60995e+08	 1.3082e+08	 4.11612e+08	 4.11612e+08	 
  0.0039	 3.92516e+08	 4.26496e+08	 4.26496e+08	 1.20699e+08	 3.75879e+08	 3.75879e+08	 
 0.00395	 3.63178e+08	 3.94651e+08	 3.94651e+08	 1.11419e+08	 3.43379e+08	 3.43379e+08	 
   0.004	 3.36483e+08	 3.65662e+08	 3.65662e+08	 1.03076e+08	 3.14415e+08	 3.14415e+08	 
 0.00405	 3.11234e+08	 3.38245e+08	 3.38245e+08	 9.51635e+07	 2.87436e+08	 2.87436e+08	 
  0.0041	 2.87087e+08	 3.12032e+08	 3.12032e+08	 8.75416e+07	 2.61958e+08	 2.61958e+08	 
 0.00415	 2.64928e+08	 2.87973e+08	 2.87973e+08	 8.05902e+07	 2.38895e+08	 2.38895e+08	 
  0.0042	 2.43948e+08	 2.65195e+08	 2.65195e+08	 7.39862e+07	 2.17376e+08	 2.17376e+08	 
 0.00425	 2.24545e+08	 2.44128e+08	 2.44128e+08	 6.78961e+07	 1.97716e+08	 1.97716e+08	 
  0.0043	 2.06786e+08	 2.24842e+08	 2.24842e+08	 6.2355e+07	 1.79918e+08	 1.79918e+08	 
 0.00435	 1.90569e+08	 2.07225e+08	 2.07225e+08	 5.73328e+07	 1.63927e+08	 1.63927e+08	 
  0.0044	 1.75913e+08	 1.91299e+08	 1.91299e+08	 5.28411e+07	 1.49677e+08	 1.49677e+08	 
 0.00445	 1.6236e+08	 1.7657e+08	 1.7657e+08	 4.86972e+07	 1.36664e+08	 1.36664e+08	 
  0.0045	 1.49276e+08	 1.62355e+08	 1.62355e+08	 4.46472e+07	 1.24241e+08	 1.24241e+08	 
 0.00455	 1.37354e+08	 1.49401e+08	 1.49401e+08	 4.09855e+07	 1.13085e+08	 1.13085e+08	 
  0.0046	 1.26133e+08	 1.3721e+08	 1.3721e+08	 3.75261e+07	 1.02708e+08	 1.02708e+08	 
 0.00465	 1.15623e+08	 1.25792e+08	 1.25792e+08	 3.42782e+07	 9.31142e+07	 9.31142e+07	 
  0.0047	 1.06152e+08	 1.15499e+08	 1.15499e+08	 3.13834e+07	 8.46136e+07	 8.46136e+07	 
 0.00475	 9.74074e+07	 1.05995e+08	 1.05995e+08	 2.87172e+07	 7.65155e+07	 7.65155e+07	 
  0.0048	 8.96371e+07	 9.75445e+07	 9.75445e+07	 2.63842e+07	 6.98309e+07	 6.98309e+07	 
 0.00485	 8.24123e+07	 8.96882e+07	 8.96882e+07	 2.42109e+07	 6.36434e+07	 6.36434e+07	 
  0.0049	 7.56732e+07	 8.23606e+07	 8.23606e+07	 2.21793e+07	 5.77332e+07	 5.77332e+07	 
 0.00495	 6.94477e+07	 7.55914e+07	 7.55914e+07	 2.03035e+07	 5.25414e+07	 5.25414e+07	 
   0.005	 6.37042e+07	 6.93455e+07	 6.93455e+07	 1.8578e+07	 4.78125e+07	 4.78125e+07	 
 0.00505	 5.82714e+07	 6.34391e+07	 6.34391e+07	 1.69344e+07	 4.33648e+07	 4.33648e+07	 
  0.0051	 5.33054e+07	 5.80391e+07	 5.80391e+07	 1.54398e+07	 3.93548e+07	 3.93548e+07	 
 0.00515	 4.88079e+07	 5.31472e+07	 5.31472e+07	 1.40969e+07	 3.57611e+07	 3.57611e+07	 
  0.0052	 4.47109e+07	 4.86899e+07	 4.86899e+07	 1.28822e+07	 3.25115e+07	 3.25115e+07	 
 0.00525	 4.0996e+07	 4.46475e+07	 4.46475e+07	 1.17872e+07	 2.96067e+07	 2.96067e+07	 
  0.0053	 3.75417e+07	 4.08891e+07	 4.08891e+07	 1.07655e+07	 2.69087e+07	 2.69087e+07	 
 0.00535	 3.44266e+07	 3.74987e+07	 3.74987e+07	 9.85224e+06	 2.44713e+07	 2.44713e+07	 
  0.0054	 3.15542e+07	 3.43724e+07	 3.43724e+07	 9.01148e+06	 2.22805e+07	 2.22805e+07	 
 0.00545	 2.88366e+07	 3.14153e+07	 3.14153e+07	 8.20902e+06	 2.02113e+07	 2.02113e+07	 
  0.0055	 2.63021e+07	 2.86579e+07	 2.86579e+07	 7.45778e+06	 1.8285e+07	 1.8285e+07	 
 0.00555	 2.40337e+07	 2.61889e+07	 2.61889e+07	 6.79441e+06	 1.66066e+07	 1.66066e+07	 
  0.0056	 2.19681e+07	 2.394e+07	 2.394e+07	 6.19378e+06	 1.50962e+07	 1.50962e+07	 
 0.00565	 2.00738e+07	 2.18777e+07	 2.18777e+07	 5.64391e+06	 1.37089e+07	 1.37089e+07	 
  0.0057	 1.83136e+07	 1.99616e+07	 1.99616e+07	 5.13056e+06	 1.24248e+07	 1.24248e+07	 
 0.00575	 1.67751e+07	 1.82857e+07	 1.82857e+07	 4.6915e+06	 1.13213e+07	 1.13213e+07	 
  0.0058	 1.53725e+07	 1.67576e+07	 1.67576e+07	 4.29286e+06	 1.03204e+07	 1.03204e+07	 
 0.00585	 1.40435e+07	 1.53103e+07	 1.53103e+07	 3.91084e+06	 9.36879e+06	 9.36879e+06	 
  0.0059	 1.2793e+07	 1.39488e+07	 1.39488e+07	 3.54806e+06	 8.47869e+06	 8.47869e+06	 
 0.00595	 1.16643e+07	 1.27194e+07	 1.27194e+07	 3.22386e+06	 7.68945e+06	 7.68945e+06	 
   0.006	 1.06502e+07	 1.16146e+07	 1.16146e+07	 2.93584e+06	 6.98809e+06	 6.98809e+06	 
 0.00605	 9.69429e+06	 1.05735e+07	 1.05735e+07	 2.66158e+06	 6.3279e+06	 6.3279e+06	 
  0.0061	 8.8436e+06	 9.64655e+06	 9.64655e+06	 2.42069e+06	 5.74586e+06	 5.74586e+06	 
 0.00615	 8.06177e+06	 8.79462e+06	 8.79462e+06	 2.19955e+06	 5.21081e+06	 5.21081e+06	 
  0.0062	 7.3859e+06	 8.05753e+06	 8.05753e+06	 2.01337e+06	 4.7592e+06	 4.7592e+06	 
 0.00625	 6.74951e+06	 7.36376e+06	 7.36376e+06	 1.83602e+06	 4.33113e+06	 4.33113e+06	 
  0.0063	 6.14302e+06	 6.70294e+06	 6.70294e+06	 1.66418e+06	 3.92104e+06	 3.92104e+06	 
 0.00635	 5.59313e+06	 6.10364e+06	 6.10364e+06	 1.50949e+06	 3.55432e+06	 3.55432e+06	 
  0.0064	 5.10088e+06	 5.5669e+06	 5.5669e+06	 1.37303e+06	 3.23446e+06	 3.23446e+06	 
 0.00645	 4.64448e+06	 5.06935e+06	 5.06935e+06	 1.24587e+06	 2.92843e+06	 2.92843e+06	 
  0.0065	 4.22323e+06	 4.61013e+06	 4.61013e+06	 1.12833e+06	 2.65698e+06	 2.65698e+06	 
 0.00655	 3.84221e+06	 4.19469e+06	 4.19469e+06	 1.0226e+06	 2.41215e+06	 2.41215e+06	 
  0.0066	 3.5067e+06	 3.82864e+06	 3.82864e+06	   931422	 2.19959e+06	 2.19959e+06	 
 0.00665	 3.20544e+06	 3.49986e+06	 3.49986e+06	   850276	 2.0106e+06	 2.0106e+06	 
  0.0067	 2.91818e+06	 3.18656e+06	 3.18656e+06	   771321	 1.82799e+06	 1.82799e+06	 
 0.00675	 2.6523e+06	 2.89662e+06	 2.89662e+06	   697964	 1.66041e+06	 1.66041e+06	 
  0.0068	 2.41515e+06	 2.63785e+06	 2.63785e+06	   633682	 1.51512e+06	 1.51512e+06	 
 0.00685	 2.20118e+06	 2.40432e+06	 2.40432e+06	   576222	 1.38515e+06	 1.38515e+06	 
  0.0069	 1.99787e+06	 2.18255e+06	 2.18255e+06	   520599	 1.26152e+06	 1.26152e+06	 
 0.00695	 1.81342e+06	 1.98133e+06	 1.98133e+06	   470318	 1.14955e+06	 1.14955e+06	 
   0.007	 1.65062e+06	 1.8036e+06	 1.8036e+06	   426892	 1.05382e+06	 1.05382e+06	 
 0.00705	 1.50491e+06	 1.64449e+06	 1.64449e+06	   388426	   968828	   968828	 
  0.0071	 1.37151e+06	 1.49882e+06	 1.49882e+06	   353162	   889684	   889684	 
 0.00715	 1.24741e+06	 1.36333e+06	 1.36333e+06	   320131	   818675	   818675	 
  0.0072	 1.13632e+06	 1.24199e+06	 1.24199e+06	   291012	   756763	   756763	 
 0.00725	 1.03429e+06	 1.13056e+06	 1.13056e+06	   264231	   700531	   700531	 
  0.0073	   939402	 1.02695e+06	 1.02695e+06	   239089	   648226	   648226	 
 0.00735	   849009	   928321	   928321	   214580	   597582	   597582	 
  0.0074	   772658	   844896	   844896	   194810	   553694	   553694	 
 0.00745	   701537	   767212	   767212	   176196	   517069	   517069	 
  0.0075	   639235	   699110	   699110	   160284	   485018	   485018	 
 0.00755	   581755	   636289	   636289	   145527	   457022	   457022	 
  0.0076	   529838	   579532	   579532	   132323	   432696	   432696	 
 0.00765	   481740	   526963	   526963	   120000	   409424	   409424	 
  0.0077	   437603	   478727	   478727	   108645	   389164	   389164	 
 0.00775	   394220	   431383	   431383	  96947.3	   369649	   369649	 
  0.0078	   357047	   390763	   390763	  87345.6	   351863	   351863	 
 0.00785	   324106	   354748	   354748	  78996.9	   338421	   338421	 
  0.0079	   294233	   322080	   322080	  71480.2	   323978	   323978	 
 0.00795	   267409	   292741	   292741	  64772.3	   314003	   314003	 
   0.008	   243498	   266574	   266574	  58912.3	   305251	   305251	 
 0.00805	   221278	   242265	   242265	  53396.8	   296963	   296963	 
  0.0081	   200923	   219999	   219999	  48336.4	   288222	   288222	 
 0.00815	   181385	   198648	   198648	  43296.3	   280973	   280973	 
  0.0082	   163848	   179475	   179475	  38842.6	   274006	   274006	 
 0.00825	   147861	   162001	   162001	  34749.7	   267134	   267134	 
  0.0083	   134123	   146963	   146963	  31412.8	   261726	   261726	 
 0.00835	   121673	   133333	   133333	  28400.9	   256228	   256228	 
  0.0084	   110822	   121443	   121443	  25860.2	   249805	   249805	 
 0.00845	   100210	   109834	   109834	  23228.2	   244807	   244807	 
  0.0085	  90937.8	  99679.3	  99679.3	  21012.7	   239443	   239443	 
 0.00855	  82582.6	  90526.9	  90526.9	  19035.2	   233800	   233800	 
  0.0086	  74262.3	  81430.7	  81430.7	    16921	   228404	   228404	 
 0.00865	  67233.1	  73732.1	  73732.1	  15246.3	   222184	   222184	 
  0.0087	  60971.6	  66871.3	  66871.3	  13778.4	   216855	   216855	 
 0.00875	  54395.7	  59688.9	  59688.9	  12054.4	   209746	   209746	 
  0.0088	  49430.1	  54242.1	  54242.1	  10937.3	   204603	   204603	 
 0.00885	  44896.1	  49269.7	  49269.7	  9911.26	   199322	   199322	 
  0.0089	    40209	  44144.6	  44144.6	   8727.2	   193674	   193674	 
 0.00895	    36494	  40068.6	  40068.6	  7899.93	   187962	   187962	 
   0.009	  32992.1	  36229.6	  36229.6	  7095.08	   181830	   181830	 
 0.00905	  29207.9	  32097.2	  32097.2	  6095.53	   174114	   174114	 
  0.0091	  26496.6	  29119.7	  29119.7	  5513.87	   168147	   168147	 
 0.00915	  23228.4	  25553.1	  25553.1	  4632.62	   161908	   161908	 
  0.0092	  21008.9	  23114.7	  23114.7	  4163.72	   155730	   155730	 
 0.00925	  19091.3	  21005.5	  21005.5	  3779.26	   149584	   149584	 
  0.0093	  17378.9	  19121.1	  19121.1	  3443.05	   143422	   143422	 
 0.00935	  15782.9	  17365.8	  17365.8	  3121.25	   137233	   137233	 
  0.0094	    14251	  15683.3	  15683.3	  2793.37	   131078	   131078	 
 0.00945	  12148.2	  13393.6	  13393.6	  2185.81	   124786	   124786	 
  0.0095	  10971.2	  12098.3	  12098.3	   1955.8	   118711	   118711	 
 0.00955	  9981.34	  11006.5	  11006.5	  1780.88	   112810	   112810	 
  0.0096	  9042.72	  9972.44	  9972.44	  1605.67	   106989	   106989	 
 0.00965	  8185.13	  9027.79	  9027.79	  1444.57	   101237	   101237	 
  0.0097	  7447.37	  8213.92	  8213.92	  1315.58	  95621.2	  95621.2	 
 0.00975	  6776.08	  7473.38	  7473.38	  1198.18	  90137.8	  90137.8	 
  0.0098	  6165.88	  6800.23	  6800.23	  1091.57	  84478.2	  84478.2	 
 0.00985	  5606.63	   6183.4	   6183.4	  992.994	  79545.8	  79545.8	 
  0.0099	  5076.76	  5599.63	  5599.63	  894.248	  74784.7	  74784.7	 
 0.00995	  4594.94	  5068.79	  5068.79	  804.516	  69712.1	  69712.1	 
    0.01	  4172.05	  4602.41	  4602.41	  729.483	  65387.5	  65387.5	 
 0.01005	   3771.3	  4160.97	  4160.97	  654.291	  61243.8	  61243.8	 
  0.0101	  3357.05	  3706.22	  3706.22	  563.948	  57155.7	  57155.7	 
 0.01015	  2946.28	  3256.26	  3256.26	   466.63	  53400.2	  53400.2	 
  0.0102	  2391.78	  2653.28	  2653.28	  299.948	  49795.2	  49795.2	 
 0.01025	  2176.28	  2414.13	  2414.13	  273.617	  46441.5	  46441.5	 
  0.0103	  1974.63	  2190.57	  2190.57	  247.262	  43268.9	  43268.9	 
 0.01035	  1785.54	  1981.15	  1981.15	  220.874	  40274.1	  40274.1	 
  0.0104	  1347.47	   1505.6	   1505.6	  82.5788	  37391.6	  37391.6	 
 0.01045	  1220.53	  1363.94	  1363.94	  73.3371	  34738.4	  34738.4	 
  0.0105	  1021.83	  1145.88	  1145.88	  29.5636	  32228.1	  32228.1	 
 0.01055	   926.19	  1038.74	  1038.74	  25.8452	  29858.4	  29858.4	 
  0.0106	  843.215	  945.613	  945.613	  24.1159	  27668.1	  27668.1	 
 0.01065	  767.399	  860.534	  860.534	  22.3922	    25627	    25627	 
  0.0107	  698.106	  782.794	  782.794	  20.6685	  23719.4	  23719.4	 
 0.01075	  634.739	  711.721	  711.721	  18.9448	    21939	    21939	 
  0.0108	   576.74	  646.687	  646.687	  17.2211	  20279.5	  20279.5	 
 0.01085	  523.634	  587.157	  587.157	  15.4973	  18733.9	  18733.9	 
  0.0109	  474.985	  532.642	  532.642	  13.7735	  17295.9	  17295.9	 
 0.01095	  430.381	  482.678	  482.678	  12.0497	  15959.1	  15959.1	 
   0.011	  365.074	  410.713	  410.713	 9.14308e-33	  14712.6	  14712.6	 
 0.01105	   331.59	  373.043	  373.043	 9.14308e-33	  13561.4	  13561.4	 
  0.0111	   301.18	  338.831	  338.831	 9.14308e-33	  12494.2	  12494.2	 
 0.01115	  273.514	  307.707	  307.707	 9.14308e-33	  11505.3	  11505.3	 
  0.0112	  248.384	  279.436	  279.436	 9.14308e-33	  10590.1	  10590.1	 
 0.01125	  225.524	  253.718	  253.718	 9.14308e-33	  9743.19	  9743.19	 
  0.0113	  204.767	  230.365	  230.365	 9.14308e-33	  8960.28	  8960.28	 
 0.01135	  185.896	  209.135	  209.135	 9.14308e-33	   8237.2	   8237.2	 
  0.0114	  168.746	  189.841	  189.841	 9.14308e-33	  7569.09	  7569.09	 
 0.01145	  153.165	  172.313	  172.313	 9.14308e-33	  6952.73	  6952.73	 
  0.0115	   139.01	  156.388	  156.388	 9.14308e-33	  6384.54	  6384.54	 
 0.01155	   126.15	   141.92	   141.92	 9.14308e-33	  5860.34	  5860.34	 
  0.0116	  114.469	  128.779	  128.779	 9.14308e-33	  5377.52	  5377.52	 
 0.01165	   103.86	  116.844	  116.844	 9.14308e-33	   4933.2	   4933.2	 
  0.0117	  94.2259	  106.005	  106.005	 9.14308e-33	  4524.12	  4524.12	 
 0.01175	   85.477	  96.1627	  96.1627	 9.14308e-33	   4147.7	   4147.7	 
  0.0118	  77.5332	  87.2258	  87.2258	 9.14308e-33	  3801.36	  3801.36	 
 0.01185	  70.3223	  79.1135	  79.1135	 9.14308e-33	  3483.48	  3483.48	 
  0.0119	  63.7745	  71.7471	  71.7471	 9.14308e-33	  3191.01	  3191.01	 
 0.01195	  57.8338	  65.0638	  65.0638	 9.14308e-33	  2922.57	  2922.57	 
   0.012	  52.4407	  58.9965	  58.9965	 9.14308e-33	  2676.05	  2676.05	 
 0.01205	  47.5477	  53.4918	  53.4918	 9.14308e-33	  2449.82	  2449.82	 
  0.0121	  43.1074	  48.4964	  48.4964	 9.14308e-33	  2242.24	  2242.24	 
 0.01215	  39.0786	  43.9639	  43.9639	 9.14308e-33	  2051.86	  2051.86	 
  0.0122	  35.4222	  39.8504	  39.8504	 9.14308e-33	   1877.3	   1877.3	 
 0.01225	  32.1073	  36.1211	  36.1211	 9.14308e-33	  1717.26	  1717.26	 
  0.0123	  29.0989	  32.7366	  32.7366	 9.14308e-33	   1570.6	   1570.6	 
 0.01235	  26.3721	   29.669	   29.669	 9.14308e-33	  1436.21	  1436.21	 
  0.0124	  23.8984	   26.886	   26.886	 9.14308e-33	  1313.13	  1313.13	 
 0.01245	   21.655	  24.3621	  24.3621	 9.14308e-33	   1200.4	   1200.4	 
  0.0125	  19.6217	  22.0746	  22.0746	 9.14308e-33	  1097.14	  1097.14	 
 0.01255	  17.7775	  19.9999	  19.9999	 9.14308e-33	  1002.65	  1002.65	 
  0.0126	  16.1058	  18.1192	  18.1192	 9.14308e-33	  916.143	  916.143	 
 0.01265	  14.5901	  16.4141	  16.4141	 9.14308e-33	  836.979	  836.979	 
  0.0127	  13.2165	  14.8687	  14.8687	 9.14308e-33	  764.541	  764.541	 
 0.01275	  11.9713	  13.4679	  13.4679	 9.14308e-33	   698.28	   698.28	 
  0.0128	  10.8428	  12.1983	  12.1983	 9.14308e-33	  637.645	  637.645	 
 0.01285	  9.82012	  11.0478	  11.0478	 9.14308e-33	  582.186	  582.186	 
  0.0129	  8.89321	   10.005	   10.005	 9.14308e-33	  531.479	  531.479	 
 0.01295	  8.05341	  9.06019	  9.06019	 9.14308e-33	  485.138	  485.138	 
   0.013	  7.29249	  8.20414	  8.20414	 9.14308e-33	  442.743	  442.743	 
 0.01305	  6.60304	  7.42851	  7.42851	 9.14308e-33	  404.034	  404.034	 
  0.0131	   5.9785	  6.72589	  6.72589	 9.14308e-33	  368.624	  368.624	 
 0.01315	  5.41271	  6.08936	  6.08936	 9.14308e-33	  336.253	  336.253	 
  0.0132	   4.9003	   5.5129	   5.5129	 9.14308e-33	  306.709	  306.709	 
 0.01325	  4.43595	   4.9905	   4.9905	 9.14308e-33	  279.706	  279.706	 
  0.0133	  4.01553	  4.51752	  4.51752	 9.14308e-33	  255.042	  255.042	 
 0.01335	  3.63474	  4.08913	  4.08913	 9.14308e-33	  232.522	  232.522	 
  0.0134	  3.28988	  3.70116	  3.70116	 9.14308e-33	  211.958	  211.958	 
 0.01345	  2.97746	  3.34968	  3.34968	 9.14308e-33	  193.182	  193.182	 
  0.0135	   2.6946	  3.03146	  3.03146	 9.14308e-33	  176.046	  176.046	 
 0.01355	  2.43862	  2.74348	  2.74348	 9.14308e-33	  160.404	  160.404	 
  0.0136	  2.20686	  2.48274	  2.48274	 9.14308e-33	  146.133	  146.133	 
 0.01365	  1.99687	  2.24651	  2.24651	 9.14308e-33	  133.114	  133.114	 
  0.0137	  1.80681	  2.03269	  2.03269	 9.14308e-33	  121.236	  121.236	 
 0.01375	  1.63481	  1.83918	  1.83918	 9.14308e-33	  110.403	  110.403	 
  0.0138	  1.47908	  1.66399	  1.66399	 9.14308e-33	  100.527	  100.527	 
 0.01385	  1.33812	  1.50541	  1.50541	 9.14308e-33	  91.5173	  91.5173	 
  0.0139	  1.21052	  1.36185	  1.36185	 9.14308e-33	  83.3066	  83.3066	 
 0.01395	  1.09506	  1.23196	  1.23196	 9.14308e-33	  75.8235	  75.8235	 
   0.014	 0.990557	  1.11439	  1.11439	 9.14308e-33	  69.0033	  69.0033	 
 0.01405	 0.895979	  1.00799	  1.00799	 9.14308e-33	   62.788	   62.788	 
  0.0141	 0.810406	 0.911717	 0.911717	 9.14308e-33	  57.1255	  57.1255	 
 0.01415	 0.732954	 0.824583	 0.824583	 9.14308e-33	  51.9676	  51.9676	 
  0.0142	 0.662884	 0.745753	 0.745753	 9.14308e-33	  47.2721	  47.2721	 
 0.01425	 0.599479	 0.674421	 0.674421	 9.14308e-33	  42.9937	  42.9937	 
  0.0143	 0.542103	 0.609872	 0.609872	 9.14308e-33	  39.1002	  39.1002	 
 0.01435	  0.49022	 0.551504	 0.551504	 9.14308e-33	  35.5527	  35.5527	 
  0.0144	 0.443259	 0.498672	 0.498672	 9.14308e-33	  32.3247	  32.3247	 
 0.01445	 0.400787	  0.45089	  0.45089	 9.14308e-33	  29.3867	  29.3867	 
  0.0145	 0.362374	 0.407675	 0.407675	 9.14308e-33	   26.713	   26.713	 
 0.01455	  0.32763	 0.368588	 0.368588	 9.14308e-33	  24.2799	  24.2799	 
  0.0146	 0.296206	 0.333236	 0.333236	 9.14308e-33	  22.0663	  22.0663	 
 0.01465	 0.267775	  0.30125	  0.30125	 9.14308e-33	  20.0523	  20.0523	 
  0.0147	  0.24205	 0.272309	 0.272309	 9.14308e-33	  18.2203	  18.2203	 
 0.01475	 0.218804	 0.246157	 0.246157	 9.14308e-33	  16.5543	  16.5543	 
  0.0148	 0.197781	 0.222506	 0.222506	 9.14308e-33	  15.0392	  15.0392	 
 0.01485	 0.178768	 0.201117	 0.201117	 9.14308e-33	  13.6613	  13.6613	 
  0.0149	 0.161577	 0.181776	 0.181776	 9.14308e-33	  12.4088	  12.4088	 
 0.01495	 0.146029	 0.164285	 0.164285	 9.14308e-33	  11.2699	  11.2699	 
   0.015	 0.131977	 0.148476	 0.148476	 9.14308e-33	  10.2347	  10.2347	 
 0.01505	 0.119269	 0.134179	 0.134179	 9.14308e-33	  9.29369	  9.29369	 
  0.0151	 0.107779	 0.121253	 0.121253	 9.14308e-33	  8.43834	  8.43834	 
 0.01515	 0.0973933	 0.109569	 0.109569	 9.14308e-33	  7.66125	  7.66125	 
  0.0152	 0.0880053	 0.0990071	 0.0990071	 9.14308e-33	  6.95531	  6.95531	 
 0.01525	 0.0795184	 0.0894592	 0.0894592	 9.14308e-33	  6.31339	  6.31339	 
  0.0153	 0.0718466	 0.0808283	 0.0808283	 9.14308e-33	  5.73066	  5.73066	 
 0.01535	 0.0649121	 0.0730269	 0.0730269	 9.14308e-33	  5.20096	  5.20096	 
  0.0154	 0.0586451	 0.0659765	 0.0659765	 9.14308e-33	  4.72009	  4.72009	 
 0.01545	 0.0529822	 0.0596056	 0.0596056	 9.14308e-33	   4.2832	   4.2832	 
  0.0155	 0.0478619	 0.0538453	 0.0538453	 9.14308e-33	  3.88673	  3.88673	 
 0.01555	 0.0432371	 0.0486423	 0.0486423	 9.14308e-33	  3.52616	  3.52616	 
  0.0156	 0.0390566	 0.0439392	 0.0439392	 9.14308e-33	  3.19922	  3.19922	 
 0.01565	 0.0352773	 0.0396874	 0.0396874	 9.14308e-33	  2.90223	  2.90223	 
  0.0157	 0.0318645	 0.0358479	 0.0358479	 9.14308e-33	  2.63262	  2.63262	 
 0.01575	 0.0287812	 0.0323792	 0.0323792	 9.14308e-33	  2.38786	  2.38786	 
  0.0158	 0.0259927	 0.0292421	 0.0292421	 9.14308e-33	  2.16569	  2.16569	 
 0.01585	 0.0234764	 0.0264112	 0.0264112	 9.14308e-33	  1.96406	  1.96406	 
  0.0159	 0.0212016	 0.0238521	 0.0238521	 9.14308e-33	  1.78109	  1.78109	 
 0.01595	 0.0191458	 0.0215393	 0.0215393	 9.14308e-33	  1.61504	  1.61504	 
   0.016	 0.0172891	 0.0194505	 0.0194505	 9.14308e-33	  1.46434	  1.46434	 
 0.01605	 0.0156121	 0.0175638	 0.0175638	 9.14308e-33	  1.32761	  1.32761	 
  0.0161	 0.0140972	 0.0158595	 0.0158595	 9.14308e-33	   1.2036	   1.2036	 
 0.01615	 0.0127288	  0.01432	  0.01432	 9.14308e-33	  1.09106	  1.09106	 
  0.0162	 0.0114927	 0.0129294	 0.0129294	 9.14308e-33	    0.989	    0.989	 
 0.01625	 0.0103765	 0.0116737	 0.0116737	 9.14308e-33	 0.896416	 0.896416	 
  0.0163	 0.00936821	 0.0105394	 0.0105394	 9.14308e-33	 0.812434	 0.812434	 
 0.01635	 0.00845765	 0.00951496	 0.00951496	 9.14308e-33	 0.736277	 0.736277	 
  0.0164	 0.00763527	 0.00858978	 0.00858978	 9.14308e-33	 0.667203	 0.667203	 
 0.01645	 0.00689266	 0.00775433	 0.00775433	 9.14308e-33	 0.604596	 0.604596	 
  0.0165	 0.00622206	 0.00699989	 0.00699989	 9.14308e-33	  0.54781	  0.54781	 
 0.01655	 0.00561649	 0.00631863	 0.00631863	 9.14308e-33	 0.496327	 0.496327	 
  0.0166	 0.00506963	 0.0057034	 0.0057034	 9.14308e-33	 0.449663	 0.449663	 
 0.01665	 0.00457595	 0.005148	 0.005148	 9.14308e-33	 0.407365	 0.407365	 
  0.0167	 0.00413011	 0.00464643	 0.00464643	 9.14308e-33	 0.369012	 0.369012	 
 0.01675	 0.00372764	 0.00419364	 0.00419364	 9.14308e-33	 0.334248	 0.334248	 
  0.0168	 0.00336422	 0.00378479	 0.00378479	 9.14308e-33	 0.302728	 0.302728	 
 0.01685	 0.00303617	 0.00341573	 0.00341573	 9.14308e-33	 0.274177	 0.274177	 
  0.0169	 0.00274002	 0.00308256	 0.00308256	 9.14308e-33	 0.248303	 0.248303	 
 0.01695	 0.0024725	 0.0027816	 0.0027816	 9.14308e-33	 0.224854	 0.224854	 
   0.017	 0.00223135	 0.00251029	 0.00251029	 9.14308e-33	 0.203611	 0.203611	 
 0.01705	 0.00201341	 0.00226511	 0.00226511	 9.14308e-33	 0.184364	 0.184364	 
  0.0171	 0.00181676	 0.00204388	 0.00204388	 9.14308e-33	 0.166924	 0.166924	 
 0.01715	 0.00163927	 0.0018442	 0.0018442	 9.14308e-33	 0.151126	 0.151126	 
  0.0172	 0.00147908	 0.00166398	 0.00166398	 9.14308e-33	 0.136813	 0.136813	 
 0.01725	 0.00133448	 0.00150131	 0.00150131	 9.14308e-33	 0.123852	 0.123852	 
  0.0173	 0.00120399	 0.0013545	 0.0013545	 9.14308e-33	  0.11211	  0.11211	 
 0.01735	 0.00108623	 0.00122202	 0.00122202	 9.14308e-33	 0.101477	 0.101477	 
  0.0174	 0.000979951	 0.00110246	 0.00110246	 9.14308e-33	 0.0918471	 0.0918471	 
 0.01745	 0.000884039	 0.000994555	 0.000994555	 9.14308e-33	 0.0831255	 0.0831255	 
  0.0175	 0.000797485	 0.000897181	 0.000897181	 9.14308e-33	 0.0752285	 0.0752285	 
 0.01755	 0.000719392	 0.000809325	 0.000809325	 9.14308e-33	 0.0680785	 0.0680785	 
  0.0176	 0.000648921	 0.000730045	 0.000730045	 9.14308e-33	 0.0616044	 0.0616044	 
 0.01765	 0.000585337	 0.000658511	 0.000658511	 9.14308e-33	 0.0557414	 0.0557414	 
  0.0177	 0.000527964	 0.000593966	 0.000593966	 9.14308e-33	 0.0504348	 0.0504348	 
 0.01775	 0.000476209	 0.000535741	 0.000535741	 9.14308e-33	 0.0456325	 0.0456325	 
  0.0178	 0.000429502	 0.000483195	 0.000483195	 9.14308e-33	 0.041283	 0.041283	 
 0.01785	 0.00038737	 0.000435796	 0.000435796	 9.14308e-33	 0.0373474	 0.0373474	 
  0.0179	 0.000349366	 0.000393041	 0.000393041	 9.14308e-33	 0.0337838	 0.0337838	 
 0.01795	 0.000315079	 0.000354468	 0.000354468	 9.14308e-33	 0.0305606	 0.0305606	 
   0.018	 0.000284143	 0.000319664	 0.000319664	 9.14308e-33	 0.0276427	 0.0276427	 
 0.01805	 0.00025625	 0.000288284	 0.000288284	 9.14308e-33	 0.025002	 0.025002	 
  0.0181	 0.000231074	 0.000259961	 0.000259961	 9.14308e-33	 0.0226125	 0.0226125	 
 0.01815	 0.000208369	 0.000234418	 0.000234418	 9.14308e-33	 0.0204504	 0.0204504	 
  0.0182	 0.000187895	 0.000211384	 0.000211384	 9.14308e-33	 0.0184939	 0.0184939	 
 0.01825	 0.000169427	 0.000190607	 0.000190607	 9.14308e-33	 0.0167237	 0.0167237	 
  0.0183	 0.000152767	 0.000171865	 0.000171865	 9.14308e-33	 0.0151223	 0.0151223	 
 0.01835	 0.000137744	 0.000154964	 0.000154964	 9.14308e-33	 0.0136739	 0.0136739	 
  0.0184	 0.000124193	 0.000139719	 0.000139719	 9.14308e-33	 0.0123632	 0.0123632	 
 0.01845	 0.000111974	 0.000125972	 0.000125972	 9.14308e-33	 0.0111777	 0.0111777	 
  0.0185	 0.000100953	 0.000113574	 0.000113574	 9.14308e-33	 0.0101057	 0.0101057	 
 0.01855	 9.10148e-05	 0.000102393	 0.000102393	 9.14308e-33	 0.00913588	 0.00913588	 
  0.0186	 8.20523e-05	 9.23099e-05	 9.23099e-05	 9.14308e-33	 0.00825854	 0.00825854	 
 0.01865	 7.39719e-05	 8.32193e-05	 8.32193e-05	 9.14308e-33	 0.00746529	 0.00746529	 
  0.0187	 6.66837e-05	 7.502e-05	 7.502e-05	 9.14308e-33	 0.00674802	 0.00674802	 
 0.01875	 6.0114e-05	 6.7629e-05	 6.7629e-05	 9.14308e-33	 0.00609932	 0.00609932	 
  0.0188	 5.41895e-05	 6.09639e-05	 6.09639e-05	 9.14308e-33	 0.0055127	 0.0055127	 
 0.01885	 4.88468e-05	 5.49533e-05	 5.49533e-05	 9.14308e-33	 0.00498235	 0.00498235	 
  0.0189	 4.40308e-05	 4.95352e-05	 4.95352e-05	 9.14308e-33	 0.00450245	 0.00450245	 
 0.01895	 3.96884e-05	 4.465e-05	 4.465e-05	 9.14308e-33	 0.00406912	 0.00406912	 
   0.019	 3.57746e-05	 4.02469e-05	 4.02469e-05	 9.14308e-33	 0.00367686	 0.00367686	 
 0.01905	 3.22466e-05	 3.62779e-05	 3.62779e-05	 9.14308e-33	 0.00332276	 0.00332276	 
  0.0191	 2.90656e-05	 3.26992e-05	 3.26992e-05	 9.14308e-33	 0.00300225	 0.00300225	 
 0.01915	 2.61969e-05	 2.94719e-05	 2.94719e-05	 9.14308e-33	 0.00271263	 0.00271263	 
  0.0192	 2.36119e-05	 2.65637e-05	 2.65637e-05	 9.14308e-33	 0.00245088	 0.00245088	 
 0.01925	 2.128e-05	 2.39403e-05	 2.39403e-05	 9.14308e-33	 0.0022143	 0.0022143	 
  0.0193	 1.91795e-05	 2.15772e-05	 2.15772e-05	 9.14308e-33	 0.00200044	 0.00200044	 
 0.01935	 1.72861e-05	 1.94471e-05	 1.94471e-05	 9.14308e-33	 0.00180719	 0.00180719	 
  0.0194	 1.5579e-05	 1.75266e-05	 1.75266e-05	 9.14308e-33	 0.0016325	 0.0016325	 
 0.01945	 1.40405e-05	 1.57958e-05	 1.57958e-05	 9.14308e-33	 0.00147466	 0.00147466	 
  0.0195	 1.2654e-05	 1.42359e-05	 1.42359e-05	 9.14308e-33	 0.00133201	 0.00133201	 
 0.01955	 1.14044e-05	 1.28301e-05	 1.28301e-05	 9.14308e-33	 0.00120311	 0.00120311	 
  0.0196	 1.02781e-05	 1.1563e-05	 1.1563e-05	 9.14308e-33	 0.00108666	 0.00108666	 
 0.01965	 9.26296e-06	 1.04209e-05	 1.04209e-05	 9.14308e-33	 0.000981434	 0.000981434	 
  0.0197	 8.3482e-06	 9.39183e-06	 9.39183e-06	 9.14308e-33	 0.000886359	 0.000886359	 
 0.01975	 7.52382e-06	 8.46439e-06	 8.46439e-06	 9.14308e-33	 0.000800468	 0.000800468	 
  0.0198	 6.78104e-06	 7.62875e-06	 7.62875e-06	 9.14308e-33	 0.000722857	 0.000722857	 
 0.01985	 6.1117e-06	 6.87574e-06	 6.87574e-06	 9.14308e-33	 0.000652748	 0.000652748	 
  0.0199	 5.50846e-06	 6.19709e-06	 6.19709e-06	 9.14308e-33	 0.000589429	 0.000589429	 
 0.01995	 4.96519e-06	 5.5859e-06	 5.5859e-06	 9.14308e-33	 0.000532223	 0.000532223	 
    0.02	 4.47537e-06	 5.03485e-06	 5.03485e-06	 9.14308e-33	 0.000480546	 0.000480546	 
 0.02005	 4.03429e-06	 4.53863e-06	 4.53863e-06	 9.14308e-33	 0.000433882	 0.000433882	 
  0.0201	 3.63686e-06	 4.09152e-06	 4.09152e-06	 9.14308e-33	 0.000391713	 0.000391713	 
 0.02015	 3.27881e-06	 3.6887e-06	 3.6887e-06	 9.14308e-33	 0.000353651	 0.000353651	 
  0.0202	 2.95623e-06	 3.3258e-06	 3.3258e-06	 9.14308e-33	 0.000319272	 0.000319272	 
 0.02025	 2.66568e-06	 2.99893e-06	 2.99893e-06	 9.14308e-33	 0.000288221	 0.000288221	 
  0.0203	 2.40469e-06	 2.7053e-06	 2.7053e-06	 9.14308e-33	 0.000260177	 0.000260177	 
 0.02035	 2.16919e-06	 2.44037e-06	 2.44037e-06	 9.14308e-33	 0.000234857	 0.000234857	 
  0.0204	 1.95693e-06	 2.20157e-06	 2.20157e-06	 9.14308e-33	 0.000211993	 0.000211993	 
 0.02045	 1.76585e-06	 1.98661e-06	 1.98661e-06	 9.14308e-33	 0.000191345	 0.000191345	 
  0.0205	 1.5938e-06	 1.79305e-06	 1.79305e-06	 9.14308e-33	 0.000172702	 0.000172702	 
 0.02055	 1.43888e-06	 1.61876e-06	 1.61876e-06	 9.14308e-33	 0.000155874	 0.000155874	 
  0.0206	 1.29941e-06	 1.46186e-06	 1.46186e-06	 9.14308e-33	 0.000140678	 0.000140678	 
 0.02065	 1.17385e-06	 1.3206e-06	 1.3206e-06	 9.14308e-33	 0.000126957	 0.000126957	 
  0.0207	 1.06083e-06	 1.19345e-06	 1.19345e-06	 9.14308e-33	 0.000114571	 0.000114571	 
 0.02075	 9.59081e-07	 1.07898e-06	 1.07898e-06	 9.14308e-33	 0.000103392	 0.000103392	 
  0.0208	 8.67509e-07	 9.75958e-07	 9.75958e-07	 9.14308e-33	 9.32991e-05	 9.32991e-05	 
 0.02085	 7.8511e-07	 8.83258e-07	 8.83258e-07	 9.14308e-33	 8.41894e-05	 8.41894e-05	 
  0.0209	 7.10987e-07	 7.99869e-07	 7.99869e-07	 9.14308e-33	 7.59658e-05	 7.59658e-05	 
 0.02095	 6.44265e-07	 7.24806e-07	 7.24806e-07	 9.14308e-33	 6.85441e-05	 6.85441e-05	 
   0.021	 5.84211e-07	 6.57244e-07	 6.57244e-07	 9.14308e-33	 6.18437e-05	 6.18437e-05	 
 0.02105	 5.3017e-07	 5.96448e-07	 5.96448e-07	 9.14308e-33	 5.57964e-05	 5.57964e-05	 
  0.0211	 4.81552e-07	 5.41752e-07	 5.41752e-07	 9.14308e-33	 5.0341e-05	 5.0341e-05	 
 0.02115	 4.37806e-07	 4.92537e-07	 4.92537e-07	 9.14308e-33	 4.54158e-05	 4.54158e-05	 
  0.0212	 3.98423e-07	 4.48231e-07	 4.48231e-07	 9.14308e-33	 4.09693e-05	 4.09693e-05	 
 0.02125	 3.62975e-07	 4.08351e-07	 4.08351e-07	 9.14308e-33	 3.69594e-05	 3.69594e-05	 
  0.0213	 3.31055e-07	 3.72441e-07	 3.72441e-07	 9.14308e-33	 3.33407e-05	 3.33407e-05	 
 0.02135	 3.02314e-07	 3.40107e-07	 3.40107e-07	 9.14308e-33	 3.00749e-05	 3.00749e-05	 
  0.0214	 2.76409e-07	 3.10963e-07	 3.10963e-07	 9.14308e-33	 2.71282e-05	 2.71282e-05	 
 0.02145	 2.53072e-07	 2.8471e-07	 2.8471e-07	 9.14308e-33	 2.44694e-05	 2.44694e-05	 
  0.0215	 2.3202e-07	 2.61026e-07	 2.61026e-07	 9.14308e-33	 2.20702e-05	 2.20702e-05	 
 0.02155	 2.13008e-07	 2.39636e-07	 2.39636e-07	 9.14308e-33	 1.99061e-05	 1.99061e-05	 
  0.0216	 1.95861e-07	 2.20346e-07	 2.20346e-07	 9.14308e-33	 1.79532e-05	 1.79532e-05	 
 0.02165	 1.80355e-07	 2.02901e-07	 2.02901e-07	 9.14308e-33	 1.61914e-05	 1.61914e-05	 
  0.0217	 1.66327e-07	 1.8712e-07	 1.8712e-07	 9.14308e-33	 1.46023e-05	 1.46023e-05	 
 0.02175	 1.53626e-07	 1.72831e-07	 1.72831e-07	 9.14308e-33	 1.31688e-05	 1.31688e-05	 
  0.0218	 1.42114e-07	 1.59881e-07	 1.59881e-07	 9.14308e-33	 1.18752e-05	 1.18752e-05	 
 0.02185	 1.31994e-07	 1.48495e-07	 1.48495e-07	 9.14308e-33	 1.07088e-05	 1.07088e-05	 
  0.0219	 1.22572e-07	 1.37896e-07	 1.37896e-07	 9.14308e-33	 9.65652e-06	 9.65652e-06	 
 0.02195	 1.14018e-07	 1.28271e-07	 1.28271e-07	 9.14308e-33	 8.7074e-06	 8.7074e-06	 
   0.022	 1.06244e-07	 1.19526e-07	 1.19526e-07	 9.14308e-33	 7.85108e-06	 7.85108e-06	 
 0.02205	 9.9173e-08	 1.11571e-07	 1.11571e-07	 9.14308e-33	 7.07917e-06	 7.07917e-06	 
  0.0221	 9.2736e-08	 1.04329e-07	 1.04329e-07	 9.14308e-33	 6.3826e-06	 6.3826e-06	 
 0.02215	 8.68701e-08	 9.773e-08	 9.773e-08	 9.14308e-33	 5.75459e-06	 5.75459e-06	 
  0.0222	 8.15223e-08	 9.17136e-08	 9.17136e-08	 9.14308e-33	 5.18835e-06	 5.18835e-06	 
 0.02225	 7.66395e-08	 8.62204e-08	 8.62204e-08	 9.14308e-33	 4.6774e-06	 4.6774e-06	 
  0.0223	 7.21788e-08	 8.12021e-08	 8.12021e-08	 9.14308e-33	 4.21691e-06	 4.21691e-06	 
 0.02235	 6.80974e-08	 7.66104e-08	 7.66104e-08	 9.14308e-33	 3.80136e-06	 3.80136e-06	 
  0.0224	 6.43605e-08	 7.24064e-08	 7.24064e-08	 9.14308e-33	 3.42688e-06	 3.42688e-06	 
 0.02245	 6.09335e-08	 6.8551e-08	 6.8551e-08	 9.14308e-33	 3.08908e-06	 3.08908e-06	 
  0.0225	 5.77878e-08	 6.5012e-08	 6.5012e-08	 9.14308e-33	 2.78455e-06	 2.78455e-06	 
 0.02255	 5.48908e-08	 6.17528e-08	 6.17528e-08	 9.14308e-33	 2.50997e-06	 2.50997e-06	 
  0.0226	 5.22181e-08	 5.8746e-08	 5.8746e-08	 9.14308e-33	 2.26238e-06	 2.26238e-06	 
 0.02265	 4.97492e-08	 5.59685e-08	 5.59685e-08	 9.14308e-33	 2.03919e-06	 2.03919e-06	 
  0.0227	 4.74598e-08	 5.33929e-08	 5.33929e-08	 9.14308e-33	 1.83794e-06	 1.83794e-06	 
 0.02275	 4.53316e-08	 5.09986e-08	 5.09986e-08	 9.14308e-33	 1.65653e-06	 1.65653e-06	 
  0.0228	 4.33461e-08	 4.87649e-08	 4.87649e-08	 9.14308e-33	 1.49296e-06	 1.49296e-06	 
 0.02285	 4.14872e-08	 4.66736e-08	 4.66736e-08	 9.14308e-33	 1.3455e-06	 1.3455e-06	 
  0.0229	 3.97425e-08	 4.47108e-08	 4.47108e-08	 9.14308e-33	 1.21259e-06	 1.21259e-06	 
 0.02295	 3.80999e-08	 4.28629e-08	 4.28629e-08	 9.14308e-33	 1.09277e-06	 1.09277e-06	 
   0.023	 3.65472e-08	 4.1116e-08	 4.1116e-08	 9.14308e-33	 9.84765e-07	 9.84765e-07	 
 0.02305	 3.50761e-08	 3.9461e-08	 3.9461e-08	 9.14308e-33	 8.87426e-07	 8.87426e-07	 
  0.0231	 3.36805e-08	 3.7891e-08	 3.7891e-08	 9.14308e-33	 7.9966e-07	 7.9966e-07	 
 0.02315	 3.23502e-08	 3.63944e-08	 3.63944e-08	 9.14308e-33	 7.20561e-07	 7.20561e-07	 
  0.0232	 3.10812e-08	 3.49667e-08	 3.49667e-08	 9.14308e-33	 6.49288e-07	 6.49288e-07	 
 0.02325	 2.98712e-08	 3.36055e-08	 3.36055e-08	 9.14308e-33	 5.85032e-07	 5.85032e-07	 
  0.0233	 2.87142e-08	 3.23038e-08	 3.23038e-08	 9.14308e-33	 5.27113e-07	 5.27113e-07	 
 0.02335	 2.761e-08	 3.10616e-08	 3.10616e-08	 9.14308e-33	 4.74952e-07	 4.74952e-07	 
  0.0234	 2.77545e-08	 3.12242e-08	 3.12242e-08	 9.14308e-33	 4.279e-07	 4.279e-07	 
 0.02345	 2.69905e-08	 3.03647e-08	 3.03647e-08	 9.14308e-33	 3.85537e-07	 3.85537e-07	 
  0.0235	 2.62969e-08	 2.95844e-08	 2.95844e-08	 9.14308e-33	 3.47345e-07	 3.47345e-07	 
 0.02355	 2.56717e-08	 2.8881e-08	 2.8881e-08	 9.14308e-33	 3.12911e-07	 3.12911e-07	 
  0.0236	 2.51128e-08	 2.82522e-08	 2.82522e-08	 9.14308e-33	 2.81896e-07	 2.81896e-07	 
 0.02365	 2.46181e-08	 2.76957e-08	 2.76957e-08	 9.14308e-33	 2.53946e-07	 2.53946e-07	 
  0.0237	 2.41917e-08	 2.72159e-08	 2.72159e-08	 9.14308e-33	 2.28767e-07	 2.28767e-07	 
 0.02375	 2.38254e-08	 2.68038e-08	 2.68038e-08	 9.14308e-33	 2.06076e-07	 2.06076e-07	 
  0.0238	 2.35231e-08	 2.64638e-08	 2.64638e-08	 9.14308e-33	 1.85631e-07	 1.85631e-07	 
 0.02385	 2.3279e-08	 2.61892e-08	 2.61892e-08	 9.14308e-33	 1.67211e-07	 1.67211e-07	 
  0.0239	 2.30929e-08	 2.59799e-08	 2.59799e-08	 9.14308e-33	 1.50615e-07	 1.50615e-07	 
 0.02395	 2.29629e-08	 2.58336e-08	 2.58336e-08	 9.14308e-33	 1.35662e-07	 1.35662e-07	 
   0.024	 2.28849e-08	 2.57458e-08	 2.57458e-08	 9.14308e-33	 1.2219e-07	 1.2219e-07	 
 0.02405	 2.28568e-08	 2.57142e-08	 2.57142e-08	 9.14308e-33	 1.10057e-07	 1.10057e-07	 
  0.0241	 2.28748e-08	 2.57344e-08	 2.57344e-08	 9.14308e-33	 9.91232e-08	 9.91232e-08	 
 0.02415	 2.29387e-08	 2.58063e-08	 2.58063e-08	 9.14308e-33	 8.92729e-08	 8.92729e-08	 
  0.0242	 2.30426e-08	 2.59232e-08	 2.59232e-08	 9.14308e-33	 8.03994e-08	 8.03994e-08	 
 0.02425	 2.31864e-08	 2.6085e-08	 2.6085e-08	 9.14308e-33	 7.24086e-08	 7.24086e-08	 
  0.0243	 2.33663e-08	 2.62873e-08	 2.62873e-08	 9.14308e-33	 6.52101e-08	 6.52101e-08	 
 0.02435	 2.35761e-08	 2.65234e-08	 2.65234e-08	 9.14308e-33	 5.8723e-08	 5.8723e-08	 
  0.0244	 2.38198e-08	 2.67976e-08	 2.67976e-08	 9.14308e-33	 5.28827e-08	 5.28827e-08	 
 0.02445	 2.40895e-08	 2.7101e-08	 2.7101e-08	 9.14308e-33	 4.76213e-08	 4.76213e-08	 
  0.0245	 2.43872e-08	 2.74359e-08	 2.74359e-08	 9.14308e-33	 4.28838e-08	 4.28838e-08	 
 0.02455	 2.47088e-08	 2.77978e-08	 2.77978e-08	 9.14308e-33	 3.86151e-08	 3.86151e-08	 
  0.0246	 2.50524e-08	 2.81843e-08	 2.81843e-08	 9.14308e-33	 3.47701e-08	 3.47701e-08	 
 0.02465	 2.5418e-08	 2.85956e-08	 2.85956e-08	 9.14308e-33	 3.1308e-08	 3.1308e-08	 
  0.0247	 2.58015e-08	 2.90271e-08	 2.90271e-08	 9.14308e-33	 2.81899e-08	 2.81899e-08	 
 0.02475	 2.6203e-08	 2.94788e-08	 2.94788e-08	 9.14308e-33	 2.53816e-08	 2.53816e-08	 
  0.0248	 2.66225e-08	 2.99507e-08	 2.99507e-08	 9.14308e-33	 2.28528e-08	 2.28528e-08	 
 0.02485	 2.70559e-08	 3.04383e-08	 3.04383e-08	 9.14308e-33	 2.05755e-08	 2.05755e-08	 
  0.0249	 2.75033e-08	 3.09416e-08	 3.09416e-08	 9.14308e-33	 1.85246e-08	 1.85246e-08	 
 0.02495	 2.81975e-08	 3.17226e-08	 3.17226e-08	 9.14308e-33	 1.66778e-08	 1.66778e-08	 
   0.025	 2.87147e-08	 3.23044e-08	 3.23044e-08	 9.14308e-33	 1.50147e-08	 1.50147e-08	 
       0	        0	        0	        0	        0	        0	        0	 
