0.000000e+00 0.000000e+00 0.000000e+00 0.000000e+00 0.000000e+00 0.000000e+00 0.000000e+00 
5.000000e-05 4.766424e+04 6.623200e+02 6.623200e+02 2.668335e+04 7.754839e+02 7.754839e+02 
1.000000e-04 5.248132e+06 2.030703e+05 2.030703e+05 6.262195e+06 2.680102e+05 2.680102e+05 
1.500000e-04 8.228333e+07 4.007331e+06 4.007331e+06 9.975023e+07 5.038942e+06 5.038942e+06 
2.000000e-04 5.211398e+08 2.941629e+07 2.941629e+07 6.166084e+08 3.500414e+07 3.500414e+07 
2.500000e-04 1.809745e+09 1.197379e+08 1.197379e+08 2.118580e+09 1.377634e+08 1.377634e+08 
3.000000e-04 4.217542e+09 3.381935e+08 3.381935e+08 4.926222e+09 3.796496e+08 3.796496e+08 
3.500000e-04 7.254349e+09 6.465562e+08 6.465562e+08 8.475479e+09 7.179396e+08 7.179396e+08 
4.000000e-04 1.058955e+10 9.964161e+08 9.964161e+08 1.238111e+10 1.101105e+09 1.101105e+09 
4.500000e-04 1.417513e+10 1.384834e+09 1.384834e+09 1.656027e+10 1.524208e+09 1.524208e+09 
5.000000e-04 1.789908e+10 1.811781e+09 1.811781e+09 2.085985e+10 1.984598e+09 1.984598e+09 
5.500000e-04 2.165465e+10 2.282641e+09 2.282641e+09 2.512350e+10 2.485311e+09 2.485311e+09 
6.000000e-04 2.519295e+10 2.781026e+09 2.781026e+09 2.905391e+10 3.006057e+09 3.006057e+09 
6.500000e-04 2.829475e+10 3.257038e+09 3.257038e+09 3.242252e+10 3.498268e+09 3.498268e+09 
7.000000e-04 3.089221e+10 3.694295e+09 3.694295e+09 3.516495e+10 3.943953e+09 3.943953e+09 
7.500000e-04 3.296414e+10 4.080455e+09 4.080455e+09 3.723881e+10 4.331393e+09 4.331393e+09 
8.000000e-04 3.446858e+10 4.410992e+09 4.410992e+09 3.865894e+10 4.652377e+09 4.652377e+09 
8.500000e-04 3.549001e+10 4.674906e+09 4.674906e+09 3.946748e+10 4.908526e+09 4.908526e+09 
9.000000e-04 3.600436e+10 4.870529e+09 4.870529e+09 3.973897e+10 5.088254e+09 5.088254e+09 
9.500000e-04 3.608479e+10 5.007204e+09 5.007204e+09 3.950498e+10 5.207732e+09 5.207732e+09 
1.000000e-03 3.576960e+10 5.082660e+09 5.082660e+09 3.884015e+10 5.263046e+09 5.263046e+09 
1.050000e-03 3.523320e+10 5.104208e+09 5.104208e+09 3.792779e+10 5.261746e+09 5.261746e+09 
1.100000e-03 3.450474e+10 5.085381e+09 5.085381e+09 3.682262e+10 5.221275e+09 5.221275e+09 
1.150000e-03 3.357240e+10 5.021416e+09 5.021416e+09 3.549846e+10 5.134357e+09 5.134357e+09 
1.200000e-03 3.249673e+10 4.927277e+09 4.927277e+09 3.402984e+10 5.017789e+09 5.017789e+09 
1.250000e-03 3.132169e+10 4.810718e+09 4.810718e+09 3.247063e+10 4.878992e+09 4.878992e+09 
1.300000e-03 3.005298e+10 4.675095e+09 4.675095e+09 3.083526e+10 4.718451e+09 4.718451e+09 
1.350000e-03 2.874495e+10 4.524015e+09 4.524015e+09 2.917679e+10 4.544336e+09 4.544336e+09 
1.400000e-03 2.740557e+10 4.357560e+09 4.357560e+09 2.750771e+10 4.359882e+09 4.359882e+09 
1.450000e-03 2.607223e+10 4.180954e+09 4.180954e+09 2.586506e+10 4.168597e+09 4.168597e+09 
1.500000e-03 2.474149e+10 3.999097e+09 3.999097e+09 2.425176e+10 3.970358e+09 3.970358e+09 
1.550000e-03 2.343860e+10 3.815229e+09 3.815229e+09 2.269169e+10 3.771653e+09 3.771653e+09 
1.600000e-03 2.215628e+10 3.629768e+09 3.629768e+09 2.117758e+10 3.572845e+09 3.572845e+09 
1.650000e-03 2.091996e+10 3.446301e+09 3.446301e+09 1.973445e+10 3.377554e+09 3.377554e+09 
1.700000e-03 1.971511e+10 3.264582e+09 3.264582e+09 1.834638e+10 3.185037e+09 3.185037e+09 
1.750000e-03 1.854690e+10 3.085615e+09 3.085615e+09 1.702028e+10 2.996962e+09 2.996962e+09 
1.800000e-03 1.743046e+10 2.911501e+09 2.911501e+09 1.577028e+10 2.815069e+09 2.815069e+09 
1.850000e-03 1.634893e+10 2.741619e+09 2.741619e+09 1.458045e+10 2.638489e+09 2.638489e+09 
1.900000e-03 1.534044e+10 2.580153e+09 2.580153e+09 1.348564e+10 2.471926e+09 2.471926e+09 
1.950000e-03 1.437861e+10 2.424648e+09 2.424648e+09 1.246182e+10 2.312528e+09 2.312528e+09 
2.000000e-03 1.345481e+10 2.273658e+09 2.273658e+09 1.149664e+10 2.159670e+09 2.159670e+09 
2.050000e-03 1.257689e+10 2.129446e+09 2.129446e+09 1.059588e+10 2.014120e+09 2.014120e+09 
2.100000e-03 1.172557e+10 1.989039e+09 1.989039e+09 9.737927e+09 1.873396e+09 1.873396e+09 
2.150000e-03 1.094976e+10 1.859994e+09 1.859994e+09 8.969834e+09 1.744559e+09 1.744559e+09 
2.200000e-03 1.020997e+10 1.736563e+09 1.736563e+09 8.248082e+09 1.621952e+09 1.621952e+09 
2.250000e-03 9.512886e+09 1.620721e+09 1.620721e+09 7.582850e+09 1.506758e+09 1.506758e+09 
2.300000e-03 8.856088e+09 1.511134e+09 1.511134e+09 6.965096e+09 1.398409e+09 1.398409e+09 
2.350000e-03 8.228996e+09 1.405843e+09 1.405843e+09 6.383638e+09 1.295375e+09 1.295375e+09 
2.400000e-03 7.649923e+09 1.307691e+09 1.307691e+09 5.855235e+09 1.200442e+09 1.200442e+09 
2.450000e-03 7.109944e+09 1.215607e+09 1.215607e+09 5.371055e+09 1.112118e+09 1.112118e+09 
2.500000e-03 6.599347e+09 1.128240e+09 1.128240e+09 4.920300e+09 1.028786e+09 1.028786e+09 
2.550000e-03 6.122301e+09 1.046460e+09 1.046460e+09 4.508262e+09 9.513597e+08 9.513597e+08 
2.600000e-03 5.665484e+09 9.683636e+08 9.683636e+08 4.122653e+09 8.778120e+08 8.778120e+08 
2.650000e-03 5.240110e+09 8.957619e+08 8.957619e+08 3.772314e+09 8.098368e+08 8.098368e+08 
2.700000e-03 4.841126e+09 8.278507e+08 8.278507e+08 3.450624e+09 7.465340e+08 7.465340e+08 
2.750000e-03 4.474640e+09 7.653113e+08 7.653113e+08 3.157883e+09 6.883528e+08 6.883528e+08 
2.800000e-03 4.127199e+09 7.059716e+08 7.059716e+08 2.883259e+09 6.333268e+08 6.333268e+08 
2.850000e-03 3.803807e+09 6.505902e+08 6.505902e+08 2.629392e+09 5.820953e+08 5.820953e+08 
2.900000e-03 3.502286e+09 5.990336e+08 5.990336e+08 2.396205e+09 5.345660e+08 5.345660e+08 
2.950000e-03 3.226987e+09 5.519798e+08 5.519798e+08 2.187641e+09 4.914425e+08 4.914425e+08 
3.000000e-03 2.969823e+09 5.081444e+08 5.081444e+08 1.997708e+09 4.515386e+08 4.515386e+08 
3.050000e-03 2.729318e+09 4.672042e+08 4.672042e+08 1.823709e+09 4.144765e+08 4.144765e+08 
3.100000e-03 2.501936e+09 4.285346e+08 4.285346e+08 1.661390e+09 3.795840e+08 3.795840e+08 
3.150000e-03 2.288765e+09 3.922378e+08 3.922378e+08 1.509880e+09 3.468637e+08 3.468637e+08 
3.200000e-03 2.094234e+09 3.590938e+08 3.590938e+08 1.373434e+09 3.170899e+08 3.170899e+08 
3.250000e-03 1.916029e+09 3.286633e+08 3.286633e+08 1.249232e+09 2.898029e+08 2.898029e+08 
3.300000e-03 1.752714e+09 3.007696e+08 3.007696e+08 1.136643e+09 2.648565e+08 2.648565e+08 
3.350000e-03 1.603970e+09 2.753549e+08 2.753549e+08 1.034843e+09 2.421741e+08 2.421741e+08 
3.400000e-03 1.463133e+09 2.512873e+08 2.512873e+08 9.388986e+08 2.207228e+08 2.207228e+08 
3.450000e-03 1.335825e+09 2.295714e+08 2.295714e+08 8.539518e+08 2.014846e+08 2.014846e+08 
3.500000e-03 1.218240e+09 2.095034e+08 2.095034e+08 7.760669e+08 1.837389e+08 1.837389e+08 
3.550000e-03 1.108729e+09 1.908145e+08 1.908145e+08 7.042755e+08 1.672565e+08 1.672565e+08 
3.600000e-03 1.007903e+09 1.735942e+08 1.735942e+08 6.384131e+08 1.520823e+08 1.520823e+08 
3.650000e-03 9.152711e+08 1.577569e+08 1.577569e+08 5.780679e+08 1.381323e+08 1.381323e+08 
3.700000e-03 8.306947e+08 1.432898e+08 1.432898e+08 5.233151e+08 1.254055e+08 1.254055e+08 
3.750000e-03 7.550285e+08 1.303329e+08 1.303329e+08 4.745068e+08 1.140161e+08 1.140161e+08 
3.800000e-03 6.866384e+08 1.186184e+08 1.186184e+08 4.307113e+08 1.037338e+08 1.037338e+08 
3.850000e-03 6.244522e+08 1.079602e+08 1.079602e+08 3.910482e+08 9.438632e+07 9.438632e+07 
3.900000e-03 5.651714e+08 9.779767e+07 9.779767e+07 3.533719e+08 8.548111e+07 8.548111e+07 
3.950000e-03 5.117168e+08 8.862834e+07 8.862834e+07 3.195856e+08 7.745613e+07 7.745613e+07 
4.000000e-03 4.624238e+08 8.017148e+07 8.017148e+07 2.886218e+08 7.006510e+07 7.006510e+07 
4.050000e-03 4.167885e+08 7.233624e+07 7.233624e+07 2.600018e+08 6.321917e+07 6.321917e+07 
4.100000e-03 3.779537e+08 6.565396e+07 6.565396e+07 2.356337e+08 5.737739e+07 5.737739e+07 
4.150000e-03 3.417119e+08 5.941434e+07 5.941434e+07 2.129563e+08 5.192543e+07 5.192543e+07 
4.200000e-03 3.097709e+08 5.390203e+07 5.390203e+07 1.928680e+08 4.710162e+07 4.710162e+07 
4.250000e-03 2.798835e+08 4.874790e+07 4.874790e+07 1.742662e+08 4.260237e+07 4.260237e+07 
4.300000e-03 2.526003e+08 4.403960e+07 4.403960e+07 1.573108e+08 3.849379e+07 3.849379e+07 
4.350000e-03 2.271964e+08 3.965509e+07 3.965509e+07 1.415805e+08 3.467133e+07 3.467133e+07 
4.400000e-03 2.040990e+08 3.566612e+07 3.566612e+07 1.273027e+08 3.119536e+07 3.119536e+07 
4.450000e-03 1.841104e+08 3.220611e+07 3.220611e+07 1.148889e+08 2.817620e+07 2.817620e+07 
4.500000e-03 1.658415e+08 2.904106e+07 2.904106e+07 1.035528e+08 2.541499e+07 2.541499e+07 
4.550000e-03 1.499497e+08 2.628311e+07 2.628311e+07 9.367894e+07 2.300754e+07 2.300754e+07 
4.600000e-03 1.351421e+08 2.370842e+07 2.370842e+07 8.443615e+07 2.075657e+07 2.075657e+07 
4.650000e-03 1.217447e+08 2.137844e+07 2.137844e+07 7.610052e+07 1.872144e+07 1.872144e+07 
4.700000e-03 1.091535e+08 1.918860e+07 1.918860e+07 6.829735e+07 1.681024e+07 1.681024e+07 
4.750000e-03 9.776259e+07 1.720718e+07 1.720718e+07 6.125781e+07 1.508242e+07 1.508242e+07 
4.800000e-03 8.779211e+07 1.547150e+07 1.547150e+07 5.511548e+07 1.356950e+07 1.356950e+07 
4.850000e-03 7.896361e+07 1.392991e+07 1.392991e+07 4.962028e+07 1.222216e+07 1.222216e+07 
4.900000e-03 7.100491e+07 1.254001e+07 1.254001e+07 4.469251e+07 1.100849e+07 1.100849e+07 
4.950000e-03 6.386154e+07 1.128794e+07 1.128794e+07 4.021339e+07 9.911292e+06 9.911292e+06 
5.000000e-03 5.750079e+07 1.017244e+07 1.017244e+07 3.623000e+07 8.934247e+06 8.934247e+06 
5.050000e-03 5.146514e+07 9.114256e+06 9.114256e+06 3.245995e+07 8.008293e+06 8.008293e+06 
5.100000e-03 4.605837e+07 8.166435e+06 8.166435e+06 2.910342e+07 7.179863e+06 7.179863e+06 
5.150000e-03 4.118021e+07 7.310944e+06 7.310944e+06 2.607306e+07 6.432438e+06 6.432438e+06 
5.200000e-03 3.695738e+07 6.567940e+06 6.567940e+06 2.342987e+07 5.781373e+06 5.781373e+06 
5.250000e-03 3.315014e+07 5.897839e+06 5.897839e+06 2.105549e+07 5.194495e+06 5.194495e+06 
5.300000e-03 2.968329e+07 5.286591e+06 5.286591e+06 1.888270e+07 4.658474e+06 4.658474e+06 
5.350000e-03 2.670098e+07 4.759116e+06 4.759116e+06 1.699153e+07 4.194673e+06 4.194673e+06 
5.400000e-03 2.389096e+07 4.262265e+06 4.262265e+06 1.522207e+07 3.758227e+06 3.758227e+06 
5.450000e-03 2.137217e+07 3.817031e+06 3.817031e+06 1.363057e+07 3.367592e+06 3.367592e+06 
5.500000e-03 1.905738e+07 3.407734e+06 3.407734e+06 1.218359e+07 3.008575e+06 3.008575e+06 
5.550000e-03 1.702914e+07 3.048358e+06 3.048358e+06 1.088468e+07 2.692836e+06 2.692836e+06 
5.600000e-03 1.528353e+07 2.738665e+06 2.738665e+06 9.788713e+06 2.420618e+06 2.420618e+06 
5.650000e-03 1.360987e+07 2.441668e+06 2.441668e+06 8.741466e+06 2.159595e+06 2.159595e+06 
5.700000e-03 1.221658e+07 2.193434e+06 2.193434e+06 7.854885e+06 1.940644e+06 1.940644e+06 
5.750000e-03 1.094071e+07 1.965994e+06 1.965994e+06 7.040830e+06 1.740044e+06 1.740044e+06 
5.800000e-03 9.770410e+06 1.757184e+06 1.757184e+06 6.291019e+06 1.555785e+06 1.555785e+06 
5.850000e-03 8.705233e+06 1.567373e+06 1.567373e+06 5.616730e+06 1.388652e+06 1.388652e+06 
5.900000e-03 7.742822e+06 1.395724e+06 1.395724e+06 5.008479e+06 1.237442e+06 1.237442e+06 
5.950000e-03 6.954754e+06 1.254782e+06 1.254782e+06 4.501582e+06 1.113020e+06 1.113020e+06 
6.000000e-03 6.189328e+06 1.118011e+06 1.118011e+06 4.017170e+06 9.924494e+05 9.924494e+05 
6.050000e-03 5.516089e+06 9.972670e+05 9.972670e+05 3.592176e+06 8.856213e+05 8.856213e+05 
6.100000e-03 4.944264e+06 8.945320e+05 8.945320e+05 3.223412e+06 7.946290e+05 7.946290e+05 
6.150000e-03 4.419499e+06 8.002753e+05 8.002753e+05 2.880722e+06 7.112143e+05 7.112143e+05 
6.200000e-03 3.932472e+06 7.127645e+05 7.127645e+05 2.569749e+06 6.337722e+05 6.337722e+05 
6.250000e-03 3.491952e+06 6.336320e+05 6.336320e+05 2.287379e+06 5.638029e+05 5.638029e+05 
6.300000e-03 3.132528e+06 5.689273e+05 5.689273e+05 2.055791e+06 5.065015e+05 5.065015e+05 
6.350000e-03 2.791258e+06 5.074676e+05 5.074676e+05 1.835951e+06 4.520742e+05 4.520742e+05 
6.400000e-03 2.475338e+06 4.505631e+05 4.505631e+05 1.627684e+06 4.016912e+05 4.016912e+05 
6.450000e-03 2.213233e+06 4.031302e+05 4.031302e+05 1.458728e+06 3.595061e+05 3.595061e+05 
6.500000e-03 1.980561e+06 3.610164e+05 3.610164e+05 1.307022e+06 3.220678e+05 3.220678e+05 
6.550000e-03 1.763576e+06 3.217367e+05 3.217367e+05 1.165730e+06 2.871577e+05 2.871577e+05 
6.600000e-03 1.565188e+06 2.858337e+05 2.858337e+05 1.031170e+06 2.552724e+05 2.552724e+05 
6.650000e-03 1.396106e+06 2.551766e+05 2.551766e+05 9.236575e+05 2.280072e+05 2.280072e+05 
6.700000e-03 1.245755e+06 2.278925e+05 2.278925e+05 8.256842e+05 2.037319e+05 2.037319e+05 
6.750000e-03 1.103075e+06 2.020161e+05 2.020161e+05 7.330872e+05 1.807317e+05 1.807317e+05 
6.800000e-03 9.826147e+05 1.801253e+05 1.801253e+05 6.526368e+05 1.612422e+05 1.612422e+05 
6.850000e-03 8.790575e+05 1.612471e+05 1.612471e+05 5.825540e+05 1.443880e+05 1.443880e+05 
6.900000e-03 7.803893e+05 1.432231e+05 1.432231e+05 5.162529e+05 1.282666e+05 1.282666e+05 
6.950000e-03 6.933985e+05 1.273735e+05 1.273735e+05 4.580826e+05 1.141360e+05 1.141360e+05 
7.000000e-03 6.164578e+05 1.133550e+05 1.133550e+05 4.049833e+05 1.016438e+05 1.016438e+05 
7.050000e-03 5.507158e+05 1.013369e+05 1.013369e+05 3.610801e+05 9.090084e+04 9.090084e+04 
7.100000e-03 4.878164e+05 8.983816e+04 8.983816e+04 3.194512e+05 8.062574e+04 8.062574e+04 
7.150000e-03 4.323306e+05 7.970922e+04 7.970922e+04 2.813921e+05 7.159219e+04 7.159219e+04 
7.200000e-03 3.829748e+05 7.063283e+04 7.063283e+04 2.480802e+05 6.343843e+04 6.343843e+04 
7.250000e-03 3.413843e+05 6.300059e+04 6.300059e+04 2.215170e+05 5.659972e+04 5.659972e+04 
7.300000e-03 3.015304e+05 5.566782e+04 5.566782e+04 1.911375e+05 5.001466e+04 5.001466e+04 
7.350000e-03 2.675753e+05 4.944502e+04 4.944502e+04 1.701110e+05 4.445109e+04 4.445109e+04 
7.400000e-03 2.378672e+05 4.398041e+04 4.398041e+04 1.505846e+05 3.954845e+04 3.954845e+04 
7.450000e-03 2.092597e+05 3.870262e+04 3.870262e+04 1.323095e+05 3.480129e+04 3.480129e+04 
7.500000e-03 1.854397e+05 3.433473e+04 3.433473e+04 1.100619e+05 3.089833e+04 3.089833e+04 
7.550000e-03 1.626669e+05 3.013208e+04 3.013208e+04 9.788616e+04 2.711985e+04 2.711985e+04 
7.600000e-03 1.412236e+05 2.614741e+04 2.614741e+04 8.761215e+04 2.351439e+04 2.351439e+04 
7.650000e-03 1.261290e+05 2.336921e+04 2.336921e+04 7.000324e+04 2.102507e+04 2.102507e+04 
7.700000e-03 1.120109e+05 2.077071e+04 2.077071e+04 6.230992e+04 1.869745e+04 1.869745e+04 
7.750000e-03 9.753148e+04 1.808606e+04 1.808606e+04 5.564775e+04 1.627631e+04 1.627631e+04 
7.800000e-03 8.700220e+04 1.614472e+04 1.614472e+04 4.989387e+04 1.453531e+04 1.453531e+04 
7.850000e-03 7.327035e+04 1.358507e+04 1.358507e+04 4.448160e+04 1.221734e+04 1.221734e+04 
7.900000e-03 6.450711e+04 1.197340e+04 1.197340e+04 3.926084e+04 1.077659e+04 1.077659e+04 
7.950000e-03 5.750985e+04 1.068210e+04 1.068210e+04 3.516170e+04 9.618514e+03 9.618514e+03 
8.000000e-03 4.671600e+04 8.658393e+03 8.658393e+03 3.152906e+04 7.778265e+03 7.778265e+03 
8.050000e-03 4.152443e+04 7.701903e+03 7.701903e+03 2.807171e+04 6.922336e+03 6.922336e+03 
8.100000e-03 3.676821e+04 6.825502e+03 6.825502e+03 2.490610e+04 6.138186e+03 6.138186e+03 
8.150000e-03 3.300327e+04 6.130550e+03 6.130550e+03 2.185235e+04 5.515459e+03 5.515459e+03 
8.200000e-03 2.945911e+04 5.476891e+03 5.476891e+03 1.755592e+04 4.930428e+03 4.930428e+03 
8.250000e-03 2.591049e+04 4.822258e+03 4.822258e+03 1.547679e+04 4.344556e+03 4.344556e+03 
8.300000e-03 2.298132e+04 4.281033e+03 4.281033e+03 1.260783e+04 3.859493e+03 3.859493e+03 
8.350000e-03 2.057017e+04 3.834210e+03 3.834210e+03 1.005145e+04 3.457948e+03 3.457948e+03 
8.400000e-03 1.831254e+04 3.415550e+03 3.415550e+03 8.470647e+03 3.081565e+03 3.081565e+03 
8.450000e-03 1.621660e+04 3.026878e+03 3.026878e+03 6.451474e+03 2.732242e+03 2.732242e+03 
8.500000e-03 1.419278e+04 2.649231e+03 2.649231e+03 1.828935e+03 2.391053e+03 2.391053e+03 
8.550000e-03 1.155723e+04 2.153811e+03 2.153811e+03 1.626500e+03 1.940789e+03 1.940789e+03 
8.600000e-03 1.021400e+04 1.905198e+03 1.905198e+03 1.424051e+03 1.717908e+03 1.717908e+03 
8.650000e-03 8.291436e+03 1.545471e+03 1.545471e+03 6.945788e+02 1.392540e+03 1.392540e+03 
8.700000e-03 6.639172e+03 1.235622e+03 1.235622e+03 5.430911e+00 1.111818e+03 1.111818e+03 
8.750000e-03 5.630786e+03 1.047416e+03 1.047416e+03 6.929497e-32 9.419810e+02 9.419810e+02 
8.800000e-03 4.631226e+03 8.607852e+02 8.607852e+02 6.929497e-32 7.735747e+02 7.735747e+02 
8.850000e-03 1.299638e+03 2.366683e+02 2.366683e+02 6.929497e-32 2.103234e+02 2.103234e+02 
8.900000e-03 1.160319e+03 2.114524e+02 2.114524e+02 6.929497e-32 1.880137e+02 1.880137e+02 
8.950000e-03 1.021204e+03 1.862347e+02 1.862347e+02 6.929497e-32 1.657024e+02 1.657024e+02 
9.000000e-03 8.822668e+02 1.610148e+02 1.610148e+02 6.929497e-32 1.433891e+02 1.433891e+02 
9.050000e-03 2.954013e+02 5.242339e+01 5.242339e+01 6.929497e-32 4.654820e+01 4.654820e+01 
9.100000e-03 1.033122e+01 6.929497e-32 6.929497e-32 6.929497e-32 6.929497e-32 6.929497e-32 
9.150000e-03 9.209010e+00 6.929497e-32 6.929497e-32 6.929497e-32 6.929497e-32 6.929497e-32 
9.200000e-03 8.207613e+00 6.929497e-32 6.929497e-32 6.929497e-32 6.929497e-32 6.929497e-32 
9.250000e-03 7.314051e+00 6.929497e-32 6.929497e-32 6.929497e-32 6.929497e-32 6.929497e-32 
9.300000e-03 6.517586e+00 6.929497e-32 6.929497e-32 6.929497e-32 6.929497e-32 6.929497e-32 
9.350000e-03 5.807033e+00 6.929497e-32 6.929497e-32 6.929497e-32 6.929497e-32 6.929497e-32 
9.400000e-03 5.173888e+00 6.929497e-32 6.929497e-32 6.929497e-32 6.929497e-32 6.929497e-32 
9.450000e-03 4.609203e+00 6.929497e-32 6.929497e-32 6.929497e-32 6.929497e-32 6.929497e-32 
9.500000e-03 4.105507e+00 6.929497e-32 6.929497e-32 6.929497e-32 6.929497e-32 6.929497e-32 
9.550000e-03 3.656712e+00 6.929497e-32 6.929497e-32 6.929497e-32 6.929497e-32 6.929497e-32 
9.600000e-03 3.256645e+00 6.929497e-32 6.929497e-32 6.929497e-32 6.929497e-32 6.929497e-32 
9.650000e-03 2.900116e+00 6.929497e-32 6.929497e-32 6.929497e-32 6.929497e-32 6.929497e-32 
9.700000e-03 2.582380e+00 6.929497e-32 6.929497e-32 6.929497e-32 6.929497e-32 6.929497e-32 
9.750000e-03 2.299277e+00 6.929497e-32 6.929497e-32 6.929497e-32 6.929497e-32 6.929497e-32 
9.800000e-03 2.047004e+00 6.929497e-32 6.929497e-32 6.929497e-32 6.929497e-32 6.929497e-32 
9.850000e-03 1.822248e+00 6.929497e-32 6.929497e-32 6.929497e-32 6.929497e-32 6.929497e-32 
9.900000e-03 1.622058e+00 6.929497e-32 6.929497e-32 6.929497e-32 6.929497e-32 6.929497e-32 
9.950000e-03 1.443749e+00 6.929497e-32 6.929497e-32 6.929497e-32 6.929497e-32 6.929497e-32 
1.000000e-02 1.284903e+00 6.929497e-32 6.929497e-32 6.929497e-32 6.929497e-32 6.929497e-32 
1.005000e-02 1.143464e+00 6.929497e-32 6.929497e-32 6.929497e-32 6.929497e-32 6.929497e-32 
1.010000e-02 1.017506e+00 6.929497e-32 6.929497e-32 6.929497e-32 6.929497e-32 6.929497e-32 
1.015000e-02 9.053745e-01 6.929497e-32 6.929497e-32 6.929497e-32 6.929497e-32 6.929497e-32 
1.020000e-02 8.055032e-01 6.929497e-32 6.929497e-32 6.929497e-32 6.929497e-32 6.929497e-32 
1.025000e-02 7.165944e-01 6.929497e-32 6.929497e-32 6.929497e-32 6.929497e-32 6.929497e-32 
1.030000e-02 6.374402e-01 6.929497e-32 6.929497e-32 6.929497e-32 6.929497e-32 6.929497e-32 
1.035000e-02 5.670112e-01 6.929497e-32 6.929497e-32 6.929497e-32 6.929497e-32 6.929497e-32 
1.040000e-02 5.043232e-01 6.929497e-32 6.929497e-32 6.929497e-32 6.929497e-32 6.929497e-32 
1.045000e-02 4.485259e-01 6.929497e-32 6.929497e-32 6.929497e-32 6.929497e-32 6.929497e-32 
1.050000e-02 3.988677e-01 6.929497e-32 6.929497e-32 6.929497e-32 6.929497e-32 6.929497e-32 
1.055000e-02 3.546863e-01 6.929497e-32 6.929497e-32 6.929497e-32 6.929497e-32 6.929497e-32 
1.060000e-02 3.153731e-01 6.929497e-32 6.929497e-32 6.929497e-32 6.929497e-32 6.929497e-32 
1.065000e-02 2.804003e-01 6.929497e-32 6.929497e-32 6.929497e-32 6.929497e-32 6.929497e-32 
1.070000e-02 2.492845e-01 6.929497e-32 6.929497e-32 6.929497e-32 6.929497e-32 6.929497e-32 
1.075000e-02 2.216051e-01 6.929497e-32 6.929497e-32 6.929497e-32 6.929497e-32 6.929497e-32 
1.080000e-02 1.969863e-01 6.929497e-32 6.929497e-32 6.929497e-32 6.929497e-32 6.929497e-32 
1.085000e-02 1.750925e-01 6.929497e-32 6.929497e-32 6.929497e-32 6.929497e-32 6.929497e-32 
1.090000e-02 1.556193e-01 6.929497e-32 6.929497e-32 6.929497e-32 6.929497e-32 6.929497e-32 
1.095000e-02 1.383030e-01 6.929497e-32 6.929497e-32 6.929497e-32 6.929497e-32 6.929497e-32 
1.100000e-02 1.229061e-01 6.929497e-32 6.929497e-32 6.929497e-32 6.929497e-32 6.929497e-32 
1.105000e-02 1.092141e-01 6.929497e-32 6.929497e-32 6.929497e-32 6.929497e-32 6.929497e-32 
1.110000e-02 9.703892e-02 6.929497e-32 6.929497e-32 6.929497e-32 6.929497e-32 6.929497e-32 
1.115000e-02 8.621953e-02 6.929497e-32 6.929497e-32 6.929497e-32 6.929497e-32 6.929497e-32 
1.120000e-02 7.659931e-02 6.929497e-32 6.929497e-32 6.929497e-32 6.929497e-32 6.929497e-32 
1.125000e-02 6.804851e-02 6.929497e-32 6.929497e-32 6.929497e-32 6.929497e-32 6.929497e-32 
1.130000e-02 6.044630e-02 6.929497e-32 6.929497e-32 6.929497e-32 6.929497e-32 6.929497e-32 
1.135000e-02 5.369424e-02 6.929497e-32 6.929497e-32 6.929497e-32 6.929497e-32 6.929497e-32 
1.140000e-02 4.768944e-02 6.929497e-32 6.929497e-32 6.929497e-32 6.929497e-32 6.929497e-32 
1.145000e-02 4.235581e-02 6.929497e-32 6.929497e-32 6.929497e-32 6.929497e-32 6.929497e-32 
1.150000e-02 3.761550e-02 6.929497e-32 6.929497e-32 6.929497e-32 6.929497e-32 6.929497e-32 
1.155000e-02 3.340408e-02 6.929497e-32 6.929497e-32 6.929497e-32 6.929497e-32 6.929497e-32 
1.160000e-02 2.966204e-02 6.929497e-32 6.929497e-32 6.929497e-32 6.929497e-32 6.929497e-32 
1.165000e-02 2.633747e-02 6.929497e-32 6.929497e-32 6.929497e-32 6.929497e-32 6.929497e-32 
1.170000e-02 2.338429e-02 6.929497e-32 6.929497e-32 6.929497e-32 6.929497e-32 6.929497e-32 
1.175000e-02 2.076088e-02 6.929497e-32 6.929497e-32 6.929497e-32 6.929497e-32 6.929497e-32 
1.180000e-02 1.843100e-02 6.929497e-32 6.929497e-32 6.929497e-32 6.929497e-32 6.929497e-32 
1.185000e-02 1.636108e-02 6.929497e-32 6.929497e-32 6.929497e-32 6.929497e-32 6.929497e-32 
1.190000e-02 1.452340e-02 6.929497e-32 6.929497e-32 6.929497e-32 6.929497e-32 6.929497e-32 
1.195000e-02 1.289109e-02 6.929497e-32 6.929497e-32 6.929497e-32 6.929497e-32 6.929497e-32 
1.200000e-02 1.144135e-02 6.929497e-32 6.929497e-32 6.929497e-32 6.929497e-32 6.929497e-32 
1.205000e-02 1.015448e-02 6.929497e-32 6.929497e-32 6.929497e-32 6.929497e-32 6.929497e-32 
1.210000e-02 9.011684e-03 6.929497e-32 6.929497e-32 6.929497e-32 6.929497e-32 6.929497e-32 
1.215000e-02 7.996863e-03 6.929497e-32 6.929497e-32 6.929497e-32 6.929497e-32 6.929497e-32 
1.220000e-02 7.096142e-03 6.929497e-32 6.929497e-32 6.929497e-32 6.929497e-32 6.929497e-32 
1.225000e-02 6.296545e-03 6.929497e-32 6.929497e-32 6.929497e-32 6.929497e-32 6.929497e-32 
1.230000e-02 5.586886e-03 6.929497e-32 6.929497e-32 6.929497e-32 6.929497e-32 6.929497e-32 
1.235000e-02 4.956426e-03 6.929497e-32 6.929497e-32 6.929497e-32 6.929497e-32 6.929497e-32 
1.240000e-02 4.397335e-03 6.929497e-32 6.929497e-32 6.929497e-32 6.929497e-32 6.929497e-32 
1.245000e-02 3.900976e-03 6.929497e-32 6.929497e-32 6.929497e-32 6.929497e-32 6.929497e-32 
1.250000e-02 3.460460e-03 6.929497e-32 6.929497e-32 6.929497e-32 6.929497e-32 6.929497e-32 
1.255000e-02 3.069521e-03 6.929497e-32 6.929497e-32 6.929497e-32 6.929497e-32 6.929497e-32 
1.260000e-02 2.722611e-03 6.929497e-32 6.929497e-32 6.929497e-32 6.929497e-32 6.929497e-32 
1.265000e-02 2.414764e-03 6.929497e-32 6.929497e-32 6.929497e-32 6.929497e-32 6.929497e-32 
1.270000e-02 2.141640e-03 6.929497e-32 6.929497e-32 6.929497e-32 6.929497e-32 6.929497e-32 
1.275000e-02 1.899300e-03 6.929497e-32 6.929497e-32 6.929497e-32 6.929497e-32 6.929497e-32 
1.280000e-02 1.684299e-03 6.929497e-32 6.929497e-32 6.929497e-32 6.929497e-32 6.929497e-32 
1.285000e-02 1.493550e-03 6.929497e-32 6.929497e-32 6.929497e-32 6.929497e-32 6.929497e-32 
1.290000e-02 1.324369e-03 6.929497e-32 6.929497e-32 6.929497e-32 6.929497e-32 6.929497e-32 
1.295000e-02 1.174248e-03 6.929497e-32 6.929497e-32 6.929497e-32 6.929497e-32 6.929497e-32 
1.300000e-02 1.041131e-03 6.929497e-32 6.929497e-32 6.929497e-32 6.929497e-32 6.929497e-32 
1.305000e-02 9.230488e-04 6.929497e-32 6.929497e-32 6.929497e-32 6.929497e-32 6.929497e-32 
1.310000e-02 8.183450e-04 6.929497e-32 6.929497e-32 6.929497e-32 6.929497e-32 6.929497e-32 
1.315000e-02 7.254540e-04 6.929497e-32 6.929497e-32 6.929497e-32 6.929497e-32 6.929497e-32 
1.320000e-02 6.430781e-04 6.929497e-32 6.929497e-32 6.929497e-32 6.929497e-32 6.929497e-32 
1.325000e-02 5.700092e-04 6.929497e-32 6.929497e-32 6.929497e-32 6.929497e-32 6.929497e-32 
1.330000e-02 5.052628e-04 6.929497e-32 6.929497e-32 6.929497e-32 6.929497e-32 6.929497e-32 
1.335000e-02 4.478100e-04 6.929497e-32 6.929497e-32 6.929497e-32 6.929497e-32 6.929497e-32 
1.340000e-02 3.969079e-04 6.929497e-32 6.929497e-32 6.929497e-32 6.929497e-32 6.929497e-32 
1.345000e-02 3.517599e-04 6.929497e-32 6.929497e-32 6.929497e-32 6.929497e-32 6.929497e-32 
1.350000e-02 3.117354e-04 6.929497e-32 6.929497e-32 6.929497e-32 6.929497e-32 6.929497e-32 
1.355000e-02 2.762479e-04 6.929497e-32 6.929497e-32 6.929497e-32 6.929497e-32 6.929497e-32 
1.360000e-02 2.447921e-04 6.929497e-32 6.929497e-32 6.929497e-32 6.929497e-32 6.929497e-32 
1.365000e-02 2.169113e-04 6.929497e-32 6.929497e-32 6.929497e-32 6.929497e-32 6.929497e-32 
1.370000e-02 1.921941e-04 6.929497e-32 6.929497e-32 6.929497e-32 6.929497e-32 6.929497e-32 
1.375000e-02 1.702868e-04 6.929497e-32 6.929497e-32 6.929497e-32 6.929497e-32 6.929497e-32 
1.380000e-02 1.508719e-04 6.929497e-32 6.929497e-32 6.929497e-32 6.929497e-32 6.929497e-32 
1.385000e-02 1.336629e-04 6.929497e-32 6.929497e-32 6.929497e-32 6.929497e-32 6.929497e-32 
1.390000e-02 1.184137e-04 6.929497e-32 6.929497e-32 6.929497e-32 6.929497e-32 6.929497e-32 
1.395000e-02 1.048962e-04 6.929497e-32 6.929497e-32 6.929497e-32 6.929497e-32 6.929497e-32 
1.400000e-02 9.292236e-05 6.929497e-32 6.929497e-32 6.929497e-32 6.929497e-32 6.929497e-32 
1.405000e-02 8.230880e-05 6.929497e-32 6.929497e-32 6.929497e-32 6.929497e-32 6.929497e-32 
1.410000e-02 7.290336e-05 6.929497e-32 6.929497e-32 6.929497e-32 6.929497e-32 6.929497e-32 
1.415000e-02 6.457180e-05 6.929497e-32 6.929497e-32 6.929497e-32 6.929497e-32 6.929497e-32 
1.420000e-02 5.719332e-05 6.929497e-32 6.929497e-32 6.929497e-32 6.929497e-32 6.929497e-32 
1.425000e-02 5.065157e-05 6.929497e-32 6.929497e-32 6.929497e-32 6.929497e-32 6.929497e-32 
1.430000e-02 4.485707e-05 6.929497e-32 6.929497e-32 6.929497e-32 6.929497e-32 6.929497e-32 
1.435000e-02 3.972479e-05 6.929497e-32 6.929497e-32 6.929497e-32 6.929497e-32 6.929497e-32 
1.440000e-02 3.517778e-05 6.929497e-32 6.929497e-32 6.929497e-32 6.929497e-32 6.929497e-32 
1.445000e-02 3.115027e-05 6.929497e-32 6.929497e-32 6.929497e-32 6.929497e-32 6.929497e-32 
1.450000e-02 2.758273e-05 6.929497e-32 6.929497e-32 6.929497e-32 6.929497e-32 6.929497e-32 
1.455000e-02 2.442283e-05 6.929497e-32 6.929497e-32 6.929497e-32 6.929497e-32 6.929497e-32 
1.460000e-02 2.162401e-05 6.929497e-32 6.929497e-32 6.929497e-32 6.929497e-32 6.929497e-32 
1.465000e-02 1.914513e-05 6.929497e-32 6.929497e-32 6.929497e-32 6.929497e-32 6.929497e-32 
1.470000e-02 1.694993e-05 6.929497e-32 6.929497e-32 6.929497e-32 6.929497e-32 6.929497e-32 
1.475000e-02 1.500575e-05 6.929497e-32 6.929497e-32 6.929497e-32 6.929497e-32 6.929497e-32 
1.480000e-02 1.328396e-05 6.929497e-32 6.929497e-32 6.929497e-32 6.929497e-32 6.929497e-32 
1.485000e-02 1.175949e-05 6.929497e-32 6.929497e-32 6.929497e-32 6.929497e-32 6.929497e-32 
1.490000e-02 1.040952e-05 6.929497e-32 6.929497e-32 6.929497e-32 6.929497e-32 6.929497e-32 
1.495000e-02 9.214380e-06 6.929497e-32 6.929497e-32 6.929497e-32 6.929497e-32 6.929497e-32 
1.500000e-02 8.155708e-06 6.929497e-32 6.929497e-32 6.929497e-32 6.929497e-32 6.929497e-32 
1.505000e-02 7.218744e-06 6.929497e-32 6.929497e-32 6.929497e-32 6.929497e-32 6.929497e-32 
1.510000e-02 6.389168e-06 6.929497e-32 6.929497e-32 6.929497e-32 6.929497e-32 6.929497e-32 
1.515000e-02 5.654899e-06 6.929497e-32 6.929497e-32 6.929497e-32 6.929497e-32 6.929497e-32 
1.520000e-02 5.004304e-06 6.929497e-32 6.929497e-32 6.929497e-32 6.929497e-32 6.929497e-32 
1.525000e-02 4.428880e-06 6.929497e-32 6.929497e-32 6.929497e-32 6.929497e-32 6.929497e-32 
1.530000e-02 3.919367e-06 6.929497e-32 6.929497e-32 6.929497e-32 6.929497e-32 6.929497e-32 
1.535000e-02 3.468290e-06 6.929497e-32 6.929497e-32 6.929497e-32 6.929497e-32 6.929497e-32 
1.540000e-02 3.069074e-06 6.929497e-32 6.929497e-32 6.929497e-32 6.929497e-32 6.929497e-32 
1.545000e-02 2.715676e-06 6.929497e-32 6.929497e-32 6.929497e-32 6.929497e-32 6.929497e-32 
1.550000e-02 2.402907e-06 6.929497e-32 6.929497e-32 6.929497e-32 6.929497e-32 6.929497e-32 
1.555000e-02 2.126113e-06 6.929497e-32 6.929497e-32 6.929497e-32 6.929497e-32 6.929497e-32 
1.560000e-02 1.881088e-06 6.929497e-32 6.929497e-32 6.929497e-32 6.929497e-32 6.929497e-32 
1.565000e-02 1.664298e-06 6.929497e-32 6.929497e-32 6.929497e-32 6.929497e-32 6.929497e-32 
1.570000e-02 1.472386e-06 6.929497e-32 6.929497e-32 6.929497e-32 6.929497e-32 6.929497e-32 
1.575000e-02 1.302622e-06 6.929497e-32 6.929497e-32 6.929497e-32 6.929497e-32 6.929497e-32 
1.580000e-02 1.152368e-06 6.929497e-32 6.929497e-32 6.929497e-32 6.929497e-32 6.929497e-32 
1.585000e-02 1.019385e-06 6.929497e-32 6.929497e-32 6.929497e-32 6.929497e-32 6.929497e-32 
1.590000e-02 9.017501e-07 6.929497e-32 6.929497e-32 6.929497e-32 6.929497e-32 6.929497e-32 
1.595000e-02 7.976727e-07 6.929497e-32 6.929497e-32 6.929497e-32 6.929497e-32 6.929497e-32 
1.600000e-02 7.055424e-07 6.929497e-32 6.929497e-32 6.929497e-32 6.929497e-32 6.929497e-32 
1.605000e-02 6.240614e-07 6.929497e-32 6.929497e-32 6.929497e-32 6.929497e-32 6.929497e-32 
1.610000e-02 5.519768e-07 6.929497e-32 6.929497e-32 6.929497e-32 6.929497e-32 6.929497e-32 
1.615000e-02 4.882149e-07 6.929497e-32 6.929497e-32 6.929497e-32 6.929497e-32 6.929497e-32 
1.620000e-02 4.317778e-07 6.929497e-32 6.929497e-32 6.929497e-32 6.929497e-32 6.929497e-32 
1.625000e-02 3.818645e-07 6.929497e-32 6.929497e-32 6.929497e-32 6.929497e-32 6.929497e-32 
1.630000e-02 3.377100e-07 6.929497e-32 6.929497e-32 6.929497e-32 6.929497e-32 6.929497e-32 
1.635000e-02 2.986519e-07 6.929497e-32 6.929497e-32 6.929497e-32 6.929497e-32 6.929497e-32 
1.640000e-02 2.641041e-07 6.929497e-32 6.929497e-32 6.929497e-32 6.929497e-32 6.929497e-32 
1.645000e-02 2.335431e-07 6.929497e-32 6.929497e-32 6.929497e-32 6.929497e-32 6.929497e-32 
1.650000e-02 2.065125e-07 6.929497e-32 6.929497e-32 6.929497e-32 6.929497e-32 6.929497e-32 
1.655000e-02 1.826052e-07 6.929497e-32 6.929497e-32 6.929497e-32 6.929497e-32 6.929497e-32 
1.660000e-02 1.614631e-07 6.929497e-32 6.929497e-32 6.929497e-32 6.929497e-32 6.929497e-32 
1.665000e-02 1.427640e-07 6.929497e-32 6.929497e-32 6.929497e-32 6.929497e-32 6.929497e-32 
1.670000e-02 1.262262e-07 6.929497e-32 6.929497e-32 6.929497e-32 6.929497e-32 6.929497e-32 
1.675000e-02 1.115990e-07 6.929497e-32 6.929497e-32 6.929497e-32 6.929497e-32 6.929497e-32 
1.680000e-02 9.866765e-08 6.929497e-32 6.929497e-32 6.929497e-32 6.929497e-32 6.929497e-32 
1.685000e-02 8.723077e-08 6.929497e-32 6.929497e-32 6.929497e-32 6.929497e-32 6.929497e-32 
1.690000e-02 7.711388e-08 6.929497e-32 6.929497e-32 6.929497e-32 6.929497e-32 6.929497e-32 
1.695000e-02 6.817379e-08 6.929497e-32 6.929497e-32 6.929497e-32 6.929497e-32 6.929497e-32 
1.700000e-02 6.026731e-08 6.929497e-32 6.929497e-32 6.929497e-32 6.929497e-32 6.929497e-32 
1.705000e-02 5.327364e-08 6.929497e-32 6.929497e-32 6.929497e-32 6.929497e-32 6.929497e-32 
1.710000e-02 4.708985e-08 6.929497e-32 6.929497e-32 6.929497e-32 6.929497e-32 6.929497e-32 
1.715000e-02 4.162602e-08 6.929497e-32 6.929497e-32 6.929497e-32 6.929497e-32 6.929497e-32 
1.720000e-02 3.679353e-08 6.929497e-32 6.929497e-32 6.929497e-32 6.929497e-32 6.929497e-32 
1.725000e-02 3.252126e-08 6.929497e-32 6.929497e-32 6.929497e-32 6.929497e-32 6.929497e-32 
1.730000e-02 2.874432e-08 6.929497e-32 6.929497e-32 6.929497e-32 6.929497e-32 6.929497e-32 
1.735000e-02 2.540543e-08 6.929497e-32 6.929497e-32 6.929497e-32 6.929497e-32 6.929497e-32 
1.740000e-02 2.245359e-08 6.929497e-32 6.929497e-32 6.929497e-32 6.929497e-32 6.929497e-32 
1.745000e-02 1.984405e-08 6.929497e-32 6.929497e-32 6.929497e-32 6.929497e-32 6.929497e-32 
1.750000e-02 1.753744e-08 6.929497e-32 6.929497e-32 6.929497e-32 6.929497e-32 6.929497e-32 
1.755000e-02 1.549884e-08 6.929497e-32 6.929497e-32 6.929497e-32 6.929497e-32 6.929497e-32 
1.760000e-02 1.369651e-08 6.929497e-32 6.929497e-32 6.929497e-32 6.929497e-32 6.929497e-32 
1.765000e-02 1.210358e-08 6.929497e-32 6.929497e-32 6.929497e-32 6.929497e-32 6.929497e-32 
1.770000e-02 1.069545e-08 6.929497e-32 6.929497e-32 6.929497e-32 6.929497e-32 6.929497e-32 
1.775000e-02 9.451082e-09 6.929497e-32 6.929497e-32 6.929497e-32 6.929497e-32 6.929497e-32 
1.780000e-02 8.351245e-09 6.929497e-32 6.929497e-32 6.929497e-32 6.929497e-32 6.929497e-32 
1.785000e-02 7.379379e-09 6.929497e-32 6.929497e-32 6.929497e-32 6.929497e-32 6.929497e-32 
1.790000e-02 6.520271e-09 6.929497e-32 6.929497e-32 6.929497e-32 6.929497e-32 6.929497e-32 
1.795000e-02 5.760945e-09 6.929497e-32 6.929497e-32 6.929497e-32 6.929497e-32 6.929497e-32 
1.800000e-02 5.090214e-09 6.929497e-32 6.929497e-32 6.929497e-32 6.929497e-32 6.929497e-32 
1.805000e-02 4.497340e-09 6.929497e-32 6.929497e-32 6.929497e-32 6.929497e-32 6.929497e-32 
1.810000e-02 3.973240e-09 6.929497e-32 6.929497e-32 6.929497e-32 6.929497e-32 6.929497e-32 
1.815000e-02 3.510216e-09 6.929497e-32 6.929497e-32 6.929497e-32 6.929497e-32 6.929497e-32 
1.820000e-02 3.101111e-09 6.929497e-32 6.929497e-32 6.929497e-32 6.929497e-32 6.929497e-32 
1.825000e-02 2.739615e-09 6.929497e-32 6.929497e-32 6.929497e-32 6.929497e-32 6.929497e-32 
1.830000e-02 2.420179e-09 6.929497e-32 6.929497e-32 6.929497e-32 6.929497e-32 6.929497e-32 
1.835000e-02 2.137971e-09 6.929497e-32 6.929497e-32 6.929497e-32 6.929497e-32 6.929497e-32 
1.840000e-02 1.888606e-09 6.929497e-32 6.929497e-32 6.929497e-32 6.929497e-32 6.929497e-32 
1.845000e-02 1.668280e-09 6.929497e-32 6.929497e-32 6.929497e-32 6.929497e-32 6.929497e-32 
1.850000e-02 1.473639e-09 6.929497e-32 6.929497e-32 6.929497e-32 6.929497e-32 6.929497e-32 
1.855000e-02 1.301683e-09 6.929497e-32 6.929497e-32 6.929497e-32 6.929497e-32 6.929497e-32 
1.860000e-02 1.149728e-09 6.929497e-32 6.929497e-32 6.929497e-32 6.929497e-32 6.929497e-32 
1.865000e-02 1.015537e-09 6.929497e-32 6.929497e-32 6.929497e-32 6.929497e-32 6.929497e-32 
1.870000e-02 8.969624e-10 6.929497e-32 6.929497e-32 6.929497e-32 6.929497e-32 6.929497e-32 
1.875000e-02 7.922138e-10 6.929497e-32 6.929497e-32 6.929497e-32 6.929497e-32 6.929497e-32 
1.880000e-02 6.996808e-10 6.929497e-32 6.929497e-32 6.929497e-32 6.929497e-32 6.929497e-32 
1.885000e-02 6.179313e-10 6.929497e-32 6.929497e-32 6.929497e-32 6.929497e-32 6.929497e-32 
1.890000e-02 5.457573e-10 6.929497e-32 6.929497e-32 6.929497e-32 6.929497e-32 6.929497e-32 
1.895000e-02 4.819506e-10 6.929497e-32 6.929497e-32 6.929497e-32 6.929497e-32 6.929497e-32 
1.900000e-02 4.256343e-10 6.929497e-32 6.929497e-32 6.929497e-32 6.929497e-32 6.929497e-32 
1.905000e-02 3.758776e-10 6.929497e-32 6.929497e-32 6.929497e-32 6.929497e-32 6.929497e-32 
1.910000e-02 3.319289e-10 6.929497e-32 6.929497e-32 6.929497e-32 6.929497e-32 6.929497e-32 
1.915000e-02 2.931169e-10 6.929497e-32 6.929497e-32 6.929497e-32 6.929497e-32 6.929497e-32 
1.920000e-02 2.588331e-10 6.929497e-32 6.929497e-32 6.929497e-32 6.929497e-32 6.929497e-32 
1.925000e-02 2.285540e-10 6.929497e-32 6.929497e-32 6.929497e-32 6.929497e-32 6.929497e-32 
1.930000e-02 2.018143e-10 6.929497e-32 6.929497e-32 6.929497e-32 6.929497e-32 6.929497e-32 
1.935000e-02 1.781978e-10 6.929497e-32 6.929497e-32 6.929497e-32 6.929497e-32 6.929497e-32 
1.940000e-02 1.573465e-10 6.929497e-32 6.929497e-32 6.929497e-32 6.929497e-32 6.929497e-32 
1.945000e-02 1.389249e-10 6.929497e-32 6.929497e-32 6.929497e-32 6.929497e-32 6.929497e-32 
1.950000e-02 1.226600e-10 6.929497e-32 6.929497e-32 6.929497e-32 6.929497e-32 6.929497e-32 
1.955000e-02 1.083013e-10 6.929497e-32 6.929497e-32 6.929497e-32 6.929497e-32 6.929497e-32 
1.960000e-02 9.561603e-11 6.929497e-32 6.929497e-32 6.929497e-32 6.929497e-32 6.929497e-32 
1.965000e-02 8.441630e-11 6.929497e-32 6.929497e-32 6.929497e-32 6.929497e-32 6.929497e-32 
1.970000e-02 7.452761e-11 6.929497e-32 6.929497e-32 6.929497e-32 6.929497e-32 6.929497e-32 
1.975000e-02 6.579782e-11 6.929497e-32 6.929497e-32 6.929497e-32 6.929497e-32 6.929497e-32 
1.980000e-02 5.808375e-11 6.929497e-32 6.929497e-32 6.929497e-32 6.929497e-32 6.929497e-32 
1.985000e-02 5.127800e-11 6.929497e-32 6.929497e-32 6.929497e-32 6.929497e-32 6.929497e-32 
1.990000e-02 4.526872e-11 6.929497e-32 6.929497e-32 6.929497e-32 6.929497e-32 6.929497e-32 
1.995000e-02 3.996015e-11 6.929497e-32 6.929497e-32 6.929497e-32 6.929497e-32 6.929497e-32 
2.000000e-02 3.527488e-11 6.929497e-32 6.929497e-32 6.929497e-32 6.929497e-32 6.929497e-32 
2.005000e-02 3.113819e-11 6.929497e-32 6.929497e-32 6.929497e-32 6.929497e-32 6.929497e-32 
2.010000e-02 2.748564e-11 6.929497e-32 6.929497e-32 6.929497e-32 6.929497e-32 6.929497e-32 
2.015000e-02 2.426130e-11 6.929497e-32 6.929497e-32 6.929497e-32 6.929497e-32 6.929497e-32 
2.020000e-02 2.141505e-11 6.929497e-32 6.929497e-32 6.929497e-32 6.929497e-32 6.929497e-32 
2.025000e-02 1.890216e-11 6.929497e-32 6.929497e-32 6.929497e-32 6.929497e-32 6.929497e-32 
2.030000e-02 1.668370e-11 6.929497e-32 6.929497e-32 6.929497e-32 6.929497e-32 6.929497e-32 
2.035000e-02 1.472565e-11 6.929497e-32 6.929497e-32 6.929497e-32 6.929497e-32 6.929497e-32 
2.040000e-02 1.299669e-11 6.929497e-32 6.929497e-32 6.929497e-32 6.929497e-32 6.929497e-32 
2.045000e-02 1.147088e-11 6.929497e-32 6.929497e-32 6.929497e-32 6.929497e-32 6.929497e-32 
2.050000e-02 1.012360e-11 6.929497e-32 6.929497e-32 6.929497e-32 6.929497e-32 6.929497e-32 
2.055000e-02 8.934722e-12 6.929497e-32 6.929497e-32 6.929497e-32 6.929497e-32 6.929497e-32 
2.060000e-02 7.885447e-12 6.929497e-32 6.929497e-32 6.929497e-32 6.929497e-32 6.929497e-32 
2.065000e-02 6.958774e-12 6.929497e-32 6.929497e-32 6.929497e-32 6.929497e-32 6.929497e-32 
2.070000e-02 6.141279e-12 6.929497e-32 6.929497e-32 6.929497e-32 6.929497e-32 6.929497e-32 
2.075000e-02 5.419539e-12 6.929497e-32 6.929497e-32 6.929497e-32 6.929497e-32 6.929497e-32 
2.080000e-02 4.782815e-12 6.929497e-32 6.929497e-32 6.929497e-32 6.929497e-32 6.929497e-32 
2.085000e-02 4.220502e-12 6.929497e-32 6.929497e-32 6.929497e-32 6.929497e-32 6.929497e-32 
2.090000e-02 3.724322e-12 6.929497e-32 6.929497e-32 6.929497e-32 6.929497e-32 6.929497e-32 
2.095000e-02 3.286446e-12 6.929497e-32 6.929497e-32 6.929497e-32 6.929497e-32 6.929497e-32 
2.100000e-02 2.899981e-12 6.929497e-32 6.929497e-32 6.929497e-32 6.929497e-32 6.929497e-32 
2.105000e-02 2.558933e-12 6.929497e-32 6.929497e-32 6.929497e-32 6.929497e-32 6.929497e-32 
2.110000e-02 2.257932e-12 6.929497e-32 6.929497e-32 6.929497e-32 6.929497e-32 6.929497e-32 
2.115000e-02 1.992280e-12 6.929497e-32 6.929497e-32 6.929497e-32 6.929497e-32 6.929497e-32 
2.120000e-02 1.757905e-12 6.929497e-32 6.929497e-32 6.929497e-32 6.929497e-32 6.929497e-32 
2.125000e-02 1.551048e-12 6.929497e-32 6.929497e-32 6.929497e-32 6.929497e-32 6.929497e-32 
2.130000e-02 1.368487e-12 6.929497e-32 6.929497e-32 6.929497e-32 6.929497e-32 6.929497e-32 
2.135000e-02 1.207405e-12 6.929497e-32 6.929497e-32 6.929497e-32 6.929497e-32 6.929497e-32 
2.140000e-02 1.065294e-12 6.929497e-32 6.929497e-32 6.929497e-32 6.929497e-32 6.929497e-32 
2.145000e-02 9.398730e-13 6.929497e-32 6.929497e-32 6.929497e-32 6.929497e-32 6.929497e-32 
2.150000e-02 8.291734e-13 6.929497e-32 6.929497e-32 6.929497e-32 6.929497e-32 6.929497e-32 
2.155000e-02 7.315393e-13 6.929497e-32 6.929497e-32 6.929497e-32 6.929497e-32 6.929497e-32 
2.160000e-02 6.453601e-13 6.929497e-32 6.929497e-32 6.929497e-32 6.929497e-32 6.929497e-32 
2.165000e-02 5.693380e-13 6.929497e-32 6.929497e-32 6.929497e-32 6.929497e-32 6.929497e-32 
2.170000e-02 5.022649e-13 6.929497e-32 6.929497e-32 6.929497e-32 6.929497e-32 6.929497e-32 
2.175000e-02 4.430983e-13 6.929497e-32 6.929497e-32 6.929497e-32 6.929497e-32 6.929497e-32 
2.180000e-02 3.908852e-13 6.929497e-32 6.929497e-32 6.929497e-32 6.929497e-32 6.929497e-32 
2.185000e-02 3.448155e-13 6.929497e-32 6.929497e-32 6.929497e-32 6.929497e-32 6.929497e-32 
2.190000e-02 3.041734e-13 6.929497e-32 6.929497e-32 6.929497e-32 6.929497e-32 6.929497e-32 
2.195000e-02 2.683146e-13 6.929497e-32 6.929497e-32 6.929497e-32 6.929497e-32 6.929497e-32 
2.200000e-02 2.366798e-13 6.929497e-32 6.929497e-32 6.929497e-32 6.929497e-32 6.929497e-32 
2.205000e-02 2.087722e-13 6.929497e-32 6.929497e-32 6.929497e-32 6.929497e-32 6.929497e-32 
2.210000e-02 1.841534e-13 6.929497e-32 6.929497e-32 6.929497e-32 6.929497e-32 6.929497e-32 
2.215000e-02 1.624340e-13 6.929497e-32 6.929497e-32 6.929497e-32 6.929497e-32 6.929497e-32 
2.220000e-02 1.432741e-13 6.929497e-32 6.929497e-32 6.929497e-32 6.929497e-32 6.929497e-32 
2.225000e-02 1.263694e-13 6.929497e-32 6.929497e-32 6.929497e-32 6.929497e-32 6.929497e-32 
2.230000e-02 1.114603e-13 6.929497e-32 6.929497e-32 6.929497e-32 6.929497e-32 6.929497e-32 
2.235000e-02 9.830969e-14 6.929497e-32 6.929497e-32 6.929497e-32 6.929497e-32 6.929497e-32 
2.240000e-02 8.670726e-14 6.929497e-32 6.929497e-32 6.929497e-32 6.929497e-32 6.929497e-32 
2.245000e-02 7.647403e-14 6.929497e-32 6.929497e-32 6.929497e-32 6.929497e-32 6.929497e-32 
2.250000e-02 6.744445e-14 6.929497e-32 6.929497e-32 6.929497e-32 6.929497e-32 6.929497e-32 
2.255000e-02 5.948427e-14 6.929497e-32 6.929497e-32 6.929497e-32 6.929497e-32 6.929497e-32 
2.260000e-02 5.245928e-14 6.929497e-32 6.929497e-32 6.929497e-32 6.929497e-32 6.929497e-32 
2.265000e-02 4.626654e-14 6.929497e-32 6.929497e-32 6.929497e-32 6.929497e-32 6.929497e-32 
2.270000e-02 4.080136e-14 6.929497e-32 6.929497e-32 6.929497e-32 6.929497e-32 6.929497e-32 
2.275000e-02 3.598230e-14 6.929497e-32 6.929497e-32 6.929497e-32 6.929497e-32 6.929497e-32 
2.280000e-02 3.173196e-14 6.929497e-32 6.929497e-32 6.929497e-32 6.929497e-32 6.929497e-32 
2.285000e-02 2.798320e-14 6.929497e-32 6.929497e-32 6.929497e-32 6.929497e-32 6.929497e-32 
2.290000e-02 2.467698e-14 6.929497e-32 6.929497e-32 6.929497e-32 6.929497e-32 6.929497e-32 
2.295000e-02 2.176093e-14 6.929497e-32 6.929497e-32 6.929497e-32 6.929497e-32 6.929497e-32 
2.300000e-02 1.918943e-14 6.929497e-32 6.929497e-32 6.929497e-32 6.929497e-32 6.929497e-32 
2.305000e-02 1.692129e-14 6.929497e-32 6.929497e-32 6.929497e-32 6.929497e-32 6.929497e-32 
2.310000e-02 1.492118e-14 6.929497e-32 6.929497e-32 6.929497e-32 6.929497e-32 6.929497e-32 
2.315000e-02 1.315733e-14 6.929497e-32 6.929497e-32 6.929497e-32 6.929497e-32 6.929497e-32 
2.320000e-02 1.160154e-14 6.929497e-32 6.929497e-32 6.929497e-32 6.929497e-32 6.929497e-32 
2.325000e-02 1.022965e-14 6.929497e-32 6.929497e-32 6.929497e-32 6.929497e-32 6.929497e-32 
2.330000e-02 9.020186e-15 6.929497e-32 6.929497e-32 6.929497e-32 6.929497e-32 6.929497e-32 
2.335000e-02 7.953013e-15 6.929497e-32 6.929497e-32 6.929497e-32 6.929497e-32 6.929497e-32 
2.340000e-02 7.012468e-15 6.929497e-32 6.929497e-32 6.929497e-32 6.929497e-32 6.929497e-32 
2.345000e-02 6.182892e-15 6.929497e-32 6.929497e-32 6.929497e-32 6.929497e-32 6.929497e-32 
2.350000e-02 5.451308e-15 6.929497e-32 6.929497e-32 6.929497e-32 6.929497e-32 6.929497e-32 
2.355000e-02 4.806530e-15 6.929497e-32 6.929497e-32 6.929497e-32 6.929497e-32 6.929497e-32 
2.360000e-02 4.237639e-15 6.929497e-32 6.929497e-32 6.929497e-32 6.929497e-32 6.929497e-32 
2.365000e-02 3.736135e-15 6.929497e-32 6.929497e-32 6.929497e-32 6.929497e-32 6.929497e-32 
2.370000e-02 3.293918e-15 6.929497e-32 6.929497e-32 6.929497e-32 6.929497e-32 6.929497e-32 
2.375000e-02 2.904008e-15 6.929497e-32 6.929497e-32 6.929497e-32 6.929497e-32 6.929497e-32 
2.380000e-02 2.560231e-15 6.929497e-32 6.929497e-32 6.929497e-32 6.929497e-32 6.929497e-32 
2.385000e-02 2.257082e-15 6.929497e-32 6.929497e-32 6.929497e-32 6.929497e-32 6.929497e-32 
2.390000e-02 1.989819e-15 6.929497e-32 6.929497e-32 6.929497e-32 6.929497e-32 6.929497e-32 
2.395000e-02 1.754191e-15 6.929497e-32 6.929497e-32 6.929497e-32 6.929497e-32 6.929497e-32 
2.400000e-02 1.546439e-15 6.929497e-32 6.929497e-32 6.929497e-32 6.929497e-32 6.929497e-32 
2.405000e-02 1.363252e-15 6.929497e-32 6.929497e-32 6.929497e-32 6.929497e-32 6.929497e-32 
2.410000e-02 1.201767e-15 6.929497e-32 6.929497e-32 6.929497e-32 6.929497e-32 6.929497e-32 
2.415000e-02 1.059387e-15 6.929497e-32 6.929497e-32 6.929497e-32 6.929497e-32 6.929497e-32 
2.420000e-02 9.338771e-16 6.929497e-32 6.929497e-32 6.929497e-32 6.929497e-32 6.929497e-32 
2.425000e-02 8.232223e-16 6.929497e-32 6.929497e-32 6.929497e-32 6.929497e-32 6.929497e-32 
2.430000e-02 7.256777e-16 6.929497e-32 6.929497e-32 6.929497e-32 6.929497e-32 6.929497e-32 
2.435000e-02 6.396774e-16 6.929497e-32 6.929497e-32 6.929497e-32 6.929497e-32 6.929497e-32 
2.440000e-02 5.638343e-16 6.929497e-32 6.929497e-32 6.929497e-32 6.929497e-32 6.929497e-32 
2.445000e-02 4.969850e-16 6.929497e-32 6.929497e-32 6.929497e-32 6.929497e-32 6.929497e-32 
2.450000e-02 4.380869e-16 6.929497e-32 6.929497e-32 6.929497e-32 6.929497e-32 6.929497e-32 
2.455000e-02 3.861422e-16 6.929497e-32 6.929497e-32 6.929497e-32 6.929497e-32 6.929497e-32 
2.460000e-02 3.403589e-16 6.929497e-32 6.929497e-32 6.929497e-32 6.929497e-32 6.929497e-32 
2.465000e-02 2.999942e-16 6.929497e-32 6.929497e-32 6.929497e-32 6.929497e-32 6.929497e-32 
2.470000e-02 2.644173e-16 6.929497e-32 6.929497e-32 6.929497e-32 6.929497e-32 6.929497e-32 
2.475000e-02 2.330509e-16 6.929497e-32 6.929497e-32 6.929497e-32 6.929497e-32 6.929497e-32 
2.480000e-02 2.054073e-16 6.929497e-32 6.929497e-32 6.929497e-32 6.929497e-32 6.929497e-32 
2.485000e-02 1.810391e-16 6.929497e-32 6.929497e-32 6.929497e-32 6.929497e-32 6.929497e-32 
2.490000e-02 1.595614e-16 6.929497e-32 6.929497e-32 6.929497e-32 6.929497e-32 6.929497e-32 
2.495000e-02 1.406252e-16 6.929497e-32 6.929497e-32 6.929497e-32 6.929497e-32 6.929497e-32 
2.500000e-02 1.239397e-16 6.929497e-32 6.929497e-32 6.929497e-32 6.929497e-32 6.929497e-32 
