       0	        0	        0	        0	        0	        0	        0	 
   5e-05	  1206.41	 2.58145e+06	 2.58145e+06	   933063	   208283	   208283	 
  0.0001	  6556.82	 1.03444e+07	 1.03444e+07	 3.3895e+06	   758314	   758314	 
 0.00015	  39786.4	 2.34088e+07	 2.34088e+07	 7.61147e+06	 1.72236e+06	 1.72236e+06	 
  0.0002	   124900	 4.17602e+07	 4.17602e+07	 1.35573e+07	 3.10985e+06	 3.10985e+06	 
 0.00025	   302382	 6.57795e+07	 6.57795e+07	 2.1318e+07	 4.97246e+06	 4.97246e+06	 
  0.0003	   616231	 9.55831e+07	 9.55831e+07	 3.09293e+07	 7.3524e+06	 7.3524e+06	 
 0.00035	 1.06318e+06	 1.30903e+08	 1.30903e+08	 4.21167e+07	 1.01861e+07	 1.01861e+07	 
  0.0004	 1.67241e+06	 1.71793e+08	 1.71793e+08	 5.48282e+07	 1.34847e+07	 1.34847e+07	 
 0.00045	 2.4144e+06	 2.181e+08	 2.181e+08	 6.87186e+07	 1.71485e+07	 1.71485e+07	 
  0.0005	 3.30151e+06	 2.68752e+08	 2.68752e+08	 8.36744e+07	 2.1162e+07	 2.1162e+07	 
 0.00055	 4.30773e+06	 3.25655e+08	 3.25655e+08	 9.94238e+07	 2.54444e+07	 2.54444e+07	 
  0.0006	 5.42312e+06	 3.87671e+08	 3.87671e+08	 1.15761e+08	 2.99424e+07	 2.99424e+07	 
 0.00065	 6.6341e+06	 4.54501e+08	 4.54501e+08	 1.32502e+08	 3.46044e+07	 3.46044e+07	 
  0.0007	 7.89659e+06	 5.26055e+08	 5.26055e+08	 1.49442e+08	 3.93509e+07	 3.93509e+07	 
 0.00075	 9.1988e+06	 6.02034e+08	 6.02034e+08	 1.66444e+08	 4.41419e+07	 4.41419e+07	 
  0.0008	 1.05234e+07	 6.8229e+08	 6.8229e+08	 1.83388e+08	 4.89374e+07	 4.89374e+07	 
 0.00085	 1.18773e+07	 7.66598e+08	 7.66598e+08	 2.0017e+08	 5.37198e+07	 5.37198e+07	 
  0.0009	 1.32317e+07	 8.54913e+08	 8.54913e+08	 2.16674e+08	 5.84405e+07	 5.84405e+07	 
 0.00095	 1.45644e+07	 9.46661e+08	 9.46661e+08	 2.32787e+08	 6.30578e+07	 6.30578e+07	 
   0.001	 1.5864e+07	 1.04172e+09	 1.04172e+09	 2.4843e+08	 6.75448e+07	 6.75448e+07	 
 0.00105	 1.71267e+07	 1.13985e+09	 1.13985e+09	 2.63517e+08	 7.18795e+07	 7.18795e+07	 
  0.0011	 1.83446e+07	 1.2408e+09	 1.2408e+09	 2.77973e+08	 7.60393e+07	 7.60393e+07	 
 0.00115	 1.95096e+07	 1.34424e+09	 1.34424e+09	 2.91715e+08	 7.9999e+07	 7.9999e+07	 
  0.0012	 2.06113e+07	 1.4501e+09	 1.4501e+09	 3.04666e+08	 8.37338e+07	 8.37338e+07	 
 0.00125	 2.16525e+07	 1.55799e+09	 1.55799e+09	 3.16841e+08	 8.72492e+07	 8.72492e+07	 
  0.0013	 2.26322e+07	 1.66767e+09	 1.66767e+09	 3.28205e+08	 9.05366e+07	 9.05366e+07	 
 0.00135	 2.35468e+07	 1.77893e+09	 1.77893e+09	 3.38731e+08	 9.3587e+07	 9.3587e+07	 
  0.0014	 2.43896e+07	 1.8915e+09	 1.8915e+09	 3.48413e+08	 9.63941e+07	 9.63941e+07	 
 0.00145	 2.51678e+07	 2.00511e+09	 2.00511e+09	 3.57255e+08	 9.89642e+07	 9.89642e+07	 
  0.0015	 2.58922e+07	 2.11959e+09	 2.11959e+09	 3.65235e+08	 1.01301e+08	 1.01301e+08	 
 0.00155	 2.6549e+07	 2.23484e+09	 2.23484e+09	 3.72304e+08	 1.03383e+08	 1.03383e+08	 
  0.0016	 2.71362e+07	 2.35026e+09	 2.35026e+09	 3.7845e+08	 1.05205e+08	 1.05205e+08	 
 0.00165	 2.76608e+07	 2.46578e+09	 2.46578e+09	 3.83715e+08	 1.06783e+08	 1.06783e+08	 
  0.0017	 2.81194e+07	 2.58116e+09	 2.58116e+09	 3.88119e+08	 1.08119e+08	 1.08119e+08	 
 0.00175	 2.85156e+07	 2.69607e+09	 2.69607e+09	 3.91681e+08	 1.09218e+08	 1.09218e+08	 
  0.0018	 2.88526e+07	 2.81045e+09	 2.81045e+09	 3.94429e+08	 1.10091e+08	 1.10091e+08	 
 0.00185	 2.91306e+07	 2.92404e+09	 2.92404e+09	 3.9637e+08	 1.10738e+08	 1.10738e+08	 
  0.0019	 2.93473e+07	 3.03651e+09	 3.03651e+09	 3.97529e+08	 1.11164e+08	 1.11164e+08	 
 0.00195	 2.95079e+07	 3.14774e+09	 3.14774e+09	 3.9794e+08	 1.11381e+08	 1.11381e+08	 
   0.002	 2.96194e+07	 3.25756e+09	 3.25756e+09	 3.97643e+08	 1.11401e+08	 1.11401e+08	 
 0.00205	 2.96834e+07	 3.36573e+09	 3.36573e+09	 3.96659e+08	 1.11233e+08	 1.11233e+08	 
  0.0021	 2.9702e+07	 3.47206e+09	 3.47206e+09	 3.95025e+08	 1.10884e+08	 1.10884e+08	 
 0.00215	 2.96789e+07	 3.5765e+09	 3.5765e+09	 3.92763e+08	 1.10363e+08	 1.10363e+08	 
  0.0022	 2.96103e+07	 3.67873e+09	 3.67873e+09	 3.89892e+08	 1.09672e+08	 1.09672e+08	 
 0.00225	 2.95074e+07	 3.77866e+09	 3.77866e+09	 3.86471e+08	 1.08832e+08	 1.08832e+08	 
  0.0023	 2.93634e+07	 3.87618e+09	 3.87618e+09	 3.8251e+08	 1.07839e+08	 1.07839e+08	 
 0.00235	 2.91842e+07	 3.97119e+09	 3.97119e+09	 3.78054e+08	 1.0671e+08	 1.0671e+08	 
  0.0024	 2.89697e+07	 4.06331e+09	 4.06331e+09	 3.73124e+08	 1.05448e+08	 1.05448e+08	 
 0.00245	 2.8731e+07	 4.15278e+09	 4.15278e+09	 3.6776e+08	 1.0407e+08	 1.0407e+08	 
  0.0025	 2.84631e+07	 4.23952e+09	 4.23952e+09	 3.61979e+08	 1.02577e+08	 1.02577e+08	 
 0.00255	 2.81712e+07	 4.323e+09	 4.323e+09	 3.55852e+08	 1.00988e+08	 1.00988e+08	 
  0.0026	 2.78522e+07	 4.40367e+09	 4.40367e+09	 3.49388e+08	 9.93038e+07	 9.93038e+07	 
 0.00265	 2.75126e+07	 4.48124e+09	 4.48124e+09	 3.42606e+08	 9.75326e+07	 9.75326e+07	 
  0.0027	 2.71523e+07	 4.55535e+09	 4.55535e+09	 3.35549e+08	 9.56841e+07	 9.56841e+07	 
 0.00275	 2.67755e+07	 4.62631e+09	 4.62631e+09	 3.28264e+08	 9.37723e+07	 9.37723e+07	 
  0.0028	 2.63811e+07	 4.69429e+09	 4.69429e+09	 3.2077e+08	 9.18e+07	 9.18e+07	 
 0.00285	 2.59735e+07	 4.75897e+09	 4.75897e+09	 3.13094e+08	 8.97772e+07	 8.97772e+07	 
  0.0029	 2.55532e+07	 4.82009e+09	 4.82009e+09	 3.05267e+08	 8.7711e+07	 8.7711e+07	 
 0.00295	 2.51198e+07	 4.87806e+09	 4.87806e+09	 2.97319e+08	 8.56079e+07	 8.56079e+07	 
   0.003	 2.46756e+07	 4.93293e+09	 4.93293e+09	 2.89261e+08	 8.34716e+07	 8.34716e+07	 
 0.00305	 2.42282e+07	 4.98406e+09	 4.98406e+09	 2.81151e+08	 8.13215e+07	 8.13215e+07	 
  0.0031	 2.37717e+07	 5.03223e+09	 5.03223e+09	 2.72998e+08	 7.91548e+07	 7.91548e+07	 
 0.00315	 2.33105e+07	 5.07715e+09	 5.07715e+09	 2.64831e+08	 7.69811e+07	 7.69811e+07	 
  0.0032	 2.28468e+07	 5.11876e+09	 5.11876e+09	 2.56672e+08	 7.48074e+07	 7.48074e+07	 
 0.00325	 2.23782e+07	 5.15729e+09	 5.15729e+09	 2.48513e+08	 7.26298e+07	 7.26298e+07	 
  0.0033	 2.19081e+07	 5.19271e+09	 5.19271e+09	 2.40391e+08	 7.04594e+07	 7.04594e+07	 
 0.00335	 2.14367e+07	 5.225e+09	 5.225e+09	 2.32337e+08	 6.83029e+07	 6.83029e+07	 
  0.0034	 2.09617e+07	 5.25406e+09	 5.25406e+09	 2.24349e+08	 6.61584e+07	 6.61584e+07	 
 0.00345	 2.04917e+07	 5.2802e+09	 5.2802e+09	 2.16468e+08	 6.40415e+07	 6.40415e+07	 
  0.0035	 2.00194e+07	 5.30361e+09	 5.30361e+09	 2.08674e+08	 6.19421e+07	 6.19421e+07	 
 0.00355	 1.95466e+07	 5.32401e+09	 5.32401e+09	 2.01004e+08	 5.987e+07	 5.987e+07	 
  0.0036	 1.90729e+07	 5.34161e+09	 5.34161e+09	 1.9345e+08	 5.7823e+07	 5.7823e+07	 
 0.00365	 1.86048e+07	 5.3564e+09	 5.3564e+09	 1.86048e+08	 5.58139e+07	 5.58139e+07	 
  0.0037	 1.81362e+07	 5.36864e+09	 5.36864e+09	 1.78783e+08	 5.3835e+07	 5.3835e+07	 
 0.00375	 1.76769e+07	 5.37828e+09	 5.37828e+09	 1.7169e+08	 5.19016e+07	 5.19016e+07	 
  0.0038	 1.72218e+07	 5.3853e+09	 5.3853e+09	 1.64762e+08	 5.00082e+07	 5.00082e+07	 
 0.00385	 1.67733e+07	 5.38997e+09	 5.38997e+09	 1.58003e+08	 4.81574e+07	 4.81574e+07	 
  0.0039	 1.63287e+07	 5.39196e+09	 5.39196e+09	 1.51421e+08	 4.63488e+07	 4.63488e+07	 
 0.00395	 1.58898e+07	 5.39207e+09	 5.39207e+09	 1.45024e+08	 4.4586e+07	 4.4586e+07	 
   0.004	 1.54576e+07	 5.3895e+09	 5.3895e+09	 1.38822e+08	 4.28717e+07	 4.28717e+07	 
 0.00405	 1.50328e+07	 5.38501e+09	 5.38501e+09	 1.32803e+08	 4.12038e+07	 4.12038e+07	 
  0.0041	 1.46132e+07	 5.37829e+09	 5.37829e+09	 1.26962e+08	 3.95793e+07	 3.95793e+07	 
 0.00415	 1.41991e+07	 5.36966e+09	 5.36966e+09	 1.21314e+08	 3.80022e+07	 3.80022e+07	 
  0.0042	 1.37916e+07	 5.35877e+09	 5.35877e+09	 1.1586e+08	 3.64732e+07	 3.64732e+07	 
 0.00425	 1.33939e+07	 5.3462e+09	 5.3462e+09	 1.10596e+08	 3.49941e+07	 3.49941e+07	 
  0.0043	 1.30008e+07	 5.33165e+09	 5.33165e+09	 1.05518e+08	 3.356e+07	 3.356e+07	 
 0.00435	 1.26199e+07	 5.31539e+09	 5.31539e+09	 1.00638e+08	 3.21793e+07	 3.21793e+07	 
  0.0044	 1.22501e+07	 5.29741e+09	 5.29741e+09	 9.59557e+07	 3.08511e+07	 3.08511e+07	 
 0.00445	 1.18876e+07	 5.27768e+09	 5.27768e+09	 9.14582e+07	 2.95697e+07	 2.95697e+07	 
  0.0045	 1.15301e+07	 5.2565e+09	 5.2565e+09	 8.71307e+07	 2.83301e+07	 2.83301e+07	 
 0.00455	 1.1183e+07	 5.23344e+09	 5.23344e+09	 8.29854e+07	 2.71389e+07	 2.71389e+07	 
  0.0046	 1.08434e+07	 5.20901e+09	 5.20901e+09	 7.89155e+07	 2.59703e+07	 2.59703e+07	 
 0.00465	 1.05094e+07	 5.18309e+09	 5.18309e+09	 7.51267e+07	 2.48686e+07	 2.48686e+07	 
  0.0047	 1.01827e+07	 5.15574e+09	 5.15574e+09	 7.14952e+07	 2.38075e+07	 2.38075e+07	 
 0.00475	 9.85994e+06	 5.12699e+09	 5.12699e+09	 6.80021e+07	 2.27803e+07	 2.27803e+07	 
  0.0048	 9.54784e+06	 5.09691e+09	 5.09691e+09	 6.46759e+07	 2.17984e+07	 2.17984e+07	 
 0.00485	 9.23695e+06	 5.06548e+09	 5.06548e+09	 6.14745e+07	 2.08452e+07	 2.08452e+07	 
  0.0049	 8.93199e+06	 5.03283e+09	 5.03283e+09	 5.78257e+07	 1.97971e+07	 1.97971e+07	 
 0.00495	 8.63664e+06	 4.99895e+09	 4.99895e+09	 5.50442e+07	 1.89493e+07	 1.89493e+07	 
   0.005	 8.35243e+06	 4.96389e+09	 4.96389e+09	 5.23852e+07	 1.81374e+07	 1.81374e+07	 
 0.00505	 8.07669e+06	 4.92769e+09	 4.92769e+09	 4.98392e+07	 1.73572e+07	 1.73572e+07	 
  0.0051	 7.80391e+06	 4.89035e+09	 4.89035e+09	 4.73832e+07	 1.65992e+07	 1.65992e+07	 
 0.00515	 7.54146e+06	 4.85193e+09	 4.85193e+09	 4.50409e+07	 1.58746e+07	 1.58746e+07	 
  0.0052	 7.28721e+06	 4.81247e+09	 4.81247e+09	 4.27902e+07	 1.51767e+07	 1.51767e+07	 
 0.00525	 7.04083e+06	 4.77203e+09	 4.77203e+09	 4.06547e+07	 1.45105e+07	 1.45105e+07	 
  0.0053	 6.80462e+06	 4.7306e+09	 4.7306e+09	 3.86273e+07	 1.38762e+07	 1.38762e+07	 
 0.00535	 6.57741e+06	 4.6882e+09	 4.6882e+09	 3.66911e+07	 1.32693e+07	 1.32693e+07	 
  0.0054	 6.3563e+06	 4.64493e+09	 4.64493e+09	 3.48508e+07	 1.26883e+07	 1.26883e+07	 
 0.00545	 6.14017e+06	 4.60073e+09	 4.60073e+09	 3.3091e+07	 1.21292e+07	 1.21292e+07	 
  0.0055	 5.92727e+06	 4.55563e+09	 4.55563e+09	 3.13979e+07	 1.15874e+07	 1.15874e+07	 
 0.00555	 5.72231e+06	 4.50972e+09	 4.50972e+09	 2.97979e+07	 1.10724e+07	 1.10724e+07	 
  0.0056	 5.52302e+06	 4.46302e+09	 4.46302e+09	 2.82755e+07	 1.05791e+07	 1.05791e+07	 
 0.00565	 5.32827e+06	 4.41552e+09	 4.41552e+09	 2.68216e+07	 1.01045e+07	 1.01045e+07	 
  0.0057	 5.13738e+06	 4.36729e+09	 4.36729e+09	 2.54354e+07	 9.648e+06	 9.648e+06	 
 0.00575	 4.95191e+06	 4.31828e+09	 4.31828e+09	 2.41172e+07	 9.2108e+06	 9.2108e+06	 
  0.0058	 4.77081e+06	 4.26865e+09	 4.26865e+09	 2.28617e+07	 8.79096e+06	 8.79096e+06	 
 0.00585	 4.59565e+06	 4.2183e+09	 4.2183e+09	 2.16604e+07	 8.38777e+06	 8.38777e+06	 
  0.0059	 4.42483e+06	 4.16735e+09	 4.16735e+09	 2.05476e+07	 8.00764e+06	 8.00764e+06	 
 0.00595	 4.26161e+06	 4.1158e+09	 4.1158e+09	 1.94843e+07	 7.64438e+06	 7.64438e+06	 
   0.006	 4.10591e+06	 4.06368e+09	 4.06368e+09	 1.84828e+07	 7.30073e+06	 7.30073e+06	 
 0.00605	 3.95583e+06	 4.01101e+09	 4.01101e+09	 1.75344e+07	 6.97325e+06	 6.97325e+06	 
  0.0061	 3.81062e+06	 3.95788e+09	 3.95788e+09	 1.66357e+07	 6.6606e+06	 6.6606e+06	 
 0.00615	 3.67142e+06	 3.90425e+09	 3.90425e+09	 1.57644e+07	 6.35871e+06	 6.35871e+06	 
  0.0062	 3.53627e+06	 3.85015e+09	 3.85015e+09	 1.49659e+07	 6.07617e+06	 6.07617e+06	 
 0.00625	 3.40505e+06	 3.79563e+09	 3.79563e+09	 1.42071e+07	 5.80548e+06	 5.80548e+06	 
  0.0063	 3.27786e+06	 3.74075e+09	 3.74075e+09	 1.34868e+07	 5.54648e+06	 5.54648e+06	 
 0.00635	 3.15394e+06	 3.6855e+09	 3.6855e+09	 1.28016e+07	 5.29784e+06	 5.29784e+06	 
  0.0064	 3.03283e+06	 3.62994e+09	 3.62994e+09	 1.21485e+07	 5.05852e+06	 5.05852e+06	 
 0.00645	 2.91491e+06	 3.57406e+09	 3.57406e+09	 1.15093e+07	 4.82475e+06	 4.82475e+06	 
  0.0065	 2.80403e+06	 3.51791e+09	 3.51791e+09	 1.09348e+07	 4.61086e+06	 4.61086e+06	 
 0.00655	 2.69565e+06	 3.46155e+09	 3.46155e+09	 1.03883e+07	 4.40511e+06	 4.40511e+06	 
  0.0066	 2.59177e+06	 3.40499e+09	 3.40499e+09	 9.87386e+06	 4.20999e+06	 4.20999e+06	 
 0.00665	 2.4911e+06	 3.3483e+09	 3.3483e+09	 9.38744e+06	 4.0236e+06	 4.0236e+06	 
  0.0067	 2.39438e+06	 3.29141e+09	 3.29141e+09	 8.93054e+06	 3.84684e+06	 3.84684e+06	 
 0.00675	 2.3008e+06	 3.23445e+09	 3.23445e+09	 8.47862e+06	 3.67363e+06	 3.67363e+06	 
  0.0068	 2.21184e+06	 3.17742e+09	 3.17742e+09	 8.07793e+06	 3.5154e+06	 3.5154e+06	 
 0.00685	 2.12695e+06	 3.12035e+09	 3.12035e+09	 7.70306e+06	 3.36607e+06	 3.36607e+06	 
  0.0069	 2.04476e+06	 3.06329e+09	 3.06329e+09	 7.34681e+06	 3.22298e+06	 3.22298e+06	 
 0.00695	 1.96458e+06	 3.00624e+09	 3.00624e+09	 7.00676e+06	 3.08505e+06	 3.08505e+06	 
   0.007	 1.88667e+06	 2.94921e+09	 2.94921e+09	 6.68345e+06	 2.95261e+06	 2.95261e+06	 
 0.00705	 1.81032e+06	 2.8923e+09	 2.8923e+09	 6.37381e+06	 2.82441e+06	 2.82441e+06	 
  0.0071	 1.73615e+06	 2.83548e+09	 2.83548e+09	 6.07038e+06	 2.6993e+06	 2.6993e+06	 
 0.00715	 1.66468e+06	 2.77883e+09	 2.77883e+09	 5.79552e+06	 2.58264e+06	 2.58264e+06	 
  0.0072	 1.5979e+06	 2.72236e+09	 2.72236e+09	 5.54033e+06	 2.47398e+06	 2.47398e+06	 
 0.00725	 1.53243e+06	 2.66607e+09	 2.66607e+09	 5.29537e+06	 2.36863e+06	 2.36863e+06	 
  0.0073	 1.46918e+06	 2.61004e+09	 2.61004e+09	 5.06293e+06	 2.26779e+06	 2.26779e+06	 
 0.00735	 1.40947e+06	 2.55428e+09	 2.55428e+09	 4.84635e+06	 2.17321e+06	 2.17321e+06	 
  0.0074	 1.35168e+06	 2.49883e+09	 2.49883e+09	 4.63372e+06	 2.08102e+06	 2.08102e+06	 
 0.00745	 1.29739e+06	 2.44371e+09	 2.44371e+09	 4.44598e+06	 1.99706e+06	 1.99706e+06	 
  0.0075	 1.2458e+06	 2.38892e+09	 2.38892e+09	 4.27006e+06	 1.91785e+06	 1.91785e+06	 
 0.00755	 1.19588e+06	 2.33454e+09	 2.33454e+09	 4.10364e+06	 1.84204e+06	 1.84204e+06	 
  0.0076	 1.14768e+06	 2.28057e+09	 2.28057e+09	 3.94595e+06	 1.76951e+06	 1.76951e+06	 
 0.00765	 1.10073e+06	 2.22706e+09	 2.22706e+09	 3.79517e+06	 1.69949e+06	 1.69949e+06	 
  0.0077	 1.0561e+06	 2.17398e+09	 2.17398e+09	 3.64869e+06	 1.63223e+06	 1.63223e+06	 
 0.00775	 1.01251e+06	 2.12142e+09	 2.12142e+09	 3.51441e+06	 1.56848e+06	 1.56848e+06	 
  0.0078	   969982	 2.0694e+09	 2.0694e+09	 3.38632e+06	 1.50694e+06	 1.50694e+06	 
 0.00785	   928153	 2.0179e+09	 2.0179e+09	 3.26115e+06	 1.44659e+06	 1.44659e+06	 
  0.0079	   888857	 1.96699e+09	 1.96699e+09	 3.14511e+06	 1.39024e+06	 1.39024e+06	 
 0.00795	   850983	 1.91669e+09	 1.91669e+09	 3.03476e+06	 1.33626e+06	 1.33626e+06	 
   0.008	   814099	 1.867e+09	 1.867e+09	 2.92278e+06	 1.28269e+06	 1.28269e+06	 
 0.00805	   779028	 1.81796e+09	 1.81796e+09	 2.82428e+06	 1.23352e+06	 1.23352e+06	 
  0.0081	   745065	 1.76957e+09	 1.76957e+09	 2.73005e+06	 1.18617e+06	 1.18617e+06	 
 0.00815	   713377	 1.72189e+09	 1.72189e+09	 2.64257e+06	 1.14208e+06	 1.14208e+06	 
  0.0082	   682669	 1.67491e+09	 1.67491e+09	 2.55842e+06	 1.0995e+06	 1.0995e+06	 
 0.00825	   653850	 1.62864e+09	 1.62864e+09	 2.47986e+06	 1.05963e+06	 1.05963e+06	 
  0.0083	   626607	 1.58313e+09	 1.58313e+09	 2.40616e+06	 1.02206e+06	 1.02206e+06	 
 0.00835	   600572	 1.53837e+09	 1.53837e+09	 2.33461e+06	   985910	   985910	 
  0.0084	   575860	 1.49437e+09	 1.49437e+09	 2.26991e+06	   952310	   952310	 
 0.00845	   551755	 1.45112e+09	 1.45112e+09	 2.20661e+06	   919495	   919495	 
  0.0085	   528467	 1.40868e+09	 1.40868e+09	 2.14562e+06	   887830	   887830	 
 0.00855	   505298	 1.36705e+09	 1.36705e+09	 2.08488e+06	   856312	   856312	 
  0.0086	   483473	 1.32624e+09	 1.32624e+09	 2.02791e+06	   826678	   826678	 
 0.00865	   462465	 1.28623e+09	 1.28623e+09	 1.97143e+06	   797787	   797787	 
  0.0087	   441935	 1.24703e+09	 1.24703e+09	 1.91847e+06	   770049	   770049	 
 0.00875	   422116	 1.20869e+09	 1.20869e+09	 1.86694e+06	   743184	   743184	 
  0.0088	   403101	 1.17113e+09	 1.17113e+09	 1.81735e+06	   717376	   717376	 
 0.00885	   384682	 1.13441e+09	 1.13441e+09	 1.76906e+06	   692318	   692318	 
  0.0089	   367285	 1.09853e+09	 1.09853e+09	 1.72326e+06	   668610	   668610	 
 0.00895	   350816	 1.06349e+09	 1.06349e+09	 1.67899e+06	   645963	   645963	 
   0.009	   335113	 1.02925e+09	 1.02925e+09	 1.63709e+06	   624438	   624438	 
 0.00905	   320243	 9.9585e+08	 9.9585e+08	 1.59717e+06	   604000	   604000	 
  0.0091	   306265	 9.63287e+08	 9.63287e+08	 1.55906e+06	   584661	   584661	 
 0.00915	   293011	 9.31506e+08	 9.31506e+08	 1.52238e+06	   566202	   566202	 
  0.0092	   280579	 9.00534e+08	 9.00534e+08	 1.48741e+06	   548760	   548760	 
 0.00925	   268546	 8.70371e+08	 8.70371e+08	 1.4519e+06	   531511	   531511	 
  0.0093	   256979	 8.40989e+08	 8.40989e+08	 1.41884e+06	   515167	   515167	 
 0.00935	   245835	 8.12389e+08	 8.12389e+08	 1.38661e+06	   499338	   499338	 
  0.0094	   234887	 7.84569e+08	 7.84569e+08	 1.35431e+06	   483645	   483645	 
 0.00945	   224106	 7.5753e+08	 7.5753e+08	 1.32205e+06	   468092	   468092	 
  0.0095	   213917	 7.31245e+08	 7.31245e+08	 1.29108e+06	   453283	   453283	 
 0.00955	   204029	 7.05662e+08	 7.05662e+08	 1.26049e+06	   438795	   438795	 
  0.0096	   194404	 6.80831e+08	 6.80831e+08	 1.23008e+06	   424552	   424552	 
 0.00965	   185250	 6.56729e+08	 6.56729e+08	 1.20085e+06	   410936	   410936	 
  0.0097	   176534	 6.333e+08	 6.333e+08	 1.17232e+06	   397818	   397818	 
 0.00975	   168420	 6.10603e+08	 6.10603e+08	 1.1451e+06	   385459	   385459	 
  0.0098	   160653	 5.88576e+08	 5.88576e+08	 1.11851e+06	   373507	   373507	 
 0.00985	   153128	 5.6722e+08	 5.6722e+08	 1.09222e+06	   361813	   361813	 
  0.0099	   146152	 5.46513e+08	 5.46513e+08	 1.06705e+06	   350793	   350793	 
 0.00995	   139523	 5.26451e+08	 5.26451e+08	 1.04251e+06	   340184	   340184	 
    0.01	   133411	 5.07027e+08	 5.07027e+08	 1.01899e+06	   330203	   330203	 
 0.01005	   127770	 4.88189e+08	 4.88189e+08	   996430	   320803	   320803	 
  0.0101	   122138	 4.69986e+08	 4.69986e+08	   973651	   311361	   311361	 
 0.01015	   116641	 4.52359e+08	 4.52359e+08	   951065	   302066	   302066	 
  0.0102	   111302	 4.35307e+08	 4.35307e+08	   928697	   292944	   292944	 
 0.01025	   106146	 4.18814e+08	 4.18814e+08	   906718	   284049	   284049	 
  0.0103	   101118	 4.02869e+08	 4.02869e+08	   885049	   275323	   275323	 
 0.01035	  96343.1	 3.87458e+08	 3.87458e+08	   863896	   266909	   266909	 
  0.0104	  91728.6	 3.72566e+08	 3.72566e+08	   843095	   258697	   258697	 
 0.01045	  87284.1	 3.5818e+08	 3.5818e+08	   822637	   250694	   250694	 
  0.0105	  83172.5	 3.44293e+08	 3.44293e+08	   803079	   243150	   243150	 
 0.01055	  79215.6	 3.30883e+08	 3.30883e+08	   783853	   235800	   235800	 
  0.0106	  75469.5	 3.17941e+08	 3.17941e+08	   765169	   228734	   228734	 
 0.01065	    71792	 3.05455e+08	 3.05455e+08	   746669	   221763	   221763	 
  0.0107	  68360.3	 2.93407e+08	 2.93407e+08	   728777	   215118	   215118	 
 0.01075	  65190.5	 2.81793e+08	 2.81793e+08	   711527	   208819	   208819	 
  0.0108	  62216.1	 2.70594e+08	 2.70594e+08	   694774	   202783	   202783	 
 0.01085	  59447.9	 2.598e+08	 2.598e+08	   678460	   197005	   197005	 
  0.0109	  56757.9	 2.49401e+08	 2.49401e+08	   662380	   191339	   191339	 
 0.01095	  54173.9	 2.39381e+08	 2.39381e+08	   646627	   185829	   185829	 
   0.011	  51669.2	 2.2973e+08	 2.2973e+08	   631169	   180445	   180445	 
 0.01105	  49221.7	 2.20435e+08	 2.20435e+08	   615867	   175141	   175141	 
  0.0111	  46879.4	 2.11489e+08	 2.11489e+08	   600994	   170015	   170015	 
 0.01115	  44649.6	 2.02875e+08	 2.02875e+08	   586482	   165055	   165055	 
  0.0112	  42487.6	 1.94586e+08	 1.94586e+08	   572275	   160217	   160217	 
 0.01125	  40434.7	 1.86613e+08	 1.86613e+08	   558474	   155553	   155553	 
  0.0113	  38482.6	 1.78946e+08	 1.78946e+08	   544946	   151029	   151029	 
 0.01135	  36600.4	 1.71567e+08	 1.71567e+08	   531780	   146639	   146639	 
  0.0114	  34809.4	 1.64474e+08	 1.64474e+08	   518929	   142390	   142390	 
 0.01145	  33087.1	 1.57656e+08	 1.57656e+08	   506364	   138259	   138259	 
  0.0115	  31477.6	 1.51103e+08	 1.51103e+08	   494204	   134305	   134305	 
 0.01155	  29943.9	 1.44805e+08	 1.44805e+08	   482310	   130469	   130469	 
  0.0116	    28491	 1.38753e+08	 1.38753e+08	   470743	   126768	   126768	 
 0.01165	  27127.9	 1.32939e+08	 1.32939e+08	   459465	   123202	   123202	 
  0.0117	    25915	 1.27357e+08	 1.27357e+08	   448631	   119851	   119851	 
 0.01175	  24720.9	 1.21995e+08	 1.21995e+08	   437962	   116551	   116551	 
  0.0118	  23560.7	 1.16843e+08	 1.16843e+08	   427520	   113328	   113328	 
 0.01185	  22454.9	 1.11901e+08	 1.11901e+08	   417325	   110203	   110203	 
  0.0119	  21390.7	 1.07156e+08	 1.07156e+08	   407367	   107162	   107162	 
 0.01195	  20358.7	 1.02604e+08	 1.02604e+08	   397611	   104191	   104191	 
   0.012	    19386	 9.823e+07	 9.823e+07	   388133	   101329	   101329	 
 0.01205	  18427.4	 9.4039e+07	 9.4039e+07	   378804	  98510.2	  98510.2	 
  0.0121	  17507.2	 9.00149e+07	 9.00149e+07	   369702	  95771.8	  95771.8	 
 0.01215	  16633.2	 8.61577e+07	 8.61577e+07	   360810	  93116.1	  93116.1	 
  0.0122	  15827.7	 8.24567e+07	 8.24567e+07	   352223	  90581.4	  90581.4	 
 0.01225	  15034.1	 7.8909e+07	 7.8909e+07	   343779	  88087.7	  88087.7	 
  0.0123	  14269.6	 7.55067e+07	 7.55067e+07	   335516	  85656.9	  85656.9	 
 0.01235	  13553.6	 7.22444e+07	 7.22444e+07	   327476	  83313.4	  83313.4	 
  0.0124	  12866.1	 6.91167e+07	 6.91167e+07	   319581	  81024.3	  81024.3	 
 0.01245	  12225.1	 6.6121e+07	 6.6121e+07	   311937	  78826.9	  78826.9	 
  0.0125	  11647.4	 6.32492e+07	 6.32492e+07	   304524	  76730.2	  76730.2	 
 0.01255	  11115.4	 6.04959e+07	 6.04959e+07	   297318	  74715.3	  74715.3	 
  0.0126	  10600.1	 5.7861e+07	 5.7861e+07	   290262	  72746.5	  72746.5	 
 0.01265	  10100.8	 5.53343e+07	 5.53343e+07	   283347	  70821.5	  70821.5	 
  0.0127	  9619.73	 5.29138e+07	 5.29138e+07	   276578	    68943	    68943	 
 0.01275	  9159.52	 5.05951e+07	 5.05951e+07	   269971	  67117.1	  67117.1	 
  0.0128	  8709.48	 4.83754e+07	 4.83754e+07	   263480	  65324.5	  65324.5	 
 0.01285	  8276.36	 4.62499e+07	 4.62499e+07	   257109	  63571.9	  63571.9	 
  0.0129	  7871.87	 4.42144e+07	 4.42144e+07	   250934	  61885.2	  61885.2	 
 0.01295	  7476.62	 4.22657e+07	 4.22657e+07	   244827	  60220.5	  60220.5	 
   0.013	  7100.98	 4.04003e+07	 4.04003e+07	   238919	  58615.6	  58615.6	 
 0.01305	  6739.33	 3.86144e+07	 3.86144e+07	   233126	  57046.8	  57046.8	 
  0.0131	  6385.66	 3.6905e+07	 3.6905e+07	   227442	  55508.6	  55508.6	 
 0.01315	  6061.04	 3.52694e+07	 3.52694e+07	   221916	  54028.3	  54028.3	 
  0.0132	  5740.29	 3.37038e+07	 3.37038e+07	   216483	  52571.5	  52571.5	 
 0.01325	  5447.35	 3.22057e+07	 3.22057e+07	   211202	    51170	    51170	 
  0.0133	   5175.3	 3.07726e+07	 3.07726e+07	   206054	  49814.4	  49814.4	 
 0.01335	  4936.69	 2.94016e+07	 2.94016e+07	   201056	  48518.2	  48518.2	 
  0.0134	  4707.44	 2.80899e+07	 2.80899e+07	   196157	  47251.4	  47251.4	 
 0.01345	  4482.29	 2.68352e+07	 2.68352e+07	   191357	  46009.6	  46009.6	 
  0.0135	  4271.63	 2.56352e+07	 2.56352e+07	   186649	  44799.6	  44799.6	 
 0.01355	  4065.17	 2.44876e+07	 2.44876e+07	   182044	  43615.5	  43615.5	 
  0.0136	  3863.42	 2.33898e+07	 2.33898e+07	   177548	  42459.7	  42459.7	 
 0.01365	   3671.9	 2.23402e+07	 2.23402e+07	   173135	  41329.9	  41329.9	 
  0.0137	  3490.67	 2.13366e+07	 2.13366e+07	   168824	    40231	    40231	 
 0.01375	  3310.63	 2.03772e+07	 2.03772e+07	   164584	  39148.8	  39148.8	 
  0.0138	  3145.81	 1.94597e+07	 1.94597e+07	   160439	  38099.5	  38099.5	 
 0.01385	  2985.98	 1.85829e+07	 1.85829e+07	   156397	  37076.9	  37076.9	 
  0.0139	  2827.93	 1.77442e+07	 1.77442e+07	   152404	  36066.8	  36066.8	 
 0.01395	  2678.19	 1.69427e+07	 1.69427e+07	   148523	  35087.8	  35087.8	 
   0.014	  2536.21	 1.6177e+07	 1.6177e+07	   144726	  34133.6	  34133.6	 
 0.01405	  2402.38	 1.5445e+07	 1.5445e+07	   141017	  33205.3	  33205.3	 
  0.0141	  2276.91	 1.47455e+07	 1.47455e+07	   137392	  32302.2	  32302.2	 
 0.01415	  2163.21	 1.40768e+07	 1.40768e+07	   133858	  31428.4	  31428.4	 
  0.0142	  2063.41	 1.34382e+07	 1.34382e+07	   130386	  30579.1	  30579.1	 
 0.01425	  1968.12	 1.28281e+07	 1.28281e+07	   127017	  29756.5	  29756.5	 
  0.0143	  1876.63	 1.22447e+07	 1.22447e+07	   123720	  28952.6	  28952.6	 
 0.01435	  1787.12	 1.16876e+07	 1.16876e+07	   120485	  28164.1	  28164.1	 
  0.0144	  1700.63	 1.11556e+07	 1.11556e+07	   117309	  27391.1	  27391.1	 
 0.01445	   1613.8	 1.06472e+07	 1.06472e+07	   114203	  26633.2	  26633.2	 
  0.0145	  1532.72	 1.01612e+07	 1.01612e+07	   111165	  25895.3	  25895.3	 
 0.01455	   1451.2	 9.69745e+06	 9.69745e+06	   108190	  25170.7	  25170.7	 
  0.0146	  1379.31	 9.25421e+06	 9.25421e+06	   105226	  24456.2	  24456.2	 
 0.01465	  1308.89	 8.83116e+06	 8.83116e+06	   102385	    23770	    23770	 
  0.0147	  1238.42	 8.4272e+06	 8.4272e+06	  99599.5	  23096.2	  23096.2	 
 0.01475	  1170.65	 8.041e+06	 8.041e+06	  96869.8	  22436.9	  22436.9	 
  0.0148	  1108.87	 7.67257e+06	 7.67257e+06	  94208.1	  21797.4	  21797.4	 
 0.01485	  1044.45	 7.32082e+06	 7.32082e+06	  91604.5	  21168.7	  21168.7	 
  0.0149	  989.257	 6.98469e+06	 6.98469e+06	  89059.2	  20560.1	  20560.1	 
 0.01495	  937.732	 6.66364e+06	 6.66364e+06	  86579.1	  19968.9	  19968.9	 
   0.015	  894.673	 6.35741e+06	 6.35741e+06	    84127	  19390.5	  19390.5	 
 0.01505	  853.887	 6.06517e+06	 6.06517e+06	  81765.3	    18834	    18834	 
  0.0151	  813.246	 5.78584e+06	 5.78584e+06	  79459.2	  18289.9	  18289.9	 
 0.01515	  774.248	 5.51943e+06	 5.51943e+06	  77199.3	  17757.4	  17757.4	 
  0.0152	  736.859	 5.26497e+06	 5.26497e+06	  74988.8	  17237.1	  17237.1	 
 0.01525	  699.779	 5.0221e+06	 5.0221e+06	  72797.4	  16721.3	  16721.3	 
  0.0153	  656.568	 4.79027e+06	 4.79027e+06	  70685.8	  16218.5	  16218.5	 
 0.01535	  623.197	 4.56901e+06	 4.56901e+06	    68624	  15734.3	  15734.3	 
  0.0154	  591.862	 4.35782e+06	 4.35782e+06	  66612.3	  15262.9	  15262.9	 
 0.01545	  561.255	 4.15626e+06	 4.15626e+06	  64613.1	  14794.8	  14794.8	 
  0.0155	  531.169	 3.9639e+06	 3.9639e+06	  62671.8	    14340	    14340	 
 0.01555	  501.714	 3.78031e+06	 3.78031e+06	  60798.2	  13900.8	  13900.8	 
  0.0156	  475.158	 3.60512e+06	 3.60512e+06	    58973	  13474.5	  13474.5	 
 0.01565	  448.995	 3.43792e+06	 3.43792e+06	  57173.6	  13054.3	  13054.3	 
  0.0157	  419.819	 3.27835e+06	 3.27835e+06	  55415.1	  12640.9	  12640.9	 
 0.01575	  397.656	 3.12618e+06	 3.12618e+06	  53724.5	  12247.9	  12247.9	 
  0.0158	  377.905	 2.98092e+06	 2.98092e+06	  52076.6	  11866.4	  11866.4	 
 0.01585	  360.822	 2.84234e+06	 2.84234e+06	  50450.3	  11491.7	  11491.7	 
  0.0159	  344.226	 2.71012e+06	 2.71012e+06	  48888.6	  11131.7	  11131.7	 
 0.01595	  327.821	 2.58397e+06	 2.58397e+06	  47363.7	  10780.1	  10780.1	 
   0.016	  307.833	 2.46362e+06	 2.46362e+06	    45873	  10433.3	  10433.3	 
 0.01605	  292.585	 2.3488e+06	 2.3488e+06	  44418.5	  10098.2	  10098.2	 
  0.0161	  278.219	 2.23925e+06	 2.23925e+06	    43007	  9773.39	  9773.39	 
 0.01615	  264.063	 2.13476e+06	 2.13476e+06	  41633.3	  9457.12	  9457.12	 
  0.0162	  242.715	 2.03507e+06	 2.03507e+06	  40292.4	  9142.55	  9142.55	 
 0.01625	  230.279	 1.94e+06	 1.94e+06	  38980.7	  8841.38	  8841.38	 
  0.0163	   217.97	 1.84929e+06	 1.84929e+06	  37710.7	  8549.59	  8549.59	 
 0.01635	  205.917	 1.76278e+06	 1.76278e+06	  36470.5	  8264.62	  8264.62	 
  0.0164	  189.807	 1.68026e+06	 1.68026e+06	    35268	  7984.88	  7984.88	 
 0.01645	  179.566	 1.60155e+06	 1.60155e+06	  34085.7	  7714.18	  7714.18	 
  0.0165	  169.664	 1.52653e+06	 1.52653e+06	  32950.4	   7454.2	   7454.2	 
 0.01655	  160.643	 1.45492e+06	 1.45492e+06	  31847.9	  7202.17	  7202.17	 
  0.0166	  149.092	 1.38665e+06	 1.38665e+06	  30775.4	  6954.86	  6954.86	 
 0.01665	   142.13	 1.32159e+06	 1.32159e+06	  29736.5	  6718.59	  6718.59	 
  0.0167	  135.663	 1.25949e+06	 1.25949e+06	  28727.2	  6489.26	  6489.26	 
 0.01675	  129.295	 1.20029e+06	 1.20029e+06	  27746.2	  6266.32	  6266.32	 
  0.0168	   122.21	 1.14386e+06	 1.14386e+06	  26790.3	  6048.37	  6048.37	 
 0.01685	  116.247	 1.09002e+06	 1.09002e+06	  25864.5	  5838.02	  5838.02	 
  0.0169	  110.663	 1.03868e+06	 1.03868e+06	  24957.3	  5632.08	  5632.08	 
 0.01695	  105.096	   989793	   989793	  24085.6	  5434.05	  5434.05	 
   0.017	  98.5347	   943105	   943105	  23239.5	  5240.92	  5240.92	 
 0.01705	  92.7909	   898625	   898625	  22418.8	  5054.07	  5054.07	 
  0.0171	  87.9373	   856192	   856192	  21620.3	  4872.86	  4872.86	 
 0.01715	  83.1256	   815776	   815776	  20844.3	  4696.67	  4696.67	 
  0.0172	  76.2606	   777210	   777210	  20095.3	  4524.88	  4524.88	 
 0.01725	  72.1996	   740482	   740482	  19366.6	  4359.79	  4359.79	 
  0.0173	  68.1651	   705448	   705448	  18664.2	  4200.57	  4200.57	 
 0.01735	  64.4672	   672056	   672056	  17979.9	  4045.62	  4045.62	 
  0.0174	  60.9559	   640225	   640225	    17319	  3896.03	  3896.03	 
 0.01745	   57.853	   609847	   609847	  16677.3	  3751.03	  3751.03	 
  0.0175	  55.2914	   580951	   580951	  16061.9	  3612.27	  3612.27	 
 0.01755	  52.3113	   553369	   553369	  15459.9	  3476.19	  3476.19	 
  0.0176	  49.9033	   527090	   527090	  14883.8	  3346.28	  3346.28	 
 0.01765	   46.079	   502053	   502053	  14325.8	  3219.32	  3219.32	 
  0.0177	  43.9012	   478182	   478182	  13779.3	  3096.17	  3096.17	 
 0.01775	  41.7303	   455431	   455431	  13258.2	  2978.68	  2978.68	 
  0.0178	  39.6315	   433747	   433747	  12739.3	  2861.76	  2861.76	 
 0.01785	  37.2967	   413082	   413082	  12253.1	   2751.9	   2751.9	 
  0.0179	  35.3642	   393390	   393390	  11783.4	  2646.02	  2646.02	 
 0.01795	  32.8406	   374618	   374618	  11329.2	  2543.12	  2543.12	 
   0.018	  30.9573	   356735	   356735	  10890.4	  2444.15	  2444.15	 
 0.01805	  28.6638	   339689	   339689	  10466.7	   2348.2	   2348.2	 
  0.0181	  26.3239	   323448	   323448	  10057.8	  2255.52	  2255.52	 
 0.01815	  24.8167	   307975	   307975	   9663.1	  2166.63	  2166.63	 
  0.0182	  23.0626	   293229	   293229	  9282.74	  2080.74	  2080.74	 
 0.01825	  20.9683	   279179	   279179	  8915.44	  1997.49	  1997.49	 
  0.0183	  19.9603	   265797	   265797	  8561.52	  1918.06	  1918.06	 
 0.01835	  18.0537	   253042	   253042	  8220.57	  1840.81	  1840.81	 
  0.0184	  17.2517	   240895	   240895	  7891.88	  1767.15	  1767.15	 
 0.01845	  16.4496	   229321	   229321	  7575.11	  1696.13	  1696.13	 
  0.0185	  14.4002	   218292	   218292	  7269.51	  1626.63	  1626.63	 
 0.01855	  13.7009	   207789	   207789	  6975.11	  1560.66	  1560.66	 
  0.0186	  13.0155	   197786	   197786	   6691.9	  1497.19	  1497.19	 
 0.01865	  12.3792	   188254	   188254	  6418.75	     1436	     1436	 
  0.0187	  11.7425	   179179	   179179	  6156.04	  1377.13	  1377.13	 
 0.01875	  11.1053	   170535	   170535	  5902.63	  1320.32	  1320.32	 
  0.0188	  10.4677	   162297	   162297	  5658.91	  1265.66	  1265.66	 
 0.01885	  9.89201	   154457	   154457	  5420.05	  1212.14	  1212.14	 
  0.0189	  9.34966	   146988	   146988	  5194.58	  1161.61	  1161.61	 
 0.01895	  8.80685	   139875	   139875	  4978.05	  1113.07	  1113.07	 
   0.019	  8.32262	   133103	   133103	  4766.51	  1065.69	  1065.69	 
 0.01905	  7.85537	   126654	   126654	  4565.84	  1020.73	  1020.73	 
  0.0191	   7.4484	   120515	   120515	  4373.53	  977.677	  977.677	 
 0.01915	  7.13709	   114666	   114666	  4188.86	  936.399	  936.399	 
  0.0192	  6.83837	   109100	   109100	   4011.3	  896.709	  896.709	 
 0.01925	  6.53958	   103800	   103800	  3840.82	  858.592	  858.592	 
  0.0193	   6.2407	  98750.8	  98750.8	     3677	  821.956	  821.956	 
 0.01935	  5.94174	  93951.3	  93951.3	   3519.7	  786.768	  786.768	 
  0.0194	  4.54447	  89371.7	  89371.7	  3368.35	  752.049	  752.049	 
 0.01945	  4.32572	  85018.9	  85018.9	  3223.37	   719.66	   719.66	 
  0.0195	  4.10695	    80876	    80876	  3084.23	  688.571	  688.571	 
 0.01955	  3.88815	    76932	    76932	  2950.68	  658.723	  658.723	 
  0.0196	  3.66932	  73176.4	  73176.4	  2822.53	  630.075	  630.075	 
 0.01965	   2.6292	  69601.1	  69601.1	  2699.34	   601.89	   601.89	 
  0.0197	  2.47404	  66200.7	  66200.7	  2581.45	  575.572	  575.572	 
 0.01975	  2.31886	  62964.4	  62964.4	   2468.4	   550.33	   550.33	 
  0.0198	  1.53807	  59882.2	  59882.2	  2359.77	  525.584	  525.584	 
 0.01985	  1.43289	  56951.3	  56951.3	  2255.86	  502.412	  502.412	 
  0.0199	  1.33196	  54162.2	  54162.2	  2155.35	  479.997	  479.997	 
 0.01995	  1.25687	  51507.4	  51507.4	  2059.21	  458.575	  458.575	 
    0.02	  1.21206	  48982.9	  48982.9	  1967.93	  438.255	  438.255	 
 0.02005	  1.16726	  46580.3	  46580.3	  1880.48	  418.787	  418.787	 
  0.0201	  1.12245	  44294.1	  44294.1	  1796.72	  400.139	  400.139	 
 0.02015	  1.07765	    42119	    42119	  1716.46	  382.269	  382.269	 
  0.0202	  1.03284	  40049.6	  40049.6	  1639.66	  365.168	  365.168	 
 0.02025	 0.988032	  38080.8	  38080.8	   1566.1	  348.787	  348.787	 
  0.0203	 0.943225	  36207.8	  36207.8	  1495.71	   333.11	   333.11	 
 0.02035	 0.898417	  34425.9	  34425.9	  1428.34	  318.103	  318.103	 
  0.0204	 0.853609	  32730.9	  32730.9	  1363.87	  303.742	  303.742	 
 0.02045	 0.808801	  31118.8	  31118.8	  1302.15	  289.993	  289.993	 
  0.0205	 0.763993	  29584.9	  29584.9	  1243.12	   276.84	   276.84	 
 0.02055	 0.719184	  28126.1	  28126.1	  1186.66	  264.258	  264.258	 
  0.0206	 0.674375	  26738.9	  26738.9	  1132.65	  252.223	  252.223	 
 0.02065	 0.629565	  25418.8	  25418.8	     1081	  240.708	  240.708	 
  0.0207	 0.584754	  24163.6	  24163.6	  1031.61	  229.699	  229.699	 
 0.02075	 0.341044	  22969.4	  22969.4	  984.359	  219.009	  219.009	 
  0.0208	 0.164914	  21833.5	  21833.5	  938.917	  208.774	  208.774	 
 0.02085	 0.159007	  20753.8	  20753.8	  895.823	  199.193	  199.193	 
  0.0209	   0.1531	  19727.1	  19727.1	  854.629	  190.035	  190.035	 
 0.02095	 0.147193	  18750.7	  18750.7	  815.261	  181.281	  181.281	 
   0.021	 0.141286	  17822.1	  17822.1	  777.641	  172.917	  172.917	 
 0.02105	 0.135379	  16939.3	  16939.3	  741.698	  164.925	  164.925	 
  0.0211	 0.129472	  16099.6	  16099.6	  707.394	  157.298	  157.298	 
 0.02115	 0.123565	  15301.5	  15301.5	  674.617	  150.009	  150.009	 
  0.0212	 0.117658	  14542.4	  14542.4	  643.292	  143.044	  143.044	 
 0.02125	 0.111751	  13820.5	  13820.5	  613.383	  136.393	  136.393	 
  0.0213	 0.105844	  13134.5	  13134.5	  584.851	  130.048	  130.048	 
 0.02135	 0.0999366	    12482	    12482	  557.586	  123.984	  123.984	 
  0.0214	 0.0940294	  11861.7	  11861.7	   531.55	  118.194	  118.194	 
 0.02145	 0.0881222	  11272.1	  11272.1	  506.705	  112.668	  112.668	 
  0.0215	 0.0822149	  10711.5	  10711.5	  483.015	  107.399	  107.399	 
 0.02155	 0.0763077	  10178.4	  10178.4	  460.368	  102.362	  102.362	 
  0.0216	 0.00975302	  9671.67	  9671.67	  438.728	  97.5016	  97.5016	 
 0.02165	 0.00940784	  9189.93	  9189.93	  418.132	  92.9246	  92.9246	 
  0.0217	 0.00906266	  8732.12	  8732.12	  398.468	  88.5545	  88.5545	 
 0.02175	 0.00871748	  8296.92	  8296.92	  379.734	  84.3913	  84.3913	 
  0.0218	 0.0083723	  7883.23	  7883.23	  361.824	   80.411	   80.411	 
 0.02185	 0.00802712	  7489.71	  7489.71	  344.755	  76.6177	  76.6177	 
  0.0219	 0.00768194	   7116.1	   7116.1	  328.473	  72.9991	  72.9991	 
 0.02195	 0.00733676	  6760.78	  6760.78	  312.942	  69.5476	  69.5476	 
   0.022	 0.00699157	  6423.21	  6423.21	  298.134	  66.2567	  66.2567	 
 0.02205	 0.00664639	  6102.05	  6102.05	  284.011	  63.1181	  63.1181	 
  0.0221	 0.0063012	   5797.3	   5797.3	  270.544	  60.1251	  60.1251	 
 0.02215	 0.00595601	  5507.29	  5507.29	  257.699	  57.2704	  57.2704	 
  0.0222	 0.00561082	  5231.77	  5231.77	  245.457	  54.5497	  54.5497	 
 0.02225	 0.00526564	  4970.08	  4970.08	  233.781	  51.9548	  51.9548	 
  0.0223	 0.00492044	  4721.14	  4721.14	  222.653	  49.4816	  49.4816	 
 0.02235	 0.00457525	  4484.66	  4484.66	  212.046	  47.1243	  47.1243	 
  0.0224	 0.00423005	  4259.98	  4259.98	   201.93	  44.8762	  44.8762	 
 0.02245	 5.62094e-36	  4046.39	  4046.39	  192.294	  42.7316	  42.7316	 
  0.0225	 5.62094e-36	  3843.51	  3843.51	  183.106	  40.6898	  40.6898	 
 0.02255	 5.62094e-36	   3650.7	   3650.7	   174.35	  38.7441	  38.7441	 
  0.0226	 5.62094e-36	   3467.5	   3467.5	  166.008	  36.8902	  36.8902	 
 0.02265	 5.62094e-36	  3293.42	  3293.42	  158.056	  35.1233	  35.1233	 
  0.0227	 5.62094e-36	  3128.02	  3128.02	  150.481	  33.4399	  33.4399	 
 0.02275	 5.62094e-36	  2970.86	  2970.86	  143.263	   31.836	   31.836	 
  0.0228	 5.62094e-36	  2821.55	  2821.55	  136.385	  30.3074	  30.3074	 
 0.02285	 5.62094e-36	  2679.66	  2679.66	   129.83	  28.8507	  28.8507	 
  0.0229	 5.62094e-36	  2544.88	  2544.88	  123.588	  27.4637	  27.4637	 
 0.02295	 5.62094e-36	  2416.85	  2416.85	   117.64	   26.142	   26.142	 
   0.023	 5.62094e-36	  2295.22	  2295.22	  111.975	  24.8832	  24.8832	 
 0.02305	 5.62094e-36	  2179.64	  2179.64	  106.579	  23.6839	  23.6839	 
  0.0231	 5.62094e-36	  2069.84	  2069.84	  101.439	  22.5418	  22.5418	 
 0.02315	 5.62094e-36	  1965.53	  1965.53	  96.5419	  21.4535	  21.4535	 
  0.0232	 5.62094e-36	  1866.46	  1866.46	   91.879	  20.4173	  20.4173	 
 0.02325	 5.62094e-36	  1772.32	  1772.32	  87.4396	  19.4308	  19.4308	 
  0.0233	 5.62094e-36	  1682.94	  1682.94	  83.2088	  18.4906	  18.4906	 
 0.02335	 5.62094e-36	     1598	     1598	  79.1828	   17.596	   17.596	 
  0.0234	 5.62094e-36	  1517.36	  1517.36	  75.3467	  16.7435	  16.7435	 
 0.02345	 5.62094e-36	   1440.7	   1440.7	  71.6932	  15.9316	  15.9316	 
  0.0235	 5.62094e-36	  1367.94	  1367.94	  68.2184	  15.1595	  15.1595	 
 0.02355	 5.62094e-36	  1298.81	  1298.81	  64.9075	  14.4237	  14.4237	 
  0.0236	 5.62094e-36	  1233.16	  1233.16	   61.753	  13.7227	  13.7227	 
 0.02365	 5.62094e-36	  1170.81	  1170.81	  58.7549	  13.0565	  13.0565	 
  0.0237	 5.62094e-36	  1111.58	  1111.58	  55.8946	  12.4209	  12.4209	 
 0.02375	 5.62094e-36	  1055.33	  1055.33	  53.1759	  11.8167	  11.8167	 
  0.0238	 5.62094e-36	  1001.89	  1001.89	  50.5875	  11.2415	  11.2415	 
 0.02385	 5.62094e-36	  951.187	  951.187	   48.122	  10.6936	  10.6936	 
  0.0239	 5.62094e-36	  903.013	  903.013	  45.7756	  10.1722	  10.1722	 
 0.02395	 5.62094e-36	   857.26	   857.26	  43.5448	  9.67651	  9.67651	 
   0.024	 5.62094e-36	  813.819	  813.819	  41.4182	  9.20394	  9.20394	 
 0.02405	 5.62094e-36	  772.531	  772.531	  39.3959	  8.75454	  8.75454	 
  0.0241	 5.62094e-36	  733.368	  733.368	  37.4704	  8.32666	  8.32666	 
 0.02415	 5.62094e-36	  696.168	  696.168	  35.6384	  7.91956	  7.91956	 
  0.0242	 5.62094e-36	  660.824	  660.824	  33.8947	  7.53207	  7.53207	 
 0.02425	 5.62094e-36	  627.283	  627.283	  32.2355	  7.16336	  7.16336	 
  0.0243	 5.62094e-36	  595.404	  595.404	  30.6564	  6.81245	  6.81245	 
 0.02435	 5.62094e-36	  565.152	  565.152	   29.154	  6.47859	  6.47859	 
  0.0244	 5.62094e-36	  536.431	  536.431	  27.7242	  6.16087	  6.16087	 
 0.02445	 5.62094e-36	  509.175	  509.175	  26.3641	  5.85862	  5.85862	 
  0.0245	 5.62094e-36	  483.283	  483.283	  25.0699	  5.57103	  5.57103	 
 0.02455	 5.62094e-36	  458.699	  458.699	  23.8383	  5.29733	  5.29733	 
  0.0246	 5.62094e-36	  435.362	  435.362	  22.6666	  5.03696	  5.03696	 
 0.02465	 5.62094e-36	  413.204	  413.204	  21.5523	  4.78934	  4.78934	 
  0.0247	 5.62094e-36	  392.167	  392.167	  20.4916	  4.55364	  4.55364	 
 0.02475	 5.62094e-36	  372.195	  372.195	   19.483	  4.32952	  4.32952	 
  0.0248	 5.62094e-36	  353.232	  353.232	  18.5233	  4.11624	  4.11624	 
 0.02485	 5.62094e-36	  335.232	  335.232	  17.6105	  3.91339	  3.91339	 
  0.0249	 5.62094e-36	  318.144	  318.144	  16.7423	  3.72047	  3.72047	 
 0.02495	 5.62094e-36	  301.925	  301.925	  15.9163	  3.53691	  3.53691	 
   0.025	 5.62094e-36	  286.523	  286.523	  15.1308	  3.36236	  3.36236	 
       0	        0	        0	        0	        0	        0	        0	 
