       0	        0	        0	        0	        0	        0	        0	 
   5e-05	  291.187	   609274	   609274	   187500	  41892.8	  41892.8	 
  0.0001	  1434.62	 2.44852e+06	 2.44852e+06	   668584	   149688	   149688	 
 0.00015	  8663.13	 5.55561e+06	 5.55561e+06	 1.50657e+06	   341527	   341527	 
  0.0002	  26770.4	 9.94743e+06	 9.94743e+06	 2.69015e+06	   618627	   618627	 
 0.00025	  63880.8	 1.56934e+07	 1.56934e+07	 4.23842e+06	   991545	   991545	 
  0.0003	   130133	 2.28346e+07	 2.28346e+07	 6.16758e+06	 1.47177e+06	 1.47177e+06	 
 0.00035	   223662	 3.13233e+07	 3.13233e+07	 8.41552e+06	 2.04406e+06	 2.04406e+06	 
  0.0004	   351451	 4.1183e+07	 4.1183e+07	 1.09775e+07	 2.71277e+06	 2.71277e+06	 
 0.00045	   507492	 5.23871e+07	 5.23871e+07	 1.37865e+07	 3.45836e+06	 3.45836e+06	 
  0.0005	   692945	 6.47314e+07	 6.47314e+07	 1.68126e+07	 4.27505e+06	 4.27505e+06	 
 0.00055	   904744	 7.85983e+07	 7.85983e+07	 2.00122e+07	 5.15079e+06	 5.15079e+06	 
  0.0006	 1.13834e+06	 9.37623e+07	 9.37623e+07	 2.33341e+07	 6.07067e+06	 6.07067e+06	 
 0.00065	 1.3938e+06	 1.10168e+08	 1.10168e+08	 2.67492e+07	 7.02826e+06	 7.02826e+06	 
  0.0007	 1.6609e+06	 1.27807e+08	 1.27807e+08	 3.02125e+07	 8.00563e+06	 8.00563e+06	 
 0.00075	 1.93722e+06	 1.46625e+08	 1.46625e+08	 3.36951e+07	 8.99444e+06	 8.99444e+06	 
  0.0008	 2.21863e+06	 1.66586e+08	 1.66586e+08	 3.71743e+07	 9.98648e+06	 9.98648e+06	 
 0.00085	 2.5048e+06	 1.87633e+08	 1.87633e+08	 4.06224e+07	 1.09753e+07	 1.09753e+07	 
  0.0009	 2.79438e+06	 2.09782e+08	 2.09782e+08	 4.40274e+07	 1.19572e+07	 1.19572e+07	 
 0.00095	 3.0807e+06	 2.32904e+08	 2.32904e+08	 4.73616e+07	 1.29208e+07	 1.29208e+07	 
   0.001	 3.36102e+06	 2.56971e+08	 2.56971e+08	 5.06087e+07	 1.38604e+07	 1.38604e+07	 
 0.00105	 3.63395e+06	 2.81931e+08	 2.81931e+08	 5.37486e+07	 1.47704e+07	 1.47704e+07	 
  0.0011	 3.89787e+06	 3.07728e+08	 3.07728e+08	 5.67693e+07	 1.5647e+07	 1.5647e+07	 
 0.00115	 4.15128e+06	 3.34291e+08	 3.34291e+08	 5.96534e+07	 1.64849e+07	 1.64849e+07	 
  0.0012	 4.3927e+06	 3.61598e+08	 3.61598e+08	 6.23859e+07	 1.72799e+07	 1.72799e+07	 
 0.00125	 4.62097e+06	 3.89554e+08	 3.89554e+08	 6.49598e+07	 1.80294e+07	 1.80294e+07	 
  0.0013	 4.83648e+06	 4.18121e+08	 4.18121e+08	 6.73714e+07	 1.8733e+07	 1.8733e+07	 
 0.00135	 5.03835e+06	 4.47227e+08	 4.47227e+08	 6.96163e+07	 1.93888e+07	 1.93888e+07	 
  0.0014	 5.22587e+06	 4.76825e+08	 4.76825e+08	 7.16962e+07	 1.99969e+07	 1.99969e+07	 
 0.00145	 5.39974e+06	 5.06837e+08	 5.06837e+08	 7.36063e+07	 2.05566e+07	 2.05566e+07	 
  0.0015	 5.5615e+06	 5.37212e+08	 5.37212e+08	 7.53439e+07	 2.10685e+07	 2.10685e+07	 
 0.00155	 5.71011e+06	 5.6794e+08	 5.6794e+08	 7.69065e+07	 2.15314e+07	 2.15314e+07	 
  0.0016	 5.84431e+06	 5.98864e+08	 5.98864e+08	 7.82854e+07	 2.19422e+07	 2.19422e+07	 
 0.00165	 5.96428e+06	 6.29961e+08	 6.29961e+08	 7.94776e+07	 2.23004e+07	 2.23004e+07	 
  0.0017	 6.07156e+06	 6.61181e+08	 6.61181e+08	 8.04953e+07	 2.261e+07	 2.261e+07	 
 0.00175	 6.16543e+06	 6.92447e+08	 6.92447e+08	 8.13406e+07	 2.28708e+07	 2.28708e+07	 
  0.0018	 6.24638e+06	 7.23702e+08	 7.23702e+08	 8.2016e+07	 2.30839e+07	 2.30839e+07	 
 0.00185	 6.31532e+06	 7.54887e+08	 7.54887e+08	 8.25306e+07	 2.32519e+07	 2.32519e+07	 
  0.0019	 6.37123e+06	 7.85956e+08	 7.85956e+08	 8.28804e+07	 2.33731e+07	 2.33731e+07	 
 0.00195	 6.41582e+06	 8.16857e+08	 8.16857e+08	 8.30786e+07	 2.34518e+07	 2.34518e+07	 
   0.002	 6.44835e+06	 8.47524e+08	 8.47524e+08	 8.31262e+07	 2.34877e+07	 2.34877e+07	 
 0.00205	 6.47067e+06	 8.77898e+08	 8.77898e+08	 8.30305e+07	 2.34838e+07	 2.34838e+07	 
  0.0021	 6.48263e+06	 9.07854e+08	 9.07854e+08	 8.27973e+07	 2.34413e+07	 2.34413e+07	 
 0.00215	 6.48602e+06	 9.37503e+08	 9.37503e+08	 8.24356e+07	 2.33635e+07	 2.33635e+07	 
  0.0022	 6.4801e+06	 9.66663e+08	 9.66663e+08	 8.19469e+07	 2.32503e+07	 2.32503e+07	 
 0.00225	 6.46568e+06	 9.95383e+08	 9.95383e+08	 8.13401e+07	 2.31043e+07	 2.31043e+07	 
  0.0023	 6.44318e+06	 1.02355e+09	 1.02355e+09	 8.06193e+07	 2.29266e+07	 2.29266e+07	 
 0.00235	 6.41322e+06	 1.05114e+09	 1.05114e+09	 7.97944e+07	 2.272e+07	 2.272e+07	 
  0.0024	 6.37522e+06	 1.07815e+09	 1.07815e+09	 7.88683e+07	 2.24846e+07	 2.24846e+07	 
 0.00245	 6.3302e+06	 1.10446e+09	 1.10446e+09	 7.78476e+07	 2.22228e+07	 2.22228e+07	 
  0.0025	 6.27969e+06	 1.13017e+09	 1.13017e+09	 7.67382e+07	 2.1937e+07	 2.1937e+07	 
 0.00255	 6.22358e+06	 1.15511e+09	 1.15511e+09	 7.55468e+07	 2.16286e+07	 2.16286e+07	 
  0.0026	 6.16231e+06	 1.17936e+09	 1.17936e+09	 7.42846e+07	 2.13004e+07	 2.13004e+07	 
 0.00265	 6.09549e+06	 1.20281e+09	 1.20281e+09	 7.29567e+07	 2.09534e+07	 2.09534e+07	 
  0.0027	 6.02418e+06	 1.22551e+09	 1.22551e+09	 7.15664e+07	 2.0589e+07	 2.0589e+07	 
 0.00275	 5.94806e+06	 1.24738e+09	 1.24738e+09	 7.01177e+07	 2.02078e+07	 2.02078e+07	 
  0.0028	 5.86883e+06	 1.26852e+09	 1.26852e+09	 6.8625e+07	 1.98145e+07	 1.98145e+07	 
 0.00285	 5.78581e+06	 1.28877e+09	 1.28877e+09	 6.70885e+07	 1.94085e+07	 1.94085e+07	 
  0.0029	 5.70041e+06	 1.30815e+09	 1.30815e+09	 6.55166e+07	 1.89927e+07	 1.89927e+07	 
 0.00295	 5.61177e+06	 1.32672e+09	 1.32672e+09	 6.39139e+07	 1.85677e+07	 1.85677e+07	 
   0.003	 5.52041e+06	 1.3444e+09	 1.3444e+09	 6.2286e+07	 1.81348e+07	 1.81348e+07	 
 0.00305	 5.42722e+06	 1.36126e+09	 1.36126e+09	 6.06399e+07	 1.76966e+07	 1.76966e+07	 
  0.0031	 5.33231e+06	 1.3772e+09	 1.3772e+09	 5.89779e+07	 1.72534e+07	 1.72534e+07	 
 0.00315	 5.23606e+06	 1.39233e+09	 1.39233e+09	 5.73088e+07	 1.68076e+07	 1.68076e+07	 
  0.0032	 5.1378e+06	 1.40659e+09	 1.40659e+09	 5.56331e+07	 1.63589e+07	 1.63589e+07	 
 0.00325	 5.03932e+06	 1.41997e+09	 1.41997e+09	 5.39613e+07	 1.59107e+07	 1.59107e+07	 
  0.0033	 4.94038e+06	 1.43251e+09	 1.43251e+09	 5.22933e+07	 1.54631e+07	 1.54631e+07	 
 0.00335	 4.84015e+06	 1.44419e+09	 1.44419e+09	 5.06276e+07	 1.5015e+07	 1.5015e+07	 
  0.0034	 4.74064e+06	 1.45501e+09	 1.45501e+09	 4.89768e+07	 1.45708e+07	 1.45708e+07	 
 0.00345	 4.63984e+06	 1.46503e+09	 1.46503e+09	 4.73394e+07	 1.41285e+07	 1.41285e+07	 
  0.0035	 4.53898e+06	 1.47424e+09	 1.47424e+09	 4.57189e+07	 1.369e+07	 1.369e+07	 
 0.00355	 4.43885e+06	 1.48265e+09	 1.48265e+09	 4.41218e+07	 1.32572e+07	 1.32572e+07	 
  0.0036	 4.33866e+06	 1.49025e+09	 1.49025e+09	 4.25459e+07	 1.28291e+07	 1.28291e+07	 
 0.00365	 4.23789e+06	 1.4971e+09	 1.4971e+09	 4.09937e+07	 1.24058e+07	 1.24058e+07	 
  0.0037	 4.1377e+06	 1.5032e+09	 1.5032e+09	 3.94701e+07	 1.19893e+07	 1.19893e+07	 
 0.00375	 4.03829e+06	 1.50849e+09	 1.50849e+09	 3.79771e+07	 1.15802e+07	 1.15802e+07	 
  0.0038	 3.93903e+06	 1.51309e+09	 1.51309e+09	 3.65141e+07	 1.11779e+07	 1.11779e+07	 
 0.00385	 3.8417e+06	 1.517e+09	 1.517e+09	 3.50872e+07	 1.07851e+07	 1.07851e+07	 
  0.0039	 3.74489e+06	 1.52021e+09	 1.52021e+09	 3.36898e+07	 1.03993e+07	 1.03993e+07	 
 0.00395	 3.64983e+06	 1.52267e+09	 1.52267e+09	 3.23278e+07	 1.00226e+07	 1.00226e+07	 
   0.004	 3.55536e+06	 1.52454e+09	 1.52454e+09	 3.10039e+07	 9.65497e+06	 9.65497e+06	 
 0.00405	 3.46222e+06	 1.52578e+09	 1.52578e+09	 2.97205e+07	 9.29733e+06	 9.29733e+06	 
  0.0041	 3.37016e+06	 1.52637e+09	 1.52637e+09	 2.84719e+07	 8.94825e+06	 8.94825e+06	 
 0.00415	 3.28053e+06	 1.52638e+09	 1.52638e+09	 2.72635e+07	 8.61002e+06	 8.61002e+06	 
  0.0042	 3.19131e+06	 1.5258e+09	 1.5258e+09	 2.60888e+07	 8.27958e+06	 8.27958e+06	 
 0.00425	 3.10344e+06	 1.52463e+09	 1.52463e+09	 2.49533e+07	 7.9589e+06	 7.9589e+06	 
  0.0043	 3.01616e+06	 1.52293e+09	 1.52293e+09	 2.38548e+07	 7.64692e+06	 7.64692e+06	 
 0.00435	 2.93176e+06	 1.52069e+09	 1.52069e+09	 2.27993e+07	 7.34672e+06	 7.34672e+06	 
  0.0044	 2.84854e+06	 1.51793e+09	 1.51793e+09	 2.17786e+07	 7.05516e+06	 7.05516e+06	 
 0.00445	 2.76658e+06	 1.51468e+09	 1.51468e+09	 2.07933e+07	 6.77247e+06	 6.77247e+06	 
  0.0045	 2.68769e+06	 1.51096e+09	 1.51096e+09	 1.98519e+07	 6.50191e+06	 6.50191e+06	 
 0.00455	 2.6101e+06	 1.50677e+09	 1.50677e+09	 1.89457e+07	 6.24018e+06	 6.24018e+06	 
  0.0046	 2.53389e+06	 1.50209e+09	 1.50209e+09	 1.80506e+07	 5.982e+06	 5.982e+06	 
 0.00465	 2.45921e+06	 1.49698e+09	 1.49698e+09	 1.72188e+07	 5.73909e+06	 5.73909e+06	 
  0.0047	 2.38687e+06	 1.49145e+09	 1.49145e+09	 1.64226e+07	 5.50588e+06	 5.50588e+06	 
 0.00475	 2.31549e+06	 1.4855e+09	 1.4855e+09	 1.56571e+07	 5.28025e+06	 5.28025e+06	 
  0.0048	 2.24545e+06	 1.47918e+09	 1.47918e+09	 1.49222e+07	 5.06247e+06	 5.06247e+06	 
 0.00485	 2.17668e+06	 1.47243e+09	 1.47243e+09	 1.4217e+07	 4.85228e+06	 4.85228e+06	 
  0.0049	 2.10961e+06	 1.4653e+09	 1.4653e+09	 1.34197e+07	 4.62293e+06	 4.62293e+06	 
 0.00495	 2.04385e+06	 1.45786e+09	 1.45786e+09	 1.28019e+07	 4.4345e+06	 4.4345e+06	 
   0.005	 1.97852e+06	 1.4501e+09	 1.4501e+09	 1.2204e+07	 4.25082e+06	 4.25082e+06	 
 0.00505	 1.91482e+06	 1.44192e+09	 1.44192e+09	 1.16297e+07	 4.07367e+06	 4.07367e+06	 
  0.0051	 1.85306e+06	 1.43341e+09	 1.43341e+09	 1.10794e+07	 3.90335e+06	 3.90335e+06	 
 0.00515	 1.79336e+06	 1.4246e+09	 1.4246e+09	 1.05531e+07	 3.73994e+06	 3.73994e+06	 
  0.0052	 1.73544e+06	 1.41551e+09	 1.41551e+09	 1.00468e+07	 3.58239e+06	 3.58239e+06	 
 0.00525	 1.67889e+06	 1.40611e+09	 1.40611e+09	 9.56404e+06	 3.43113e+06	 3.43113e+06	 
  0.0053	 1.62343e+06	 1.3964e+09	 1.3964e+09	 9.10011e+06	 3.28489e+06	 3.28489e+06	 
 0.00535	 1.56955e+06	 1.38641e+09	 1.38641e+09	 8.65446e+06	 3.14396e+06	 3.14396e+06	 
  0.0054	 1.5178e+06	 1.37617e+09	 1.37617e+09	 8.23256e+06	 3.00995e+06	 3.00995e+06	 
 0.00545	 1.46799e+06	 1.36566e+09	 1.36566e+09	 7.83138e+06	 2.88206e+06	 2.88206e+06	 
  0.0055	 1.41995e+06	 1.35489e+09	 1.35489e+09	 7.44789e+06	 2.75947e+06	 2.75947e+06	 
 0.00555	 1.37358e+06	 1.34386e+09	 1.34386e+09	 7.08466e+06	 2.6427e+06	 2.6427e+06	 
  0.0056	 1.32815e+06	 1.33261e+09	 1.33261e+09	 6.73724e+06	 2.53016e+06	 2.53016e+06	 
 0.00565	 1.28361e+06	 1.32116e+09	 1.32116e+09	 6.40428e+06	 2.42153e+06	 2.42153e+06	 
  0.0057	 1.24023e+06	 1.30938e+09	 1.30938e+09	 6.08681e+06	 2.31724e+06	 2.31724e+06	 
 0.00575	 1.1978e+06	 1.2975e+09	 1.2975e+09	 5.78333e+06	 2.21679e+06	 2.21679e+06	 
  0.0058	 1.157e+06	 1.2853e+09	 1.2853e+09	 5.49609e+06	 2.12123e+06	 2.12123e+06	 
 0.00585	 1.11673e+06	 1.273e+09	 1.273e+09	 5.21824e+06	 2.02817e+06	 2.02817e+06	 
  0.0059	 1.07696e+06	 1.26043e+09	 1.26043e+09	 4.95933e+06	 1.9397e+06	 1.9397e+06	 
 0.00595	 1.03933e+06	 1.2477e+09	 1.2477e+09	 4.71337e+06	 1.85577e+06	 1.85577e+06	 
   0.006	 1.00241e+06	 1.23475e+09	 1.23475e+09	 4.47851e+06	 1.77487e+06	 1.77487e+06	 
 0.00605	   966012	 1.22167e+09	 1.22167e+09	 4.25347e+06	 1.69655e+06	 1.69655e+06	 
  0.0061	   930570	 1.20844e+09	 1.20844e+09	 4.03907e+06	 1.62134e+06	 1.62134e+06	 
 0.00615	   897191	 1.19502e+09	 1.19502e+09	 3.83375e+06	 1.54975e+06	 1.54975e+06	 
  0.0062	   865483	 1.18146e+09	 1.18146e+09	 3.64655e+06	 1.48349e+06	 1.48349e+06	 
 0.00625	   834492	 1.16772e+09	 1.16772e+09	 3.46783e+06	 1.41967e+06	 1.41967e+06	 
  0.0063	   804606	 1.15389e+09	 1.15389e+09	 3.2984e+06	 1.35878e+06	 1.35878e+06	 
 0.00635	   775880	 1.13987e+09	 1.13987e+09	 3.13834e+06	 1.30086e+06	 1.30086e+06	 
  0.0064	   747968	 1.12577e+09	 1.12577e+09	 2.9863e+06	 1.24537e+06	 1.24537e+06	 
 0.00645	   720820	 1.11155e+09	 1.11155e+09	 2.8366e+06	 1.19099e+06	 1.19099e+06	 
  0.0065	   694718	 1.09719e+09	 1.09719e+09	 2.70107e+06	 1.14057e+06	 1.14057e+06	 
 0.00655	   668963	 1.08276e+09	 1.08276e+09	 2.57089e+06	 1.09161e+06	 1.09161e+06	 
  0.0066	   643704	 1.0682e+09	 1.0682e+09	 2.4462e+06	 1.04425e+06	 1.04425e+06	 
 0.00665	   619285	 1.05357e+09	 1.05357e+09	 2.32797e+06	   998988	   998988	 
  0.0067	   596631	 1.03886e+09	 1.03886e+09	 2.21896e+06	   957145	   957145	 
 0.00675	   574419	 1.02408e+09	 1.02408e+09	 2.11028e+06	   915717	   915717	 
  0.0068	   552496	 1.00923e+09	 1.00923e+09	 2.01151e+06	   876719	   876719	 
 0.00685	   531424	 9.9425e+08	 9.9425e+08	 1.91866e+06	   839695	   839695	 
  0.0069	   511150	 9.79306e+08	 9.79306e+08	 1.83099e+06	   804443	   804443	 
 0.00695	   491697	 9.64235e+08	 9.64235e+08	 1.74819e+06	   770914	   770914	 
   0.007	   473065	 9.49145e+08	 9.49145e+08	 1.67022e+06	   739096	   739096	 
 0.00705	   455344	 9.34037e+08	 9.34037e+08	 1.59723e+06	   709094	   709094	 
  0.0071	   438219	 9.1886e+08	 9.1886e+08	 1.526e+06	   679946	   679946	 
 0.00715	   421471	 9.03712e+08	 9.03712e+08	 1.46057e+06	   652380	   652380	 
  0.0072	   405246	 8.88495e+08	 8.88495e+08	 1.39805e+06	   625866	   625866	 
 0.00725	   389326	 8.73291e+08	 8.73291e+08	 1.338e+06	   600140	   600140	 
  0.0073	   373717	 8.58076e+08	 8.58076e+08	 1.28025e+06	   575166	   575166	 
 0.00735	   358794	 8.42858e+08	 8.42858e+08	 1.22587e+06	   551476	   551476	 
  0.0074	   344705	 8.27653e+08	 8.27653e+08	 1.17347e+06	   528872	   528872	 
 0.00745	   331218	 8.12461e+08	 8.12461e+08	 1.12645e+06	   507933	   507933	 
  0.0075	   318051	 7.97281e+08	 7.97281e+08	 1.08107e+06	   487609	   487609	 
 0.00755	   305250	 7.8214e+08	 7.8214e+08	 1.03766e+06	   468006	   468006	 
  0.0076	   293015	 7.67027e+08	 7.67027e+08	   996765	   449402	   449402	 
 0.00765	   281413	 7.51953e+08	 7.51953e+08	   958578	   431893	   431893	 
  0.0077	   270432	 7.36935e+08	 7.36935e+08	   921795	   415177	   415177	 
 0.00775	   259948	 7.21966e+08	 7.21966e+08	   888772	   399685	   399685	 
  0.0078	   249702	 7.07069e+08	 7.07069e+08	   857301	   384723	   384723	 
 0.00785	   239789	 6.92231e+08	 6.92231e+08	   827091	   370299	   370299	 
  0.0079	   230251	 6.7747e+08	 6.7747e+08	   798389	   356503	   356503	 
 0.00795	   221089	 6.62795e+08	 6.62795e+08	   771177	   343330	   343330	 
   0.008	   212103	 6.48202e+08	 6.48202e+08	   743393	   330166	   330166	 
 0.00805	   203297	 6.33716e+08	 6.33716e+08	   718170	   317712	   317712	 
  0.0081	   194703	 6.19328e+08	 6.19328e+08	   693849	   305623	   305623	 
 0.00815	   186812	 6.05054e+08	 6.05054e+08	   671711	   294566	   294566	 
  0.0082	   179098	 5.90894e+08	 5.90894e+08	   650242	   283795	   283795	 
 0.00825	   171610	 5.76863e+08	 5.76863e+08	   629518	   273366	   273366	 
  0.0083	   164275	 5.62962e+08	 5.62962e+08	   609306	   263169	   263169	 
 0.00835	   157237	 5.49196e+08	 5.49196e+08	   589622	   253321	   253321	 
  0.0084	   150738	 5.35581e+08	 5.35581e+08	   572124	   244379	   244379	 
 0.00845	   144397	 5.22113e+08	 5.22113e+08	   555005	   235642	   235642	 
  0.0085	   138562	 5.08801e+08	 5.08801e+08	   539287	   227611	   227611	 
 0.00855	   132935	 4.95656e+08	 4.95656e+08	   524162	   219874	   219874	 
  0.0086	   127520	 4.82678e+08	 4.82678e+08	   509693	   212447	   212447	 
 0.00865	   122406	 4.69879e+08	 4.69879e+08	   495672	   205353	   205353	 
  0.0087	   117414	 4.57251e+08	 4.57251e+08	   482579	   198561	   198561	 
 0.00875	   112545	 4.44812e+08	 4.44812e+08	   469706	   191913	   191913	 
  0.0088	   107750	 4.3256e+08	 4.3256e+08	   456970	   185353	   185353	 
 0.00885	   103145	 4.20503e+08	 4.20503e+08	   444741	   179054	   179054	 
  0.0089	  98830.4	 4.08645e+08	 4.08645e+08	   433278	   173151	   173151	 
 0.00895	  94680.3	 3.9698e+08	 3.9698e+08	   422049	   167428	   167428	 
   0.009	  90544.4	 3.85525e+08	 3.85525e+08	   410940	   161743	   161743	 
 0.00905	  86508.6	 3.7428e+08	 3.7428e+08	   400033	   156180	   156180	 
  0.0091	  82636.1	 3.63244e+08	 3.63244e+08	   389443	   150815	   150815	 
 0.00915	  79004.5	 3.52413e+08	 3.52413e+08	   379462	   145772	   145772	 
  0.0092	  75511.7	 3.41808e+08	 3.41808e+08	   369738	   140894	   140894	 
 0.00925	  72260.5	 3.31408e+08	 3.31408e+08	   360275	   136263	   136263	 
  0.0093	    69117	 3.21233e+08	 3.21233e+08	   351378	   131841	   131841	 
 0.00935	  66180.7	 3.11274e+08	 3.11274e+08	   342968	   127688	   127688	 
  0.0094	  63396.9	 3.01535e+08	 3.01535e+08	   334833	   123715	   123715	 
 0.00945	    60773	 2.92017e+08	 2.92017e+08	   327016	   119938	   119938	 
  0.0095	  58230.5	 2.82714e+08	 2.82714e+08	   319337	   116254	   116254	 
 0.00955	  55757.1	 2.73631e+08	 2.73631e+08	   311748	   112643	   112643	 
  0.0096	  53421.3	 2.64758e+08	 2.64758e+08	   304458	   109207	   109207	 
 0.00965	  51162.9	 2.5611e+08	 2.5611e+08	   297353	   105871	   105871	 
  0.0097	  48943.9	 2.47682e+08	 2.47682e+08	   290269	   102571	   102571	 
 0.00975	  46786.5	 2.39459e+08	 2.39459e+08	   283259	  99335.4	  99335.4	 
  0.0098	  44660.4	 2.31456e+08	 2.31456e+08	   276265	  96127.6	  96127.6	 
 0.00985	  42596.2	 2.23657e+08	 2.23657e+08	   269365	  92988.6	  92988.6	 
  0.0099	  40648.8	 2.16067e+08	 2.16067e+08	   262710	  89995.3	  89995.3	 
 0.00995	  38769.4	 2.08693e+08	 2.08693e+08	   256207	  87088.4	  87088.4	 
    0.01	    36995	 2.01517e+08	 2.01517e+08	   249920	  84311.1	  84311.1	 
 0.01005	  35353.6	 1.94535e+08	 1.94535e+08	   243939	  81705.4	  81705.4	 
  0.0101	  33751.4	 1.87757e+08	 1.87757e+08	   238017	  79143.3	  79143.3	 
 0.01015	  32225.9	 1.81178e+08	 1.81178e+08	   232251	  76675.4	  76675.4	 
  0.0102	  30789.8	 1.74787e+08	 1.74787e+08	   226671	  74318.5	  74318.5	 
 0.01025	  29460.7	 1.68589e+08	 1.68589e+08	   221325	  72096.7	  72096.7	 
  0.0103	  28211.5	 1.62575e+08	 1.62575e+08	   216141	  69973.3	  69973.3	 
 0.01035	  27055.3	 1.56737e+08	 1.56737e+08	   211180	  67971.4	  67971.4	 
  0.0104	  25910.4	 1.51082e+08	 1.51082e+08	   206226	  65980.1	  65980.1	 
 0.01045	  24780.5	 1.45605e+08	 1.45605e+08	   201287	  64003.7	  64003.7	 
  0.0105	  23677.6	 1.40299e+08	 1.40299e+08	   196410	  62062.2	  62062.2	 
 0.01055	  22601.5	 1.35159e+08	 1.35159e+08	   191589	  60153.7	  60153.7	 
  0.0106	    21546	 1.30181e+08	 1.30181e+08	   186810	  58270.9	  58270.9	 
 0.01065	  20544.1	 1.25369e+08	 1.25369e+08	   182188	  56464.7	  56464.7	 
  0.0107	  19575.8	 1.20706e+08	 1.20706e+08	   177642	  54701.2	  54701.2	 
 0.01075	  18652.1	 1.16201e+08	 1.16201e+08	   173225	  53001.2	  53001.2	 
  0.0108	  17796.9	 1.11846e+08	 1.11846e+08	   169000	  51397.3	  51397.3	 
 0.01085	  16964.1	 1.07635e+08	 1.07635e+08	   164835	    49824	    49824	 
  0.0109	    16179	 1.03566e+08	 1.03566e+08	   160802	  48317.1	  48317.1	 
 0.01095	    15414	 9.96331e+07	 9.96331e+07	   156842	    46842	    46842	 
   0.011	  14702.9	 9.5836e+07	 9.5836e+07	   153012	    45438	    45438	 
 0.01105	  14028.9	 9.21678e+07	 9.21678e+07	   149309	  44090.8	  44090.8	 
  0.0111	  13418.6	 8.86281e+07	 8.86281e+07	   145772	  42830.2	  42830.2	 
 0.01115	  12853.6	 8.52119e+07	 8.52119e+07	   142340	    41628	    41628	 
  0.0112	  12299.7	 8.19149e+07	 8.19149e+07	   138950	  40443.9	  40443.9	 
 0.01125	  11752.4	 7.8735e+07	 7.8735e+07	   135598	  39273.3	  39273.3	 
  0.0113	  11215.8	 7.56678e+07	 7.56678e+07	   132286	    38120	    38120	 
 0.01135	  10702.4	 7.27101e+07	 7.27101e+07	   129066	  37005.1	  37005.1	 
  0.0114	  10208.9	 6.98583e+07	 6.98583e+07	   125928	  35924.1	  35924.1	 
 0.01145	  9721.24	 6.711e+07	 6.711e+07	   122823	  34854.8	  34854.8	 
  0.0115	  9262.73	 6.44616e+07	 6.44616e+07	   119834	  33833.9	  33833.9	 
 0.01155	  8831.46	 6.19094e+07	 6.19094e+07	   116934	  32854.1	  32854.1	 
  0.0116	  8412.47	 5.94512e+07	 5.94512e+07	   114091	  31896.4	  31896.4	 
 0.01165	  8008.92	 5.70837e+07	 5.70837e+07	   111314	  30965.3	  30965.3	 
  0.0117	  7625.71	 5.48037e+07	 5.48037e+07	   108612	  30066.8	  30066.8	 
 0.01175	  7258.23	 5.26086e+07	 5.26086e+07	   105981	  29196.4	  29196.4	 
  0.0118	  6910.68	 5.04956e+07	 5.04956e+07	   103433	  28359.9	  28359.9	 
 0.01185	  6591.94	 4.84622e+07	 4.84622e+07	   100970	  27564.6	  27564.6	 
  0.0119	  6284.71	 4.65056e+07	 4.65056e+07	  98568.2	  26791.9	  26791.9	 
 0.01195	  5997.29	 4.4623e+07	 4.4623e+07	  96238.1	  26050.6	  26050.6	 
   0.012	  5729.93	 4.2812e+07	 4.2812e+07	    93963	  25337.1	  25337.1	 
 0.01205	   5473.3	 4.10702e+07	 4.10702e+07	  91741.4	  24643.8	  24643.8	 
  0.0121	  5223.93	 3.93949e+07	 3.93949e+07	  89562.7	  23965.7	  23965.7	 
 0.01215	  4985.58	 3.77842e+07	 3.77842e+07	  87446.2	    23310	    23310	 
  0.0122	  4756.34	 3.62362e+07	 3.62362e+07	  85369.5	  22670.2	  22670.2	 
 0.01225	  4531.78	 3.47473e+07	 3.47473e+07	    83336	  22043.6	  22043.6	 
  0.0123	   4319.4	 3.33169e+07	 3.33169e+07	    81359	  21439.1	  21439.1	 
 0.01235	  4115.19	 3.19418e+07	 3.19418e+07	  79430.1	  20851.6	  20851.6	 
  0.0124	  3914.89	 3.06209e+07	 3.06209e+07	  77536.9	  20275.2	  20275.2	 
 0.01245	  3724.39	 2.93521e+07	 2.93521e+07	  75689.7	  19716.5	  19716.5	 
  0.0125	  3538.61	 2.81338e+07	 2.81338e+07	  73875.1	  19168.8	  19168.8	 
 0.01255	  3372.95	 2.69628e+07	 2.69628e+07	  72141.7	  18654.7	  18654.7	 
  0.0126	  3211.87	 2.58379e+07	 2.58379e+07	  70442.5	  18151.8	  18151.8	 
 0.01265	  3053.94	 2.47587e+07	 2.47587e+07	  68773.2	  17658.1	  17658.1	 
  0.0127	  2908.75	 2.37224e+07	 2.37224e+07	    67156	  17185.8	  17185.8	 
 0.01275	  2765.76	 2.27275e+07	 2.27275e+07	  65556.4	  16719.1	  16719.1	 
  0.0128	  2631.72	 2.17723e+07	 2.17723e+07	  64005.8	  16270.3	  16270.3	 
 0.01285	   2510.6	 2.08558e+07	 2.08558e+07	  62503.3	  15842.2	  15842.2	 
  0.0129	  2398.09	 1.99764e+07	 1.99764e+07	  61040.9	  15429.7	  15429.7	 
 0.01295	  2290.23	 1.91324e+07	 1.91324e+07	  59612.5	  15028.4	  15028.4	 
   0.013	  2185.76	 1.83222e+07	 1.83222e+07	    58213	  14636.1	  14636.1	 
 0.01305	  2082.88	 1.75459e+07	 1.75459e+07	  56836.8	  14250.3	  14250.3	 
  0.0131	  1985.04	 1.68006e+07	 1.68006e+07	  55495.8	  13876.2	  13876.2	 
 0.01315	  1890.21	 1.6086e+07	 1.6086e+07	  54180.4	  13510.1	  13510.1	 
  0.0132	  1798.09	 1.54009e+07	 1.54009e+07	  52884.8	  13150.6	  13150.6	 
 0.01325	  1710.08	 1.47432e+07	 1.47432e+07	  51625.9	  12802.4	  12802.4	 
  0.0133	  1627.91	 1.41134e+07	 1.41134e+07	  50401.7	  12466.4	  12466.4	 
 0.01335	  1548.02	 1.35094e+07	 1.35094e+07	  49192.3	  12135.5	  12135.5	 
  0.0134	  1473.52	 1.29306e+07	 1.29306e+07	  48022.5	  11817.6	  11817.6	 
 0.01345	  1399.98	 1.23755e+07	 1.23755e+07	  46872.7	  11504.9	  11504.9	 
  0.0135	  1329.63	 1.18428e+07	 1.18428e+07	  45747.3	  11200.1	  11200.1	 
 0.01355	  1263.18	 1.13332e+07	 1.13332e+07	  44647.6	    10904	    10904	 
  0.0136	  1198.41	 1.08444e+07	 1.08444e+07	  43568.5	  10613.9	  10613.9	 
 0.01365	  1139.53	 1.03766e+07	 1.03766e+07	  42519.7	    10335	    10335	 
  0.0137	  1087.25	 9.92795e+06	 9.92795e+06	  41501.9	  10068.2	  10068.2	 
 0.01375	  1038.21	 9.49818e+06	 9.49818e+06	  40505.6	  9808.65	  9808.65	 
  0.0138	   990.85	 9.08651e+06	 9.08651e+06	  39528.9	  9554.77	  9554.77	 
 0.01385	  944.808	 8.69222e+06	 8.69222e+06	  38573.9	  9306.72	  9306.72	 
  0.0139	  900.129	 8.31453e+06	 8.31453e+06	  37634.8	  9063.29	  9063.29	 
 0.01395	  857.082	 7.95283e+06	 7.95283e+06	    36711	  8824.52	  8824.52	 
   0.014	   814.91	 7.60648e+06	 7.60648e+06	  35812.4	  8592.05	  8592.05	 
 0.01405	   775.74	 7.27474e+06	 7.27474e+06	  34932.3	  8366.01	  8366.01	 
  0.0141	  738.237	 6.95718e+06	 6.95718e+06	    34071	  8145.43	  8145.43	 
 0.01415	  701.996	 6.65314e+06	 6.65314e+06	  33227.3	  7929.77	  7929.77	 
  0.0142	  667.714	 6.36199e+06	 6.36199e+06	  32397.6	  7718.73	  7718.73	 
 0.01425	  634.408	 6.08335e+06	 6.08335e+06	  31587.8	  7512.85	  7512.85	 
  0.0143	  601.555	 5.81657e+06	 5.81657e+06	  30788.2	  7309.63	  7309.63	 
 0.01435	  570.654	 5.56128e+06	 5.56128e+06	  30010.9	  7112.85	  7112.85	 
  0.0144	  541.316	 5.31689e+06	 5.31689e+06	  29250.9	  6921.14	  6921.14	 
 0.01445	  513.496	 5.08302e+06	 5.08302e+06	  28506.9	  6734.18	  6734.18	 
  0.0145	  487.651	 4.85925e+06	 4.85925e+06	  27780.1	  6552.58	  6552.58	 
 0.01455	  464.619	 4.6451e+06	 4.6451e+06	  27071.3	  6377.16	  6377.16	 
  0.0146	  443.542	 4.44023e+06	 4.44023e+06	    26381	  6207.35	  6207.35	 
 0.01465	  423.503	 4.24417e+06	 4.24417e+06	  25697.5	  6039.87	  6039.87	 
  0.0147	  403.584	 4.05665e+06	 4.05665e+06	    25033	  5876.73	  5876.73	 
 0.01475	  384.937	 3.87718e+06	 3.87718e+06	  24383.5	  5717.88	  5717.88	 
  0.0148	  366.727	 3.70554e+06	 3.70554e+06	  23746.4	  5562.15	  5562.15	 
 0.01485	  349.284	 3.54132e+06	 3.54132e+06	  23121.5	  5409.73	  5409.73	 
  0.0149	  331.779	 3.38428e+06	 3.38428e+06	    22510	  5260.21	  5260.21	 
 0.01495	  315.541	 3.23401e+06	 3.23401e+06	  21912.5	   5114.8	   5114.8	 
   0.015	  298.944	 3.09035e+06	 3.09035e+06	  21325.8	  4971.53	  4971.53	 
 0.01505	  284.185	 2.95296e+06	 2.95296e+06	  20739.9	  4829.85	  4829.85	 
  0.0151	  269.722	 2.82159e+06	 2.82159e+06	  20179.6	   4694.1	   4694.1	 
 0.01515	   255.35	 2.69591e+06	 2.69591e+06	  19630.1	  4560.79	  4560.79	 
  0.0152	  242.124	 2.57576e+06	 2.57576e+06	  19093.1	  4431.19	  4431.19	 
 0.01525	  229.408	 2.46087e+06	 2.46087e+06	  18568.7	  4304.75	  4304.75	 
  0.0153	  216.498	 2.35102e+06	 2.35102e+06	  18055.3	  4180.64	  4180.64	 
 0.01535	  205.458	 2.24601e+06	 2.24601e+06	  17554.3	   4060.7	   4060.7	 
  0.0154	  196.031	 2.14562e+06	 2.14562e+06	  17067.4	  3945.17	  3945.17	 
 0.01545	  187.346	 2.04964e+06	 2.04964e+06	  16575.5	  3829.11	  3829.11	 
  0.0155	  178.799	 1.95784e+06	 1.95784e+06	  16110.4	  3719.11	  3719.11	 
 0.01555	   170.37	 1.87017e+06	 1.87017e+06	  15655.2	  3611.41	  3611.41	 
  0.0156	  162.388	 1.78632e+06	 1.78632e+06	  15210.3	  3506.33	  3506.33	 
 0.01565	  154.679	 1.70617e+06	 1.70617e+06	  14775.8	  3403.78	  3403.78	 
  0.0157	  147.192	 1.62961e+06	 1.62961e+06	  14350.9	  3303.53	  3303.53	 
 0.01575	  138.048	 1.55638e+06	 1.55638e+06	  13934.9	  3203.99	  3203.99	 
  0.0158	  131.086	 1.48638e+06	 1.48638e+06	  13528.9	  3108.35	  3108.35	 
 0.01585	  124.521	 1.41954e+06	 1.41954e+06	  13132.2	  3015.08	  3015.08	 
  0.0159	  118.251	 1.35565e+06	 1.35565e+06	  12738.4	   2922.7	   2922.7	 
 0.01595	  112.106	 1.29456e+06	 1.29456e+06	  12360.1	  2833.85	  2833.85	 
   0.016	  105.965	 1.23626e+06	 1.23626e+06	  11987.1	  2746.19	  2746.19	 
 0.01605	  100.496	 1.18053e+06	 1.18053e+06	  11627.8	   2662.1	   2662.1	 
  0.0161	  95.1512	 1.12722e+06	 1.12722e+06	  11277.1	     2580	     2580	 
 0.01615	  90.1658	 1.07633e+06	 1.07633e+06	    10931	  2499.21	  2499.21	 
  0.0162	  83.3826	 1.0277e+06	 1.0277e+06	  10595.4	  2419.36	  2419.36	 
 0.01625	  79.5016	   981244	   981244	  10271.8	  2344.44	  2344.44	 
  0.0163	  75.9641	   936866	   936866	  9952.54	  2270.73	  2270.73	 
 0.01635	  72.5003	   894462	   894462	  9644.91	  2199.68	  2199.68	 
  0.0164	  69.1806	   853960	   853960	  9345.69	   2130.6	   2130.6	 
 0.01645	  65.9259	   815270	   815270	  9054.11	  2063.28	  2063.28	 
  0.0165	  62.8098	   778310	   778310	  8769.61	  1997.63	  1997.63	 
 0.01655	  59.7257	   743014	   743014	  8492.64	  1933.69	  1933.69	 
  0.0166	  56.7929	   709290	   709290	  8221.33	  1871.11	  1871.11	 
 0.01665	  52.8152	   677082	   677082	  7958.01	  1809.51	  1809.51	 
  0.0167	  50.2233	   646323	   646323	  7702.28	  1750.66	  1750.66	 
 0.01675	  47.0113	   616951	   616951	  7453.16	   1692.8	   1692.8	 
  0.0168	  44.4948	   588896	   588896	  7208.97	  1636.58	  1636.58	 
 0.01685	   42.058	   562102	   562102	  6973.19	  1582.29	  1582.29	 
  0.0169	  39.2523	   536515	   536515	  6740.94	   1528.5	   1528.5	 
 0.01695	  36.7606	   512083	   512083	  6518.26	  1477.08	  1477.08	 
   0.017	  34.8543	   488747	   488747	  6302.07	  1427.55	  1427.55	 
 0.01705	   32.391	   466468	   466468	  6091.82	  1378.92	  1378.92	 
  0.0171	  30.8604	   445194	   445194	  5888.01	  1332.44	  1332.44	 
 0.01715	  29.4614	   424887	   424887	  5690.05	  1287.36	  1287.36	 
  0.0172	  28.1434	   405493	   405493	  5497.78	   1243.6	   1243.6	 
 0.01725	  26.8448	   386978	   386978	  5310.05	  1200.88	  1200.88	 
  0.0173	  25.5981	   369301	   369301	  5128.68	   1159.6	   1159.6	 
 0.01735	  24.1519	   352424	   352424	   4951.8	  1119.17	  1119.17	 
  0.0174	  22.9885	   336309	   336309	  4778.89	  1079.84	  1079.84	 
 0.01745	  21.8617	   320919	   320919	  4613.15	  1042.14	  1042.14	 
  0.0175	  20.7649	   306232	   306232	  4452.31	  1005.54	  1005.54	 
 0.01755	  19.4604	   292215	   292215	  4296.25	  969.847	  969.847	 
  0.0176	  18.4526	   278827	   278827	  4144.96	  935.444	  935.444	 
 0.01765	  16.9596	   266049	   266049	  3997.51	  901.516	  901.516	 
  0.0177	   16.049	   253847	   253847	  3854.48	  869.024	  869.024	 
 0.01775	  15.2165	   242199	   242199	  3716.74	  837.769	  837.769	 
  0.0178	  14.4071	   231087	   231087	  3580.87	  806.946	  806.946	 
 0.01785	  13.6524	   220480	   220480	  3451.77	   777.67	   777.67	 
  0.0179	  12.9438	   210350	   210350	  3326.87	  749.363	  749.363	 
 0.01795	   12.317	   200683	   200683	  3206.01	  722.018	  722.018	 
   0.018	  11.7798	   191455	   191455	  3088.01	  695.379	  695.379	 
 0.01805	  11.1051	   182646	   182646	  2974.84	  669.705	  669.705	 
  0.0181	   10.599	   174235	   174235	  2864.09	  644.701	  644.701	 
 0.01815	  10.0141	   166210	   166210	  2758.18	   620.71	   620.71	 
  0.0182	  9.22011	   158549	   158549	     2654	  596.942	  596.942	 
 0.01825	  8.78282	   151238	   151238	  2555.02	  574.606	  574.606	 
  0.0183	  8.34528	   144260	   144260	   2459.3	  552.996	  552.996	 
 0.01835	  7.93753	   137598	   137598	  2366.84	  532.132	  532.132	 
  0.0184	  7.54209	   131242	   131242	  2277.37	  511.943	  511.943	 
 0.01845	  7.07097	   125176	   125176	  2190.93	  492.368	  492.368	 
  0.0185	  6.55143	   119389	   119389	  2107.45	  473.412	  473.412	 
 0.01855	  6.19799	   113860	   113860	  2026.82	   455.22	   455.22	 
  0.0186	  5.46142	   108586	   108586	  1948.87	  437.326	  437.326	 
 0.01865	  5.16106	   103557	   103557	  1873.74	  420.395	  420.395	 
  0.0187	  4.88418	  98754.1	  98754.1	  1801.26	  404.074	  404.074	 
 0.01875	  4.62535	  94172.7	  94172.7	  1731.28	  388.322	  388.322	 
  0.0188	  4.21938	  89799.1	  89799.1	  1663.84	   373.02	   373.02	 
 0.01885	  4.04177	  85626.9	  85626.9	  1598.84	  358.437	  358.437	 
  0.0189	  3.64375	  81645.7	  81645.7	  1536.07	  344.179	  344.179	 
 0.01895	  3.48292	  77846.5	  77846.5	   1475.6	  330.617	  330.617	 
   0.019	  3.32206	  74222.4	  74222.4	  1417.29	  317.534	  317.534	 
 0.01905	  2.89489	  70763.2	  70763.2	  1360.98	  304.687	  304.687	 
  0.0191	  2.75507	  67463.7	  67463.7	  1306.83	  292.547	  292.547	 
 0.01915	  2.61644	  64315.7	  64315.7	  1253.32	  280.547	  280.547	 
  0.0192	  2.48933	  61312.5	  61312.5	  1203.06	  269.279	  269.279	 
 0.01925	  2.36213	  58448.4	  58448.4	  1154.66	  258.424	  258.424	 
  0.0193	  2.23485	  55714.7	  55714.7	  1108.04	  247.966	  247.966	 
 0.01935	  2.10746	  53108.2	  53108.2	  1063.13	  237.887	  237.887	 
  0.0194	  1.99513	  50621.3	  50621.3	  1018.92	  227.977	  227.977	 
 0.01945	  1.88825	  48248.8	  48248.8	  977.366	  218.659	  218.659	 
  0.0195	  1.78128	  45985.9	  45985.9	   937.37	  209.687	  209.687	 
 0.01955	  1.68555	  43828.1	  43828.1	  898.396	  200.952	  200.952	 
  0.0196	  1.59668	  41770.2	  41770.2	  861.424	  192.667	  192.667	 
 0.01965	  1.52183	  39806.7	  39806.7	  825.888	  184.712	  184.712	 
  0.0197	  1.46208	  37935.1	  37935.1	  791.722	  177.073	  177.073	 
 0.01975	  1.40232	    36150	    36150	  758.893	  169.732	  169.732	 
  0.0198	  1.34255	  34447.4	  34447.4	  727.342	  162.674	  162.674	 
 0.01985	  1.28276	  32824.3	  32824.3	  696.995	  155.884	  155.884	 
  0.0199	  1.22296	  31276.3	  31276.3	  667.837	  149.358	  149.358	 
 0.01995	  1.16314	  29800.3	  29800.3	  639.809	  143.083	  143.083	 
    0.02	 0.882537	  28392.2	  28392.2	  612.812	  136.865	  136.865	 
 0.02005	 0.838989	  27050.9	  27050.9	  586.951	  131.085	  131.085	 
  0.0201	 0.795436	  25771.8	  25771.8	  562.115	  125.532	  125.532	 
 0.02015	 0.751875	  24551.8	  24551.8	  538.253	  120.195	  120.195	 
  0.0202	 0.708307	  23389.2	  23389.2	   515.35	  115.072	  115.072	 
 0.02025	 0.483306	  22280.8	  22280.8	  493.304	  109.998	  109.998	 
  0.0203	 0.454061	    21224	    21224	  472.203	  105.286	  105.286	 
 0.02035	 0.424815	  20217.1	  20217.1	   451.95	  100.763	  100.763	 
  0.0204	   0.2925	  19257.1	  19257.1	  432.482	  96.3334	  96.3334	 
 0.02045	 0.272355	  18342.5	  18342.5	  413.622	  92.1267	  92.1267	 
  0.0205	 0.256619	  17470.4	  17470.4	  395.598	  88.1092	  88.1092	 
 0.02055	 0.247756	  16639.5	  16639.5	  378.477	  84.2977	  84.2977	 
  0.0206	 0.238892	  15847.9	  15847.9	  362.061	   80.643	   80.643	 
 0.02065	 0.230029	  15093.3	  15093.3	  346.322	  77.1386	  77.1386	 
  0.0207	 0.221165	  14374.1	  14374.1	   331.23	  73.7778	  73.7778	 
 0.02075	 0.212302	  13688.8	  13688.8	  316.769	  70.5575	  70.5575	 
  0.0208	 0.203438	  13035.6	  13035.6	  302.903	  67.4692	  67.4692	 
 0.02085	 0.194575	  12413.5	  12413.5	  289.623	  64.5114	  64.5114	 
  0.0209	 0.185711	  11820.5	  11820.5	  276.894	  61.6757	  61.6757	 
 0.02095	 0.176847	  11255.9	  11255.9	    264.7	   58.959	   58.959	 
   0.021	 0.167983	  10718.1	  10718.1	  253.018	  56.3562	  56.3562	 
 0.02105	 0.159119	  10204.9	  10204.9	  241.834	  53.8641	  53.8641	 
  0.0211	 0.150255	  9716.62	  9716.62	  231.118	  51.4759	  51.4759	 
 0.02115	 0.141391	  9251.29	  9251.29	  220.863	  49.1902	  49.1902	 
  0.0212	 0.132527	  8808.07	  8808.07	   211.04	  47.0002	  47.0002	 
 0.02125	 0.123663	  8385.73	  8385.73	  201.639	  44.9044	  44.9044	 
  0.0213	 0.0724484	  7983.37	  7983.37	  192.627	  42.8619	  42.8619	 
 0.02135	 0.0343115	  7600.17	  7600.17	  183.979	  40.9105	  40.9105	 
  0.0214	 0.0331251	  7235.17	  7235.17	  175.724	   39.075	   39.075	 
 0.02145	 0.031958	  6887.66	  6887.66	  167.846	  37.3235	  37.3235	 
  0.0215	 0.0307909	  6556.58	  6556.58	  160.302	  35.6463	  35.6463	 
 0.02155	 0.0296238	  6241.27	  6241.27	  153.094	  34.0434	  34.0434	 
  0.0216	 0.0284567	  5940.99	  5940.99	  146.197	  32.5099	  32.5099	 
 0.02165	 0.0272897	  5655.05	  5655.05	  139.597	  31.0424	  31.0424	 
  0.0217	 0.0261226	  5382.73	  5382.73	  133.295	   29.641	   29.641	 
 0.02175	 0.0249555	  5123.35	  5123.35	   127.26	  28.2991	  28.2991	 
  0.0218	 0.0237884	  4876.37	  4876.37	  121.493	  27.0165	  27.0165	 
 0.02185	 0.0226212	  4641.24	  4641.24	  115.978	  25.7902	  25.7902	 
  0.0219	 0.0214541	  4417.28	  4417.28	  110.708	  24.6183	  24.6183	 
 0.02195	 0.020287	  4204.05	  4204.05	  105.677	  23.4992	  23.4992	 
   0.022	 0.0191199	  4000.97	  4000.97	  100.861	  22.4281	  22.4281	 
 0.02205	 0.0179528	  3807.71	  3807.71	    96.26	  21.4048	  21.4048	 
  0.0221	 0.0167856	  3623.62	  3623.62	    91.86	  20.4262	  20.4262	 
 0.02215	 0.0156185	  3448.39	  3448.39	  87.6605	   19.492	   19.492	 
  0.0222	 0.00870093	  3281.51	  3281.51	  83.6452	  18.5944	  18.5944	 
 0.02225	 0.00362154	  3122.69	  3122.69	  79.8026	  17.7365	  17.7365	 
  0.0223	 0.0034938	  2971.46	  2971.46	  76.1391	  16.9223	  16.9223	 
 0.02235	 0.00336607	  2827.52	  2827.52	   72.645	  16.1458	  16.1458	 
  0.0224	 0.00323833	  2690.45	  2690.45	  69.3047	  15.4034	  15.4034	 
 0.02245	 0.00311059	  2559.98	  2559.98	  66.1138	  14.6942	  14.6942	 
  0.0225	 0.00298285	  2435.85	  2435.85	  63.0671	  14.0171	  14.0171	 
 0.02255	 0.00285511	  2317.61	  2317.61	  60.1585	  13.3706	  13.3706	 
  0.0226	 0.00272737	  2205.13	  2205.13	    57.38	  12.7531	  12.7531	 
 0.02265	 0.00259963	     2098	     2098	  54.7279	  12.1636	  12.1636	 
  0.0227	 0.00247189	  1996.09	  1996.09	  52.1961	  11.6009	  11.6009	 
 0.02275	 0.00234415	  1899.05	  1899.05	  49.7788	  11.0636	  11.0636	 
  0.0228	 0.0022164	  1806.69	  1806.69	  47.4714	  10.5508	  10.5508	 
 0.02285	 0.00208866	  1718.78	  1718.78	  45.2688	  10.0612	  10.0612	 
  0.0229	 0.00196091	  1635.17	  1635.17	  43.1665	  9.59398	  9.59398	 
 0.02295	 0.00183317	  1555.52	  1555.52	  41.1601	  9.14802	  9.14802	 
   0.023	 0.00170542	  1479.74	  1479.74	  39.2451	  8.72236	  8.72236	 
 0.02305	 0.00157767	  1407.67	  1407.67	  37.4185	  8.31636	  8.31636	 
  0.0231	 1.11279e-36	  1339.02	  1339.02	   35.674	  7.92746	  7.92746	 
 0.02315	 1.11279e-36	  1273.76	  1273.76	  34.0102	  7.55773	  7.55773	 
  0.0232	 1.11279e-36	  1211.61	  1211.61	  32.4229	  7.20501	  7.20501	 
 0.02325	 1.11279e-36	  1152.46	  1152.46	  30.9085	  6.86848	  6.86848	 
  0.0233	 1.11279e-36	  1096.22	  1096.22	  29.4632	   6.5473	   6.5473	 
 0.02335	 1.11279e-36	  1042.65	  1042.65	  28.0847	  6.24098	  6.24098	 
  0.0234	 1.11279e-36	  991.728	  991.728	  26.7694	   5.9487	   5.9487	 
 0.02345	 1.11279e-36	  943.255	  943.255	  25.5151	  5.66995	  5.66995	 
  0.0235	 1.11279e-36	  897.133	  897.133	  24.3187	  5.40409	  5.40409	 
 0.02355	 1.11279e-36	  853.254	  853.254	  23.1773	  5.15045	  5.15045	 
  0.0236	 1.11279e-36	  811.505	  811.505	  22.0894	   4.9087	   4.9087	 
 0.02365	 1.11279e-36	   771.78	   771.78	  21.0513	  4.67801	  4.67801	 
  0.0237	 1.11279e-36	  733.987	  733.987	  20.0607	  4.45789	  4.45789	 
 0.02375	 1.11279e-36	  698.034	  698.034	   19.117	  4.24817	  4.24817	 
  0.0238	 1.11279e-36	  663.832	  663.832	  18.2163	  4.04803	  4.04803	 
 0.02385	 1.11279e-36	  631.288	  631.288	  17.3581	  3.85731	  3.85731	 
  0.0239	 1.11279e-36	  600.332	  600.332	  16.5392	  3.67533	  3.67533	 
 0.02395	 1.11279e-36	  570.884	  570.884	  15.7589	  3.50194	  3.50194	 
   0.024	 1.11279e-36	  542.875	  542.875	  15.0143	  3.33648	  3.33648	 
 0.02405	 1.11279e-36	  516.223	  516.223	  14.3054	  3.17894	  3.17894	 
  0.0241	 1.11279e-36	  490.876	  490.876	  13.6284	  3.02851	  3.02851	 
 0.02415	 1.11279e-36	  466.762	  466.762	  12.9842	  2.88534	  2.88534	 
  0.0242	 1.11279e-36	  443.825	  443.825	  12.3689	  2.74861	  2.74861	 
 0.02425	 1.11279e-36	  422.009	  422.009	  11.7833	  2.61849	  2.61849	 
  0.0243	 1.11279e-36	  401.261	  401.261	  11.2245	  2.49431	  2.49431	 
 0.02435	 1.11279e-36	  381.521	  381.521	  10.6925	  2.37608	  2.37608	 
  0.0244	 1.11279e-36	  362.754	  362.754	  10.1849	  2.26329	  2.26329	 
 0.02445	 1.11279e-36	  344.893	  344.893	  9.70117	  2.15579	  2.15579	 
  0.0245	 1.11279e-36	  327.912	  327.912	   9.2397	  2.05324	  2.05324	 
 0.02455	 1.11279e-36	  311.758	  311.758	  8.80053	  1.95565	  1.95565	 
  0.0246	 1.11279e-36	  296.404	  296.404	  8.38217	  1.86268	  1.86268	 
 0.02465	 1.11279e-36	  281.795	  281.795	  7.98312	  1.77401	  1.77401	 
  0.0247	 1.11279e-36	  267.901	  267.901	  7.60265	  1.68946	  1.68946	 
 0.02475	 1.11279e-36	  254.688	  254.688	  7.24039	  1.60896	  1.60896	 
  0.0248	 1.11279e-36	  242.124	  242.124	  6.89515	  1.53224	  1.53224	 
 0.02485	 1.11279e-36	  230.177	  230.177	  6.56618	  1.45913	  1.45913	 
  0.0249	 1.11279e-36	   218.81	   218.81	  6.25267	  1.38947	  1.38947	 
 0.02495	 1.11279e-36	  208.012	  208.012	  5.95401	   1.3231	   1.3231	 
   0.025	 1.11279e-36	  197.735	  197.735	  5.66948	  1.25987	  1.25987	 
       0	        0	        0	        0	        0	        0	        0	 
