       0	        0	        0	        0	        0	        0	        0	 
   5e-05	 5.39598e+06	 6.07005e+06	 6.07005e+06	  3974.08	 6.69187e+06	 6.69187e+06	 
  0.0001	 2.15427e+07	 2.42294e+07	 2.42294e+07	  51266.8	 2.60354e+07	 2.60354e+07	 
 0.00015	 4.88652e+07	 5.49348e+07	 5.49348e+07	   313007	 5.80857e+07	 5.80857e+07	 
  0.0002	 8.58145e+07	 9.64044e+07	 9.64044e+07	 1.10428e+06	 1.03474e+08	 1.03474e+08	 
 0.00025	 1.38398e+08	 1.55328e+08	 1.55328e+08	 2.96758e+06	 1.63585e+08	 1.63585e+08	 
  0.0003	 2.05976e+08	 2.30959e+08	 2.30959e+08	 6.13036e+06	 2.37439e+08	 2.37439e+08	 
 0.00035	 2.87178e+08	 3.21717e+08	 3.21717e+08	 1.08972e+07	 3.2432e+08	 3.2432e+08	 
  0.0004	 3.82094e+08	 4.27704e+08	 4.27704e+08	 1.72506e+07	 4.22091e+08	 4.22091e+08	 
 0.00045	 4.90184e+08	 5.48318e+08	 5.48318e+08	 2.51539e+07	 5.29034e+08	 5.29034e+08	 
  0.0005	 6.05881e+08	 6.77308e+08	 6.77308e+08	 3.4521e+07	 6.43013e+08	 6.43013e+08	 
 0.00055	 7.38433e+08	 8.25101e+08	 8.25101e+08	 4.5159e+07	 7.62056e+08	 7.62056e+08	 
  0.0006	 8.82253e+08	 9.85469e+08	 9.85469e+08	 5.66109e+07	 8.84048e+08	 8.84048e+08	 
 0.00065	 1.0349e+09	 1.15571e+09	 1.15571e+09	 6.85435e+07	 1.00716e+09	 1.00716e+09	 
  0.0007	 1.19653e+09	 1.33599e+09	 1.33599e+09	 8.09962e+07	 1.13052e+09	 1.13052e+09	 
 0.00075	 1.36571e+09	 1.52474e+09	 1.52474e+09	 9.36297e+07	 1.25252e+09	 1.25252e+09	 
  0.0008	 1.54136e+09	 1.72078e+09	 1.72078e+09	 1.0619e+08	 1.37222e+09	 1.37222e+09	 
 0.00085	 1.7221e+09	 1.92258e+09	 1.92258e+09	 1.18498e+08	 1.48843e+09	 1.48843e+09	 
  0.0009	 1.90871e+09	 2.13101e+09	 2.13101e+09	 1.30482e+08	 1.60042e+09	 1.60042e+09	 
 0.00095	 2.09782e+09	 2.34232e+09	 2.34232e+09	 1.42005e+08	 1.70713e+09	 1.70713e+09	 
   0.001	 2.28952e+09	 2.55662e+09	 2.55662e+09	 1.5299e+08	 1.80803e+09	 1.80803e+09	 
 0.00105	 2.48295e+09	 2.77292e+09	 2.77292e+09	 1.63399e+08	 1.90244e+09	 1.90244e+09	 
  0.0011	 2.67725e+09	 2.99029e+09	 2.99029e+09	 1.73168e+08	 1.99032e+09	 1.99032e+09	 
 0.00115	 2.87148e+09	 3.20767e+09	 3.20767e+09	 1.82216e+08	 2.07155e+09	 2.07155e+09	 
  0.0012	 3.06551e+09	 3.42492e+09	 3.42492e+09	 1.90522e+08	 2.14576e+09	 2.14576e+09	 
 0.00125	 3.25797e+09	 3.64048e+09	 3.64048e+09	 1.98143e+08	 2.21269e+09	 2.21269e+09	 
  0.0013	 3.44832e+09	 3.85377e+09	 3.85377e+09	 2.05078e+08	 2.27204e+09	 2.27204e+09	 
 0.00135	 3.63582e+09	 4.06393e+09	 4.06393e+09	 2.11248e+08	 2.32368e+09	 2.32368e+09	 
  0.0014	 3.81979e+09	 4.27023e+09	 4.27023e+09	 2.16631e+08	 2.36803e+09	 2.36803e+09	 
 0.00145	 3.9995e+09	 4.47183e+09	 4.47183e+09	 2.21309e+08	 2.40514e+09	 2.40514e+09	 
  0.0015	 4.17474e+09	 4.66847e+09	 4.66847e+09	 2.25358e+08	 2.43526e+09	 2.43526e+09	 
 0.00155	 4.34609e+09	 4.86082e+09	 4.86082e+09	 2.28694e+08	 2.4585e+09	 2.4585e+09	 
  0.0016	 4.51041e+09	 5.04536e+09	 5.04536e+09	 2.31255e+08	 2.47495e+09	 2.47495e+09	 
 0.00165	 4.66817e+09	 5.2226e+09	 5.2226e+09	 2.33165e+08	 2.48498e+09	 2.48498e+09	 
  0.0017	 4.81953e+09	 5.39272e+09	 5.39272e+09	 2.34485e+08	 2.48895e+09	 2.48895e+09	 
 0.00175	 4.96319e+09	 5.55424e+09	 5.55424e+09	 2.35201e+08	 2.48698e+09	 2.48698e+09	 
  0.0018	 5.10039e+09	 5.70857e+09	 5.70857e+09	 2.35446e+08	 2.47968e+09	 2.47968e+09	 
 0.00185	 5.23e+09	 5.85442e+09	 5.85442e+09	 2.35193e+08	 2.46715e+09	 2.46715e+09	 
  0.0019	 5.35176e+09	 5.99149e+09	 5.99149e+09	 2.34455e+08	 2.44962e+09	 2.44962e+09	 
 0.00195	 5.46562e+09	 6.11974e+09	 6.11974e+09	 2.33236e+08	 2.42723e+09	 2.42723e+09	 
   0.002	 5.57115e+09	 6.23866e+09	 6.23866e+09	 2.31654e+08	 2.40065e+09	 2.40065e+09	 
 0.00205	 5.66842e+09	 6.34834e+09	 6.34834e+09	 2.29656e+08	 2.36993e+09	 2.36993e+09	 
  0.0021	 5.75746e+09	 6.44879e+09	 6.44879e+09	 2.27389e+08	 2.33562e+09	 2.33562e+09	 
 0.00215	 5.83853e+09	 6.54033e+09	 6.54033e+09	 2.24734e+08	 2.29775e+09	 2.29775e+09	 
  0.0022	 5.91095e+09	 6.62217e+09	 6.62217e+09	 2.21789e+08	 2.25676e+09	 2.25676e+09	 
 0.00225	 5.97514e+09	 6.69478e+09	 6.69478e+09	 2.18602e+08	 2.213e+09	 2.213e+09	 
  0.0023	 6.03133e+09	 6.75842e+09	 6.75842e+09	 2.15187e+08	 2.16683e+09	 2.16683e+09	 
 0.00235	 6.07935e+09	 6.81291e+09	 6.81291e+09	 2.11538e+08	 2.11837e+09	 2.11837e+09	 
  0.0024	 6.11945e+09	 6.85849e+09	 6.85849e+09	 2.07716e+08	 2.06802e+09	 2.06802e+09	 
 0.00245	 6.15219e+09	 6.89582e+09	 6.89582e+09	 2.03742e+08	 2.01606e+09	 2.01606e+09	 
  0.0025	 6.17728e+09	 6.92456e+09	 6.92456e+09	 1.99632e+08	 1.96267e+09	 1.96267e+09	 
 0.00255	 6.19515e+09	 6.94519e+09	 6.94519e+09	 1.95434e+08	 1.90823e+09	 1.90823e+09	 
  0.0026	 6.20562e+09	 6.9575e+09	 6.9575e+09	 1.91158e+08	 1.85288e+09	 1.85288e+09	 
 0.00265	 6.20946e+09	 6.96237e+09	 6.96237e+09	 1.86793e+08	 1.79684e+09	 1.79684e+09	 
  0.0027	 6.20665e+09	 6.95976e+09	 6.95976e+09	 1.82364e+08	 1.74036e+09	 1.74036e+09	 
 0.00275	 6.19764e+09	 6.95018e+09	 6.95018e+09	 1.77931e+08	 1.68373e+09	 1.68373e+09	 
  0.0028	 6.1839e+09	 6.93528e+09	 6.93528e+09	 1.73407e+08	 1.62685e+09	 1.62685e+09	 
 0.00285	 6.16314e+09	 6.9125e+09	 6.9125e+09	 1.68893e+08	 1.57016e+09	 1.57016e+09	 
  0.0029	 6.13698e+09	 6.88363e+09	 6.88363e+09	 1.64359e+08	 1.51372e+09	 1.51372e+09	 
 0.00295	 6.10552e+09	 6.84881e+09	 6.84881e+09	 1.59857e+08	 1.45782e+09	 1.45782e+09	 
   0.003	 6.0689e+09	 6.80817e+09	 6.80817e+09	 1.55346e+08	 1.40236e+09	 1.40236e+09	 
 0.00305	 6.02769e+09	 6.76237e+09	 6.76237e+09	 1.5086e+08	 1.34746e+09	 1.34746e+09	 
  0.0031	 5.98217e+09	 6.71172e+09	 6.71172e+09	 1.46409e+08	 1.29342e+09	 1.29342e+09	 
 0.00315	 5.93229e+09	 6.65615e+09	 6.65615e+09	 1.41983e+08	 1.24026e+09	 1.24026e+09	 
  0.0032	 5.87865e+09	 6.59636e+09	 6.59636e+09	 1.37606e+08	 1.18812e+09	 1.18812e+09	 
 0.00325	 5.82149e+09	 6.53258e+09	 6.53258e+09	 1.33296e+08	 1.13701e+09	 1.13701e+09	 
  0.0033	 5.76084e+09	 6.46488e+09	 6.46488e+09	 1.29096e+08	 1.08722e+09	 1.08722e+09	 
 0.00335	 5.69707e+09	 6.39366e+09	 6.39366e+09	 1.24912e+08	 1.03853e+09	 1.03853e+09	 
  0.0034	 5.6303e+09	 6.31905e+09	 6.31905e+09	 1.20793e+08	 9.91164e+08	 9.91164e+08	 
 0.00345	 5.56105e+09	 6.24165e+09	 6.24165e+09	 1.16782e+08	 9.45142e+08	 9.45142e+08	 
  0.0035	 5.48916e+09	 6.16126e+09	 6.16126e+09	 1.12876e+08	 9.00609e+08	 9.00609e+08	 
 0.00355	 5.41522e+09	 6.07856e+09	 6.07856e+09	 1.09024e+08	 8.57325e+08	 8.57325e+08	 
  0.0036	 5.33883e+09	 5.9931e+09	 5.9931e+09	 1.05283e+08	 8.15585e+08	 8.15585e+08	 
 0.00365	 5.26107e+09	 5.90606e+09	 5.90606e+09	 1.01652e+08	 7.75333e+08	 7.75333e+08	 
  0.0037	 5.18129e+09	 5.81676e+09	 5.81676e+09	 9.80607e+07	 7.36353e+08	 7.36353e+08	 
 0.00375	 5.09996e+09	 5.72569e+09	 5.72569e+09	 9.45886e+07	 6.98904e+08	 6.98904e+08	 
  0.0038	 5.0175e+09	 5.63335e+09	 5.63335e+09	 9.12103e+07	 6.6293e+08	 6.6293e+08	 
 0.00385	 4.93359e+09	 5.53937e+09	 5.53937e+09	 8.78849e+07	 6.28248e+08	 6.28248e+08	 
  0.0039	 4.84886e+09	 5.44445e+09	 5.44445e+09	 8.46534e+07	 5.95008e+08	 5.95008e+08	 
 0.00395	 4.76297e+09	 5.34822e+09	 5.34822e+09	 8.1498e+07	 5.63114e+08	 5.63114e+08	 
   0.004	 4.67631e+09	 5.2511e+09	 5.2511e+09	 7.83922e+07	 5.32476e+08	 5.32476e+08	 
 0.00405	 4.58918e+09	 5.15346e+09	 5.15346e+09	 7.53823e+07	 5.03218e+08	 5.03218e+08	 
  0.0041	 4.50147e+09	 5.05515e+09	 5.05515e+09	 7.25011e+07	 4.75378e+08	 4.75378e+08	 
 0.00415	 4.41321e+09	 4.95621e+09	 4.95621e+09	 6.96622e+07	 4.48728e+08	 4.48728e+08	 
  0.0042	 4.32465e+09	 4.85692e+09	 4.85692e+09	 6.69096e+07	 4.23322e+08	 4.23322e+08	 
 0.00425	 4.23592e+09	 4.75743e+09	 4.75743e+09	 6.42749e+07	 3.99195e+08	 3.99195e+08	 
  0.0043	 4.1471e+09	 4.65782e+09	 4.65782e+09	 6.17356e+07	 3.76317e+08	 3.76317e+08	 
 0.00435	 4.05819e+09	 4.55811e+09	 4.55811e+09	 5.926e+07	 3.5451e+08	 3.5451e+08	 
  0.0044	 3.96946e+09	 4.45858e+09	 4.45858e+09	 5.69056e+07	 3.33915e+08	 3.33915e+08	 
 0.00445	 3.88091e+09	 4.35924e+09	 4.35924e+09	 5.46466e+07	 3.14446e+08	 3.14446e+08	 
  0.0045	 3.79251e+09	 4.26006e+09	 4.26006e+09	 5.24477e+07	 2.95958e+08	 2.95958e+08	 
 0.00455	 3.70431e+09	 4.1611e+09	 4.1611e+09	 5.02968e+07	 2.78386e+08	 2.78386e+08	 
  0.0046	 3.61655e+09	 4.06263e+09	 4.06263e+09	 4.82395e+07	 2.61771e+08	 2.61771e+08	 
 0.00465	 3.52932e+09	 3.96475e+09	 3.96475e+09	 4.62593e+07	 2.46134e+08	 2.46134e+08	 
  0.0047	 3.44244e+09	 3.86724e+09	 3.86724e+09	 4.43202e+07	 2.31298e+08	 2.31298e+08	 
 0.00475	 3.35605e+09	 3.77029e+09	 3.77029e+09	 4.24487e+07	 2.17298e+08	 2.17298e+08	 
  0.0048	 3.27023e+09	 3.67397e+09	 3.67397e+09	 4.06082e+07	 2.04019e+08	 2.04019e+08	 
 0.00485	 3.1852e+09	 3.57853e+09	 3.57853e+09	 3.88868e+07	 1.91651e+08	 1.91651e+08	 
  0.0049	 3.10083e+09	 3.48382e+09	 3.48382e+09	 3.72175e+07	 1.77685e+08	 1.77685e+08	 
 0.00495	 3.01727e+09	 3.39001e+09	 3.39001e+09	 3.56063e+07	 1.67258e+08	 1.67258e+08	 
   0.005	 2.93448e+09	 3.29707e+09	 3.29707e+09	 3.40461e+07	 1.5736e+08	 1.5736e+08	 
 0.00505	 2.85266e+09	 3.2052e+09	 3.2052e+09	 3.25714e+07	 1.48045e+08	 1.48045e+08	 
  0.0051	 2.77178e+09	 3.11439e+09	 3.11439e+09	 3.11513e+07	 1.39235e+08	 1.39235e+08	 
 0.00515	 2.69186e+09	 3.02465e+09	 3.02465e+09	 2.97817e+07	 1.30895e+08	 1.30895e+08	 
  0.0052	 2.61298e+09	 2.93608e+09	 2.93608e+09	 2.8474e+07	 1.23e+08	 1.23e+08	 
 0.00525	 2.53515e+09	 2.84868e+09	 2.84868e+09	 2.71992e+07	 1.15537e+08	 1.15537e+08	 
  0.0053	 2.45842e+09	 2.7625e+09	 2.7625e+09	 2.59518e+07	 1.08439e+08	 1.08439e+08	 
 0.00535	 2.38286e+09	 2.67766e+09	 2.67766e+09	 2.47765e+07	 1.01776e+08	 1.01776e+08	 
  0.0054	 2.3085e+09	 2.59414e+09	 2.59414e+09	 2.36392e+07	 9.54951e+07	 9.54951e+07	 
 0.00545	 2.23545e+09	 2.51209e+09	 2.51209e+09	 2.25851e+07	 8.96701e+07	 8.96701e+07	 
  0.0055	 2.1637e+09	 2.4315e+09	 2.4315e+09	 2.15739e+07	 8.41759e+07	 8.41759e+07	 
 0.00555	 2.09314e+09	 2.35224e+09	 2.35224e+09	 2.05754e+07	 7.89535e+07	 7.89535e+07	 
  0.0056	 2.02396e+09	 2.27453e+09	 2.27453e+09	 1.96367e+07	 7.41042e+07	 7.41042e+07	 
 0.00565	 1.95615e+09	 2.19835e+09	 2.19835e+09	 1.87369e+07	 6.95543e+07	 6.95543e+07	 
  0.0057	 1.88975e+09	 2.12376e+09	 2.12376e+09	 1.78871e+07	 6.53153e+07	 6.53153e+07	 
 0.00575	 1.82473e+09	 2.05071e+09	 2.05071e+09	 1.70545e+07	 6.12855e+07	 6.12855e+07	 
  0.0058	 1.76111e+09	 1.97924e+09	 1.97924e+09	 1.6254e+07	 5.74909e+07	 5.74909e+07	 
 0.00585	 1.69894e+09	 1.9094e+09	 1.9094e+09	 1.54816e+07	 5.38793e+07	 5.38793e+07	 
  0.0059	 1.63823e+09	 1.84119e+09	 1.84119e+09	 1.47408e+07	 5.05583e+07	 5.05583e+07	 
 0.00595	 1.57897e+09	 1.77461e+09	 1.77461e+09	 1.40267e+07	 4.74021e+07	 4.74021e+07	 
   0.006	 1.52118e+09	 1.70968e+09	 1.70968e+09	 1.33384e+07	 4.44246e+07	 4.44246e+07	 
 0.00605	 1.46496e+09	 1.64651e+09	 1.64651e+09	 1.27014e+07	 4.16848e+07	 4.16848e+07	 
  0.0061	 1.4102e+09	 1.58498e+09	 1.58498e+09	 1.20931e+07	 3.91187e+07	 3.91187e+07	 
 0.00615	 1.35697e+09	 1.52516e+09	 1.52516e+09	 1.15146e+07	 3.66729e+07	 3.66729e+07	 
  0.0062	 1.30519e+09	 1.46699e+09	 1.46699e+09	 1.09576e+07	 3.44274e+07	 3.44274e+07	 
 0.00625	 1.25491e+09	 1.41049e+09	 1.41049e+09	 1.04241e+07	 3.23171e+07	 3.23171e+07	 
  0.0063	 1.20613e+09	 1.35567e+09	 1.35567e+09	 9.93117e+06	 3.03828e+07	 3.03828e+07	 
 0.00635	 1.15882e+09	 1.3025e+09	 1.3025e+09	 9.46363e+06	 2.8589e+07	 2.8589e+07	 
  0.0064	 1.11294e+09	 1.25094e+09	 1.25094e+09	 9.00646e+06	 2.68879e+07	 2.68879e+07	 
 0.00645	 1.06847e+09	 1.20097e+09	 1.20097e+09	 8.56116e+06	 2.52071e+07	 2.52071e+07	 
  0.0065	 1.02543e+09	 1.15261e+09	 1.15261e+09	 8.13509e+06	 2.37078e+07	 2.37078e+07	 
 0.00655	 9.8377e+08	 1.10579e+09	 1.10579e+09	 7.72751e+06	 2.23019e+07	 2.23019e+07	 
  0.0066	 9.43498e+08	 1.06053e+09	 1.06053e+09	 7.33365e+06	 2.09705e+07	 2.09705e+07	 
 0.00665	 9.04596e+08	 1.01681e+09	 1.01681e+09	 6.96644e+06	 1.97453e+07	 1.97453e+07	 
  0.0067	 8.67035e+08	 9.74599e+08	 9.74599e+08	 6.61347e+06	 1.85913e+07	 1.85913e+07	 
 0.00675	 8.30759e+08	 9.33829e+08	 9.33829e+08	 6.27737e+06	 1.74681e+07	 1.74681e+07	 
  0.0068	 7.95742e+08	 8.94476e+08	 8.94476e+08	 5.94796e+06	 1.64467e+07	 1.64467e+07	 
 0.00685	 7.62024e+08	 8.56581e+08	 8.56581e+08	 5.64762e+06	 1.55195e+07	 1.55195e+07	 
  0.0069	 7.29551e+08	 8.20083e+08	 8.20083e+08	 5.3646e+06	 1.46587e+07	 1.46587e+07	 
 0.00695	 6.98269e+08	 7.84925e+08	 7.84925e+08	 5.09832e+06	 1.38628e+07	 1.38628e+07	 
   0.007	 6.68164e+08	 7.51088e+08	 7.51088e+08	 4.84358e+06	 1.3113e+07	 1.3113e+07	 
 0.00705	 6.39183e+08	 7.18514e+08	 7.18514e+08	 4.59835e+06	 1.24054e+07	 1.24054e+07	 
  0.0071	 6.11331e+08	 6.87209e+08	 6.87209e+08	 4.36934e+06	 1.17377e+07	 1.17377e+07	 
 0.00715	 5.84527e+08	 6.57082e+08	 6.57082e+08	 4.14549e+06	 1.11227e+07	 1.11227e+07	 
  0.0072	 5.58766e+08	 6.28128e+08	 6.28128e+08	 3.93064e+06	 1.05417e+07	 1.05417e+07	 
 0.00725	 5.34027e+08	 6.00322e+08	 6.00322e+08	 3.72878e+06	 1.00051e+07	 1.00051e+07	 
  0.0073	 5.10258e+08	 5.73604e+08	 5.73604e+08	 3.53326e+06	 9.49506e+06	 9.49506e+06	 
 0.00735	 4.87441e+08	 5.47959e+08	 5.47959e+08	 3.34542e+06	 9.01393e+06	 9.01393e+06	 
  0.0074	 4.65539e+08	 5.23342e+08	 5.23342e+08	 3.16471e+06	 8.54311e+06	 8.54311e+06	 
 0.00745	 4.44547e+08	 4.99747e+08	 4.99747e+08	 2.99415e+06	 8.12705e+06	 8.12705e+06	 
  0.0075	 4.24413e+08	 4.77115e+08	 4.77115e+08	 2.83618e+06	 7.74566e+06	 7.74566e+06	 
 0.00755	 4.05131e+08	 4.55441e+08	 4.55441e+08	 2.69101e+06	 7.39971e+06	 7.39971e+06	 
  0.0076	 3.86643e+08	 4.3466e+08	 4.3466e+08	 2.54977e+06	 7.06977e+06	 7.06977e+06	 
 0.00765	 3.68928e+08	 4.14747e+08	 4.14747e+08	 2.41157e+06	 6.75311e+06	 6.75311e+06	 
  0.0077	 3.51973e+08	 3.95689e+08	 3.95689e+08	 2.28562e+06	 6.45275e+06	 6.45275e+06	 
 0.00775	 3.35745e+08	 3.77446e+08	 3.77446e+08	 2.16757e+06	 6.19129e+06	 6.19129e+06	 
  0.0078	 3.20333e+08	 3.60122e+08	 3.60122e+08	 2.05458e+06	 5.94638e+06	 5.94638e+06	 
 0.00785	 3.05489e+08	 3.43435e+08	 3.43435e+08	 1.94876e+06	 5.72012e+06	 5.72012e+06	 
  0.0079	 2.9128e+08	 3.27463e+08	 3.27463e+08	 1.84517e+06	 5.50198e+06	 5.50198e+06	 
 0.00795	 2.77694e+08	 3.12191e+08	 3.12191e+08	 1.74596e+06	 5.29672e+06	 5.29672e+06	 
   0.008	 2.64695e+08	 2.97579e+08	 2.97579e+08	 1.64987e+06	 5.09202e+06	 5.09202e+06	 
 0.00805	 2.52272e+08	 2.83614e+08	 2.83614e+08	 1.55894e+06	 4.91172e+06	 4.91172e+06	 
  0.0081	 2.404e+08	 2.70268e+08	 2.70268e+08	 1.47343e+06	 4.74511e+06	 4.74511e+06	 
 0.00815	 2.2905e+08	 2.5751e+08	 2.5751e+08	 1.39113e+06	 4.58698e+06	 4.58698e+06	 
  0.0082	 2.18223e+08	 2.45339e+08	 2.45339e+08	 1.31871e+06	 4.45069e+06	 4.45069e+06	 
 0.00825	 2.07877e+08	 2.33708e+08	 2.33708e+08	 1.2478e+06	 4.31844e+06	 4.31844e+06	 
  0.0083	 1.97984e+08	 2.22587e+08	 2.22587e+08	 1.17786e+06	 4.18879e+06	 4.18879e+06	 
 0.00835	 1.88538e+08	 2.11969e+08	 2.11969e+08	 1.11045e+06	 4.06156e+06	 4.06156e+06	 
  0.0084	 1.79544e+08	 2.01858e+08	 2.01858e+08	 1.04986e+06	 3.95278e+06	 3.95278e+06	 
 0.00845	 1.70951e+08	 1.92198e+08	 1.92198e+08	   995152	 3.85496e+06	 3.85496e+06	 
  0.0085	 1.62749e+08	 1.82977e+08	 1.82977e+08	   943093	 3.76253e+06	 3.76253e+06	 
 0.00855	 1.54917e+08	 1.74172e+08	 1.74172e+08	   892640	 3.67318e+06	 3.67318e+06	 
  0.0086	 1.47443e+08	 1.6577e+08	 1.6577e+08	   843770	 3.58668e+06	 3.58668e+06	 
 0.00865	 1.40312e+08	 1.57754e+08	 1.57754e+08	   797225	 3.50368e+06	 3.50368e+06	 
  0.0087	 1.33509e+08	 1.50105e+08	 1.50105e+08	   752614	 3.42575e+06	 3.42575e+06	 
 0.00875	 1.27018e+08	 1.42808e+08	 1.42808e+08	   710862	 3.35261e+06	 3.35261e+06	 
  0.0088	 1.20827e+08	 1.35848e+08	 1.35848e+08	   670682	 3.28215e+06	 3.28215e+06	 
 0.00885	 1.14926e+08	 1.29214e+08	 1.29214e+08	   633605	 3.21723e+06	 3.21723e+06	 
  0.0089	 1.09302e+08	 1.22891e+08	 1.22891e+08	   598906	 3.15582e+06	 3.15582e+06	 
 0.00895	 1.03932e+08	 1.16854e+08	 1.16854e+08	   564341	 3.09286e+06	 3.09286e+06	 
   0.009	 9.8817e+07	 1.11104e+08	 1.11104e+08	   531284	 3.03218e+06	 3.03218e+06	 
 0.00905	 9.39434e+07	 1.05625e+08	 1.05625e+08	   500644	 2.97547e+06	 2.97547e+06	 
  0.0091	 8.92986e+07	 1.00403e+08	 1.00403e+08	   472406	 2.92173e+06	 2.92173e+06	 
 0.00915	 8.48775e+07	 9.54323e+07	 9.54323e+07	   447649	 2.87294e+06	 2.87294e+06	 
  0.0092	 8.06659e+07	 9.06972e+07	 9.06972e+07	   423640	 2.82431e+06	 2.82431e+06	 
 0.00925	 7.6651e+07	 8.61832e+07	 8.61832e+07	   400471	 2.77468e+06	 2.77468e+06	 
  0.0093	 7.28253e+07	 8.18821e+07	 8.18821e+07	   378202	 2.727e+06	 2.727e+06	 
 0.00935	 6.91836e+07	 7.77878e+07	 7.77878e+07	   356778	 2.67949e+06	 2.67949e+06	 
  0.0094	 6.57167e+07	 7.389e+07	 7.389e+07	   336692	 2.63304e+06	 2.63304e+06	 
 0.00945	 6.24148e+07	 7.01777e+07	 7.01777e+07	   317940	 2.58845e+06	 2.58845e+06	 
  0.0095	 5.92701e+07	 6.66422e+07	 6.66422e+07	   299280	 2.54237e+06	 2.54237e+06	 
 0.00955	 5.62788e+07	 6.3279e+07	 6.3279e+07	   282389	 2.49827e+06	 2.49827e+06	 
  0.0096	 5.34332e+07	 6.00798e+07	 6.00798e+07	   266226	 2.45427e+06	 2.45427e+06	 
 0.00965	 5.07236e+07	 5.70333e+07	 5.70333e+07	   250774	 2.4105e+06	 2.4105e+06	 
  0.0097	 4.81439e+07	 5.4133e+07	 5.4133e+07	   235643	 2.36596e+06	 2.36596e+06	 
 0.00975	 4.5692e+07	 5.13763e+07	 5.13763e+07	   221754	 2.32239e+06	 2.32239e+06	 
  0.0098	 4.33614e+07	 4.8756e+07	 4.8756e+07	   209072	 2.28025e+06	 2.28025e+06	 
 0.00985	 4.1146e+07	 4.6265e+07	 4.6265e+07	   197659	 2.23896e+06	 2.23896e+06	 
  0.0099	 3.90398e+07	 4.3897e+07	 4.3897e+07	   186833	 2.19773e+06	 2.19773e+06	 
 0.00995	 3.70369e+07	 4.16449e+07	 4.16449e+07	   176370	 2.15615e+06	 2.15615e+06	 
    0.01	 3.51331e+07	 3.95043e+07	 3.95043e+07	   166474	 2.11486e+06	 2.11486e+06	 
 0.01005	 3.33234e+07	 3.74696e+07	 3.74696e+07	   157151	 2.0738e+06	 2.0738e+06	 
  0.0101	 3.16041e+07	 3.55365e+07	 3.55365e+07	   148339	 2.033e+06	 2.033e+06	 
 0.01015	 2.99695e+07	 3.36986e+07	 3.36986e+07	   139543	 1.99133e+06	 1.99133e+06	 
  0.0102	 2.84163e+07	 3.19523e+07	 3.19523e+07	   131278	 1.95014e+06	 1.95014e+06	 
 0.01025	 2.69422e+07	 3.02948e+07	 3.02948e+07	   123926	 1.90981e+06	 1.90981e+06	 
  0.0103	 2.55415e+07	 2.87199e+07	 2.87199e+07	   116714	 1.86952e+06	 1.86952e+06	 
 0.01035	 2.42111e+07	 2.7224e+07	 2.7224e+07	   109790	 1.8292e+06	 1.8292e+06	 
  0.0104	 2.2947e+07	 2.58028e+07	 2.58028e+07	   102948	 1.78854e+06	 1.78854e+06	 
 0.01045	 2.17478e+07	 2.44544e+07	 2.44544e+07	  96712.8	 1.74861e+06	 1.74861e+06	 
  0.0105	 2.06093e+07	 2.31743e+07	 2.31743e+07	  90923.3	 1.70918e+06	 1.70918e+06	 
 0.01055	 1.95298e+07	 2.19605e+07	 2.19605e+07	  85868.6	 1.6708e+06	 1.6708e+06	 
  0.0106	 1.85054e+07	 2.08087e+07	 2.08087e+07	  81159.8	 1.63274e+06	 1.63274e+06	 
 0.01065	 1.75333e+07	 1.97156e+07	 1.97156e+07	  76668.3	 1.59482e+06	 1.59482e+06	 
  0.0107	 1.66106e+07	 1.8678e+07	 1.8678e+07	  72320.9	 1.55743e+06	 1.55743e+06	 
 0.01075	 1.57355e+07	 1.76941e+07	 1.76941e+07	  68227.7	 1.52036e+06	 1.52036e+06	 
  0.0108	 1.49047e+07	 1.67599e+07	 1.67599e+07	  64279.8	 1.48356e+06	 1.48356e+06	 
 0.01085	 1.41165e+07	 1.58736e+07	 1.58736e+07	  60385.5	 1.4469e+06	 1.4469e+06	 
  0.0109	 1.33697e+07	 1.50339e+07	 1.50339e+07	  56983.1	 1.41126e+06	 1.41126e+06	 
 0.01095	 1.26615e+07	 1.42376e+07	 1.42376e+07	  53750.9	 1.37611e+06	 1.37611e+06	 
   0.011	 1.19892e+07	 1.34817e+07	 1.34817e+07	  50555.4	 1.34113e+06	 1.34113e+06	 
 0.01105	 1.13517e+07	 1.27649e+07	 1.27649e+07	  47391.8	 1.30635e+06	 1.30635e+06	 
  0.0111	 1.07471e+07	 1.20851e+07	 1.20851e+07	  44296.5	 1.27184e+06	 1.27184e+06	 
 0.01115	 1.01743e+07	 1.1441e+07	 1.1441e+07	  41509.6	 1.23832e+06	 1.23832e+06	 
  0.0112	 9.63132e+06	 1.08305e+07	 1.08305e+07	  38990.7	 1.2055e+06	 1.2055e+06	 
 0.01125	 9.11749e+06	 1.02527e+07	 1.02527e+07	    36862	 1.17366e+06	 1.17366e+06	 
  0.0113	 8.63033e+06	 9.70488e+06	 9.70488e+06	  34847.4	 1.14239e+06	 1.14239e+06	 
 0.01135	 8.16868e+06	 9.18576e+06	 9.18576e+06	  32886.9	 1.11144e+06	 1.11144e+06	 
  0.0114	 7.73142e+06	 8.69407e+06	 8.69407e+06	  31058.3	 1.08109e+06	 1.08109e+06	 
 0.01145	 7.31662e+06	 8.22763e+06	 8.22763e+06	  29294.8	 1.05137e+06	 1.05137e+06	 
  0.0115	 6.92363e+06	 7.78573e+06	 7.78573e+06	  27542.6	 1.02202e+06	 1.02202e+06	 
 0.01155	 6.55144e+06	 7.36721e+06	 7.36721e+06	  25915.5	   993364	   993364	 
  0.0116	 6.19912e+06	 6.97103e+06	 6.97103e+06	  24456.5	   965410	   965410	 
 0.01165	 5.86504e+06	 6.59537e+06	 6.59537e+06	    22987	   937733	   937733	 
  0.0117	 5.54852e+06	 6.23946e+06	 6.23946e+06	  21563.1	   910702	   910702	 
 0.01175	 5.24867e+06	 5.90229e+06	 5.90229e+06	  20188.5	   884208	   884208	 
  0.0118	 4.96456e+06	 5.58284e+06	 5.58284e+06	  18840.4	   858198	   858198	 
 0.01185	 4.696e+06	 5.28085e+06	 5.28085e+06	  17679.9	   832990	   832990	 
  0.0119	 4.4414e+06	 4.99455e+06	 4.99455e+06	  16576.3	   808349	   808349	 
 0.01195	 4.20075e+06	 4.72394e+06	 4.72394e+06	    15659	   784574	   784574	 
   0.012	 3.97292e+06	 4.46773e+06	 4.46773e+06	  14809.3	   760959	   760959	 
 0.01205	 3.7572e+06	 4.22515e+06	 4.22515e+06	  13985.6	   738257	   738257	 
  0.0121	 3.55292e+06	 3.99543e+06	 3.99543e+06	  13198.7	   716013	   716013	 
 0.01215	 3.35953e+06	 3.77796e+06	 3.77796e+06	  12428.5	   694312	   694312	 
  0.0122	 3.17629e+06	 3.57191e+06	 3.57191e+06	  11639.9	   673039	   673039	 
 0.01225	 3.00306e+06	 3.3771e+06	 3.3771e+06	  10973.9	   652396	   652396	 
  0.0123	 2.83907e+06	 3.1927e+06	 3.1927e+06	  10328.2	   632256	   632256	 
 0.01235	 2.68383e+06	 3.01813e+06	 3.01813e+06	  9705.97	   612387	   612387	 
  0.0124	 2.53688e+06	 2.85289e+06	 2.85289e+06	  9092.08	   593182	   593182	 
 0.01245	 2.39777e+06	 2.69646e+06	 2.69646e+06	  8494.41	   574414	   574414	 
  0.0125	 2.26612e+06	 2.54843e+06	 2.54843e+06	  7921.69	   556027	   556027	 
 0.01255	 2.14155e+06	 2.40834e+06	 2.40834e+06	  7362.44	   538122	   538122	 
  0.0126	 2.02386e+06	 2.27601e+06	 2.27601e+06	  6918.49	   520942	   520942	 
 0.01265	 1.91267e+06	 2.15096e+06	 2.15096e+06	  6549.41	   504256	   504256	 
  0.0127	 1.80743e+06	 2.03261e+06	 2.03261e+06	  6185.07	   488022	   488022	 
 0.01275	 1.70789e+06	 1.92066e+06	 1.92066e+06	  5842.29	   472015	   472015	 
  0.0128	 1.61372e+06	 1.81477e+06	 1.81477e+06	  5508.58	   456653	   456653	 
 0.01285	 1.52461e+06	 1.71456e+06	 1.71456e+06	  5177.25	   441672	   441672	 
  0.0129	 1.44027e+06	 1.61972e+06	 1.61972e+06	  4822.25	   427084	   427084	 
 0.01295	 1.36062e+06	 1.53014e+06	 1.53014e+06	  4547.52	   412780	   412780	 
   0.013	 1.28531e+06	 1.44546e+06	 1.44546e+06	  4279.07	   399026	   399026	 
 0.01305	 1.21399e+06	 1.36525e+06	 1.36525e+06	  3988.32	   385630	   385630	 
  0.0131	 1.14661e+06	 1.28949e+06	 1.28949e+06	  3733.93	   372474	   372474	 
 0.01315	 1.08281e+06	 1.21774e+06	 1.21774e+06	  3449.36	   359743	   359743	 
  0.0132	 1.02254e+06	 1.14997e+06	 1.14997e+06	  3209.08	   347319	   347319	 
 0.01325	   965653	 1.086e+06	 1.086e+06	  3010.09	   335423	   335423	 
  0.0133	   911874	 1.02552e+06	 1.02552e+06	  2826.27	   323869	   323869	 
 0.01335	   861030	   968341	   968341	  2632.39	   312665	   312665	 
  0.0134	   813037	   914366	   914366	  2487.54	   301806	   301806	 
 0.01345	   767673	   863348	   863348	  2349.41	   291267	   291267	 
  0.0135	   724798	   815130	   815130	  2211.97	   281017	   281017	 
 0.01355	   684189	   769466	   769466	  2043.97	   271046	   271046	 
  0.0136	   645922	   726430	   726430	  1926.23	   261409	   261409	 
 0.01365	   609751	   685750	   685750	  1816.64	   252052	   252052	 
  0.0137	   575501	   647235	   647235	   1684.1	   242951	   242951	 
 0.01375	   543185	   610894	   610894	  1571.12	   234149	   234149	 
  0.0138	   512619	   576522	   576522	  1443.33	   225509	   225509	 
 0.01385	   483783	   544094	   544094	  1345.92	   217234	   217234	 
  0.0139	   456551	   513468	   513468	  1256.66	   209222	   209222	 
 0.01395	   430840	   484553	   484553	  1176.59	   201467	   201467	 
   0.014	   406560	   457247	   457247	  1103.36	   193958	   193958	 
 0.01405	   383651	   431482	   431482	  1043.45	   186678	   186678	 
  0.0141	   362020	   407154	   407154	  987.691	   179659	   179659	 
 0.01415	   341585	   384171	   384171	  932.398	   172807	   172807	 
  0.0142	   322282	   362462	   362462	  877.595	   166226	   166226	 
 0.01425	   304047	   341954	   341954	  821.202	   159828	   159828	 
  0.0143	   286841	   322603	   322603	  772.917	   153672	   153672	 
 0.01435	   270596	   304333	   304333	  729.366	   147676	   147676	 
  0.0144	   255216	   287038	   287038	  667.671	   141904	   141904	 
 0.01445	   240734	   270751	   270751	  625.917	   136314	   136314	 
  0.0145	   227056	   255367	   255367	  584.775	   130899	   130899	 
 0.01455	   214140	   240842	   240842	  544.168	   125677	   125677	 
  0.0146	   201956	   227139	   227139	  508.151	   120609	   120609	 
 0.01465	   190457	   214207	   214207	  475.068	   115753	   115753	 
  0.0147	   179598	   201995	   201995	  439.688	   111059	   111059	 
 0.01475	   169369	   190491	   190491	  416.683	   106467	   106467	 
  0.0148	   159697	   179613	   179613	  384.152	   102105	   102105	 
 0.01485	   150586	   169366	   169366	  362.379	  97902.5	  97902.5	 
  0.0149	   141976	   159683	   159683	  336.283	  93843.6	  93843.6	 
 0.01495	   133865	   150560	   150560	  317.584	  89764.7	  89764.7	 
   0.015	   126194	   141933	   141933	  291.654	  85998.7	  85998.7	 
 0.01505	   118974	   133813	   133813	  274.984	  82374.8	  82374.8	 
  0.0151	   112157	   126146	   126146	  254.919	  78874.2	  78874.2	 
 0.01515	   105728	   118915	   118915	   238.57	  75504.5	  75504.5	 
  0.0152	  99650.2	   112081	   112081	  217.812	  72257.6	  72257.6	 
 0.01525	  93919.6	   105636	   105636	  199.816	  69128.8	  69128.8	 
  0.0153	  88507.8	    99550	    99550	  178.677	  66116.4	  66116.4	 
 0.01535	  83414.8	  93822.1	  93822.1	  164.802	  63220.5	  63220.5	 
  0.0154	  78577.6	  88383.8	  88383.8	  135.804	  60431.9	  60431.9	 
 0.01545	  74059.9	  83302.2	  83302.2	  128.987	  57756.9	  57756.9	 
  0.0155	  69801.1	  78511.9	  78511.9	  122.162	  55190.3	  55190.3	 
 0.01555	  65780.7	  73989.7	  73989.7	  115.329	  52719.5	  52719.5	 
  0.0156	  61891.7	  69620.7	  69620.7	  66.1783	  50323.4	  50323.4	 
 0.01565	  58325.2	  65608.8	  65608.8	  62.7369	  48045.9	  48045.9	 
  0.0157	  54958.9	  61822.1	  61822.1	  59.2952	    45856	    45856	 
 0.01575	  51787.2	  58254.3	  58254.3	  55.8533	  43757.6	  43757.6	 
  0.0158	  48795.2	  54888.7	  54888.7	   52.411	  41740.1	  41740.1	 
 0.01585	    45974	  51715.2	  51715.2	  48.9682	  39805.5	  39805.5	 
  0.0159	  43313.7	  48722.8	  48722.8	   45.525	  37950.5	  37950.5	 
 0.01595	  40805.2	  45901.1	  45901.1	  42.0811	  36172.1	  36172.1	 
   0.016	  38441.4	  43242.1	  43242.1	  39.0975	  34442.8	  34442.8	 
 0.01605	  36212.6	  40735.2	  40735.2	  36.1347	  32812.4	  32812.4	 
  0.0161	  34112.9	  38373.2	  38373.2	  33.9172	  31240.1	  31240.1	 
 0.01615	  32135.7	    36149	    36149	  32.4445	  29747.6	  29747.6	 
  0.0162	  30271.5	  34051.9	  34051.9	  30.9718	  28319.2	  28319.2	 
 0.01625	  28514.2	  32075.1	  32075.1	  29.4991	  26953.3	  26953.3	 
  0.0163	  26858.2	  30212.3	  30212.3	  28.0262	  25646.6	  25646.6	 
 0.01635	    25297	  28456.2	  28456.2	  26.5532	  24396.9	  24396.9	 
  0.0164	  23825.6	    26801	    26801	  25.0802	  23203.1	  23203.1	 
 0.01645	    22439	  25241.3	  25241.3	   23.607	  22062.2	  22062.2	 
  0.0165	  21131.9	  23770.9	  23770.9	  22.1336	  20972.5	  20972.5	 
 0.01655	  19900.2	  22385.4	  22385.4	    20.66	    19932	    19932	 
  0.0166	  18739.5	  21079.8	  21079.8	  19.1861	    18939	    18939	 
 0.01665	  17629.6	  19832.1	  19832.1	  10.9624	    17988	    17988	 
  0.0167	    16600	    18674	    18674	   10.106	  17084.4	  17084.4	 
 0.01675	  15629.9	  17582.7	  17582.7	   9.2501	  16222.9	  16222.9	 
  0.0168	  14709.3	  16547.5	  16547.5	  5.51737	  15392.8	  15392.8	 
 0.01685	  13849.7	  15580.4	  15580.4	  5.28531	  14610.6	  14610.6	 
  0.0169	  13039.8	  14669.3	  14669.3	  5.05326	  13865.6	  13865.6	 
 0.01695	  12276.8	  13810.9	  13810.9	   4.8212	    13156	    13156	 
   0.017	  11557.9	  13002.2	  13002.2	  4.58914	  12480.5	  12480.5	 
 0.01705	  10880.8	  12240.5	  12240.5	  4.35708	  11837.6	  11837.6	 
  0.0171	  10243.2	  11523.2	  11523.2	  4.12502	  11225.4	  11225.4	 
 0.01715	  9642.19	  10847.1	  10847.1	  3.89296	  10643.3	  10643.3	 
  0.0172	  9076.35	  10210.6	  10210.6	   3.6609	  10089.5	  10089.5	 
 0.01725	  8543.33	  9610.92	  9610.92	  3.42884	  9562.76	  9562.76	 
  0.0173	  8041.58	  9046.48	  9046.48	  3.19678	  9062.27	  9062.27	 
 0.01735	   7568.8	  8514.62	  8514.62	  2.96471	  8586.36	  8586.36	 
  0.0174	  7123.45	  8013.63	  8013.63	  2.73264	   8134.2	   8134.2	 
 0.01745	     6704	  7541.77	  7541.77	  2.50102	  7704.82	  7704.82	 
  0.0175	  6305.06	  7093.22	  7093.22	 0.429641	  7295.67	  7295.67	 
 0.01755	  5933.54	  6675.26	  6675.26	 0.411159	  6908.22	  6908.22	 
  0.0176	  5584.05	  6282.07	  6282.07	 0.392677	  6540.78	  6540.78	 
 0.01765	  5254.91	  5911.79	  5911.79	 0.374195	  6192.07	  6192.07	 
  0.0177	  4944.94	  5563.08	  5563.08	 0.355713	  5860.87	  5860.87	 
 0.01775	  4653.05	   5234.7	   5234.7	 0.337231	  5546.74	  5546.74	 
  0.0178	  4378.31	  4925.61	  4925.61	 0.318748	  5248.87	  5248.87	 
 0.01785	   4119.7	  4634.67	  4634.67	 0.300266	  4966.41	  4966.41	 
  0.0179	   3876.2	  4360.74	  4360.74	 0.281784	  4698.53	  4698.53	 
 0.01795	     3647	  4102.88	  4102.88	 0.263302	  4444.39	  4444.39	 
   0.018	  3431.25	  3860.17	  3860.17	 0.244819	  4204.01	  4204.01	 
 0.01805	  3228.16	  3631.69	  3631.69	 0.226337	  3975.74	  3975.74	 
  0.0181	  3037.02	  3416.66	  3416.66	 0.207854	   3759.6	   3759.6	 
 0.01815	  2856.94	  3214.08	  3214.08	 0.141499	  3554.77	  3554.77	 
  0.0182	  2687.33	  3023.28	  3023.28	 9.6411e-35	  3360.77	  3360.77	 
 0.01825	  2527.97	     2844	     2844	 9.6411e-35	   3177.1	   3177.1	 
  0.0183	  2378.02	   2675.3	   2675.3	 9.6411e-35	  3003.17	  3003.17	 
 0.01835	  2236.87	   2516.5	   2516.5	 9.6411e-35	  2838.49	  2838.49	 
  0.0184	  2104.04	  2367.08	  2367.08	 9.6411e-35	  2682.55	  2682.55	 
 0.01845	  1979.07	  2226.47	  2226.47	 9.6411e-35	  2534.99	  2534.99	 
  0.0185	  1861.44	  2094.15	  2094.15	 9.6411e-35	  2395.35	  2395.35	 
 0.01855	  1750.77	  1969.64	  1969.64	 9.6411e-35	  2263.21	  2263.21	 
  0.0186	  1646.64	  1852.49	  1852.49	 9.6411e-35	  2138.14	  2138.14	 
 0.01865	  1548.68	  1742.28	  1742.28	 9.6411e-35	  2019.83	  2019.83	 
  0.0187	  1456.46	  1638.54	  1638.54	 9.6411e-35	  1907.93	  1907.93	 
 0.01875	  1369.74	  1540.97	  1540.97	 9.6411e-35	  1802.08	  1802.08	 
  0.0188	  1288.11	  1449.14	  1449.14	 9.6411e-35	  1701.97	  1701.97	 
 0.01885	  1211.33	  1362.76	  1362.76	 9.6411e-35	  1607.32	  1607.32	 
  0.0189	  1139.11	  1281.51	  1281.51	 9.6411e-35	  1517.79	  1517.79	 
 0.01895	  1071.12	  1205.02	  1205.02	 9.6411e-35	  1433.18	  1433.18	 
   0.019	  1007.18	  1133.09	  1133.09	 9.6411e-35	  1353.15	  1353.15	 
 0.01905	  947.066	  1065.46	  1065.46	 9.6411e-35	  1277.54	  1277.54	 
  0.0191	  890.512	  1001.84	  1001.84	 9.6411e-35	  1206.05	  1206.05	 
 0.01915	  837.265	  941.933	  941.933	 9.6411e-35	  1138.48	  1138.48	 
  0.0192	  787.222	  885.635	  885.635	 9.6411e-35	  1074.65	  1074.65	 
 0.01925	  740.153	  832.682	  832.682	 9.6411e-35	  1014.33	  1014.33	 
  0.0193	  695.853	  782.843	  782.843	 9.6411e-35	  957.341	  957.341	 
 0.01935	   654.22	  736.005	  736.005	 9.6411e-35	  903.475	  903.475	 
  0.0194	  615.021	  691.906	  691.906	 9.6411e-35	  852.608	  852.608	 
 0.01945	  578.207	   650.49	   650.49	 9.6411e-35	  804.533	  804.533	 
  0.0195	  543.541	  611.491	  611.491	 9.6411e-35	  759.124	  759.124	 
 0.01955	  510.957	  574.833	  574.833	 9.6411e-35	  716.256	  716.256	 
  0.0196	  480.314	  540.359	  540.359	 9.6411e-35	  675.763	  675.763	 
 0.01965	  451.508	  507.953	  507.953	 9.6411e-35	  637.519	  637.519	 
  0.0197	  424.411	  477.467	  477.467	 9.6411e-35	    601.4	    601.4	 
 0.01975	   398.93	  448.802	  448.802	 9.6411e-35	  567.322	  567.322	 
  0.0198	  374.971	  421.847	  421.847	 9.6411e-35	   535.12	   535.12	 
 0.01985	  352.438	  396.498	  396.498	 9.6411e-35	   504.75	   504.75	 
  0.0199	  331.255	  372.666	  372.666	 9.6411e-35	  476.046	  476.046	 
 0.01995	  311.338	  350.259	  350.259	 9.6411e-35	  448.967	  448.967	 
    0.02	  292.611	  329.191	  329.191	 9.6411e-35	  423.388	  423.388	 
 0.02005	  275.003	  309.382	  309.382	 9.6411e-35	  399.275	  399.275	 
  0.0201	  258.447	  290.756	  290.756	 9.6411e-35	    376.5	    376.5	 
 0.02015	  242.886	   273.25	   273.25	 9.6411e-35	  355.008	  355.008	 
  0.0202	  228.253	  256.787	  256.787	 9.6411e-35	  334.728	  334.728	 
 0.02025	  214.501	  241.316	  241.316	 9.6411e-35	  315.589	  315.589	 
  0.0203	   201.57	  226.769	  226.769	 9.6411e-35	  297.534	  297.534	 
 0.02035	  189.413	  213.092	  213.092	 9.6411e-35	  280.495	  280.495	 
  0.0204	  177.987	  200.238	  200.238	 9.6411e-35	  264.418	  264.418	 
 0.02045	  167.245	  188.153	  188.153	 9.6411e-35	  249.254	  249.254	 
  0.0205	  157.152	  176.798	  176.798	 9.6411e-35	  234.948	  234.948	 
 0.02055	  147.661	  166.121	  166.121	 9.6411e-35	  221.455	  221.455	 
  0.0206	  138.742	  156.087	  156.087	 9.6411e-35	  208.724	  208.724	 
 0.02065	  130.357	  146.653	  146.653	 9.6411e-35	  196.717	  196.717	 
  0.0207	  122.476	  137.787	  137.787	 9.6411e-35	  185.394	  185.394	 
 0.02075	   115.07	  129.455	  129.455	 9.6411e-35	  174.717	  174.717	 
  0.0208	  108.109	  121.624	  121.624	 9.6411e-35	  164.643	  164.643	 
 0.02085	  101.567	  114.264	  114.264	 9.6411e-35	  155.145	  155.145	 
  0.0209	  95.4193	  107.348	  107.348	 9.6411e-35	  146.188	  146.188	 
 0.02095	  89.6408	  100.847	  100.847	 9.6411e-35	  137.744	  137.744	 
   0.021	   84.211	  94.7384	  94.7384	 9.6411e-35	  129.783	  129.783	 
 0.02105	  79.1067	  88.9961	  88.9961	 9.6411e-35	  122.271	  122.271	 
  0.0211	  74.3127	  83.6027	  83.6027	 9.6411e-35	  115.193	  115.193	 
 0.02115	  69.8058	  78.5324	  78.5324	 9.6411e-35	  108.524	  108.524	 
  0.0212	  65.5732	  73.7707	  73.7707	 9.6411e-35	  102.233	  102.233	 
 0.02125	  61.5944	  69.2945	  69.2945	 9.6411e-35	  96.3048	  96.3048	 
  0.0213	  57.8566	  65.0894	  65.0894	 9.6411e-35	  90.7141	  90.7141	 
 0.02135	  54.3431	  61.1367	  61.1367	 9.6411e-35	  85.4441	  85.4441	 
  0.0214	  51.0434	  57.4245	  57.4245	 9.6411e-35	  80.4783	  80.4783	 
 0.02145	  47.9429	  53.9364	  53.9364	 9.6411e-35	  75.7999	  75.7999	 
  0.0215	  45.0296	  50.6589	  50.6589	 9.6411e-35	  71.3881	  71.3881	 
 0.02155	  42.2924	  47.5795	  47.5795	 9.6411e-35	  67.2347	  67.2347	 
  0.0216	  39.7205	  44.6861	  44.6861	 9.6411e-35	  63.3145	  63.3145	 
 0.02165	  37.3045	  41.9681	  41.9681	 9.6411e-35	  59.6234	  59.6234	 
  0.0217	  35.0347	  39.4145	  39.4145	 9.6411e-35	   56.149	   56.149	 
 0.02175	  32.9025	  37.0157	  37.0157	 9.6411e-35	  52.8704	  52.8704	 
  0.0218	  30.8992	   34.762	   34.762	 9.6411e-35	  49.7834	  49.7834	 
 0.02185	  29.0175	  32.6451	  32.6451	 9.6411e-35	  46.8755	  46.8755	 
  0.0219	  27.2496	  30.6562	  30.6562	 9.6411e-35	  44.1343	  44.1343	 
 0.02195	  25.5891	  28.7881	  28.7881	 9.6411e-35	  41.5514	  41.5514	 
   0.022	  24.0294	  27.0334	  27.0334	 9.6411e-35	  39.1189	  39.1189	 
 0.02205	   22.564	  25.3848	  25.3848	 9.6411e-35	   36.828	   36.828	 
  0.0221	  21.1878	  23.8366	  23.8366	 9.6411e-35	  34.6696	  34.6696	 
 0.02215	  19.8953	  22.3824	  22.3824	 9.6411e-35	  32.6367	  32.6367	 
  0.0222	  18.6808	  21.0162	  21.0162	 9.6411e-35	   30.722	   30.722	 
 0.02225	  17.5405	  19.7333	  19.7333	 9.6411e-35	  28.9185	  28.9185	 
  0.0223	  16.4694	  18.5283	  18.5283	 9.6411e-35	  27.2201	  27.2201	 
 0.02235	  15.4635	  17.3966	  17.3966	 9.6411e-35	  25.6203	  25.6203	 
  0.0224	  14.5185	  16.3335	  16.3335	 9.6411e-35	  24.1139	  24.1139	 
 0.02245	  13.6312	  15.3353	  15.3353	 9.6411e-35	  22.6954	  22.6954	 
  0.0225	   12.798	  14.3979	  14.3979	 9.6411e-35	  21.3594	  21.3594	 
 0.02255	  12.0153	  13.5174	  13.5174	 9.6411e-35	  20.1017	  20.1017	 
  0.0226	  11.2803	  12.6905	  12.6905	 9.6411e-35	  18.9169	  18.9169	 
 0.02265	    10.59	  11.9138	  11.9138	 9.6411e-35	  17.8016	  17.8016	 
  0.0227	  9.94186	  11.1847	  11.1847	 9.6411e-35	  16.7518	  16.7518	 
 0.02275	  9.33325	     10.5	     10.5	 9.6411e-35	  15.7632	  15.7632	 
  0.0228	  8.76181	  9.85714	  9.85714	 9.6411e-35	  14.8321	  14.8321	 
 0.02285	  8.22498	  9.25321	  9.25321	 9.6411e-35	   13.956	   13.956	 
  0.0229	  7.72071	  8.68589	  8.68589	 9.6411e-35	  13.1311	  13.1311	 
 0.02295	  7.24771	  8.15377	  8.15377	 9.6411e-35	  12.3546	  12.3546	 
   0.023	  6.80343	  7.65395	  7.65395	 9.6411e-35	  11.6235	  11.6235	 
 0.02305	  6.38607	  7.18441	  7.18441	 9.6411e-35	  10.9353	  10.9353	 
  0.0231	   5.9946	    6.744	    6.744	 9.6411e-35	  10.2879	  10.2879	 
 0.02315	  5.62671	  6.33012	  6.33012	 9.6411e-35	  9.67839	  9.67839	 
  0.0232	  5.28141	  5.94166	  5.94166	 9.6411e-35	  9.10432	  9.10432	 
 0.02325	  4.95711	  5.57681	  5.57681	 9.6411e-35	  8.56441	  8.56441	 
  0.0233	  4.65268	  5.23432	  5.23432	 9.6411e-35	  8.05616	  8.05616	 
 0.02335	  4.36688	   4.9128	   4.9128	 9.6411e-35	  7.57791	  7.57791	 
  0.0234	  4.09857	  4.61094	  4.61094	 9.6411e-35	  7.12798	  7.12798	 
 0.02345	  3.84671	   4.3276	   4.3276	 9.6411e-35	   6.7043	   6.7043	 
  0.0235	  3.61024	  4.06157	  4.06157	 9.6411e-35	  6.30562	  6.30562	 
 0.02355	  3.38826	  3.81183	  3.81183	 9.6411e-35	  5.93068	  5.93068	 
  0.0236	  3.17986	  3.57738	  3.57738	 9.6411e-35	   5.5774	   5.5774	 
 0.02365	  2.98422	  3.35729	  3.35729	 9.6411e-35	  5.24538	  5.24538	 
  0.0237	  2.80059	   3.1507	   3.1507	 9.6411e-35	  4.93293	  4.93293	 
 0.02375	  2.62821	  2.95677	  2.95677	 9.6411e-35	  4.63923	  4.63923	 
  0.0238	  2.46642	  2.77475	  2.77475	 9.6411e-35	  4.36261	  4.36261	 
 0.02385	  2.31452	  2.60386	  2.60386	 9.6411e-35	  4.10232	  4.10232	 
  0.0239	  2.17193	  2.44345	  2.44345	 9.6411e-35	  3.85752	  3.85752	 
 0.02395	  2.03813	  2.29292	  2.29292	 9.6411e-35	  3.62723	  3.62723	 
   0.024	  1.91251	   2.1516	   2.1516	 9.6411e-35	   3.4106	   3.4106	 
 0.02405	  1.79461	  2.01896	  2.01896	 9.6411e-35	   3.2068	   3.2068	 
  0.0241	  1.68394	  1.89445	  1.89445	 9.6411e-35	  3.01512	  3.01512	 
 0.02415	  1.58008	  1.77761	  1.77761	 9.6411e-35	  2.83482	  2.83482	 
  0.0242	  1.48261	  1.66796	  1.66796	 9.6411e-35	  2.66522	  2.66522	 
 0.02425	  1.39114	  1.56505	  1.56505	 9.6411e-35	  2.50567	  2.50567	 
  0.0243	  1.30526	  1.46843	  1.46843	 9.6411e-35	  2.35565	  2.35565	 
 0.02435	  1.22468	  1.37779	  1.37779	 9.6411e-35	  2.21451	  2.21451	 
  0.0244	  1.14906	   1.2927	   1.2927	 9.6411e-35	  2.08182	  2.08182	 
 0.02445	  1.07807	  1.21284	  1.21284	 9.6411e-35	  1.95701	  1.95701	 
  0.0245	  1.01149	  1.13794	  1.13794	 9.6411e-35	  1.83961	  1.83961	 
 0.02455	 0.948963	   1.0676	   1.0676	 9.6411e-35	  1.72921	  1.72921	 
  0.0246	 0.890306	  1.00161	  1.00161	 9.6411e-35	  1.62544	  1.62544	 
 0.02465	 0.835265	 0.939684	 0.939684	 9.6411e-35	  1.52783	  1.52783	 
  0.0247	 0.783607	 0.881568	 0.881568	 9.6411e-35	  1.43601	  1.43601	 
 0.02475	 0.735154	 0.827058	 0.827058	 9.6411e-35	  1.34969	  1.34969	 
  0.0248	 0.689675	 0.775893	 0.775893	 9.6411e-35	  1.26854	  1.26854	 
 0.02485	 0.646964	 0.727843	 0.727843	 9.6411e-35	  1.19226	  1.19226	 
  0.0249	 0.606945	 0.682821	 0.682821	 9.6411e-35	  1.12052	  1.12052	 
 0.02495	 0.569337	 0.640511	 0.640511	 9.6411e-35	  1.05307	  1.05307	 
   0.025	 0.534092	  0.60086	  0.60086	 9.6411e-35	 0.989627	 0.989627	 
       0	        0	        0	        0	        0	        0	        0	 
