0.000000e+00 0.000000e+00 0.000000e+00 0.000000e+00 0.000000e+00 0.000000e+00 0.000000e+00 
5.000000e-05 3.891950e+07 1.640194e+03 1.640194e+03 2.597927e+07 2.268637e+03 2.268637e+03 
1.000000e-04 1.582670e+08 2.236255e+05 2.236255e+05 1.064396e+08 2.885616e+05 2.885616e+05 
1.500000e-04 3.738461e+08 1.889393e+06 1.889393e+06 2.600345e+08 2.301594e+06 2.301594e+06 
2.000000e-04 7.265087e+08 8.763764e+06 8.763764e+06 5.391876e+08 1.041334e+07 1.041334e+07 
2.500000e-04 1.269149e+09 2.755409e+07 2.755409e+07 1.009344e+09 3.210867e+07 3.210867e+07 
3.000000e-04 2.010456e+09 6.302414e+07 6.302414e+07 1.681790e+09 7.233987e+07 7.233987e+07 
3.500000e-04 2.929204e+09 1.183059e+08 1.183059e+08 2.538777e+09 1.340140e+08 1.340140e+08 
4.000000e-04 4.003563e+09 1.943172e+08 1.943172e+08 3.548331e+09 2.174037e+08 2.174037e+08 
4.500000e-04 5.190035e+09 2.854081e+08 2.854081e+08 4.658913e+09 3.162169e+08 3.162169e+08 
5.000000e-04 6.457615e+09 3.877059e+08 3.877059e+08 5.835303e+09 4.259945e+08 4.259945e+08 
5.500000e-04 7.770127e+09 4.968466e+08 4.968466e+08 7.041084e+09 5.422157e+08 5.422157e+08 
6.000000e-04 9.108061e+09 6.079986e+08 6.079986e+08 8.247788e+09 6.601769e+08 6.601769e+08 
6.500000e-04 1.042225e+10 7.195384e+08 7.195384e+08 9.430767e+09 7.780191e+08 7.780191e+08 
7.000000e-04 1.170453e+10 8.298755e+08 8.298755e+08 1.057022e+10 8.938891e+08 8.938891e+08 
7.500000e-04 1.293769e+10 9.374829e+08 9.374829e+08 1.165033e+10 1.006104e+09 1.006104e+09 
8.000000e-04 1.410869e+10 1.040229e+09 1.040229e+09 1.265517e+10 1.112245e+09 1.112245e+09 
8.500000e-04 1.520967e+10 1.136200e+09 1.136200e+09 1.358192e+10 1.210684e+09 1.210684e+09 
9.000000e-04 1.624136e+10 1.224367e+09 1.224367e+09 1.442363e+10 1.299906e+09 1.299906e+09 
9.500000e-04 1.718899e+10 1.304617e+09 1.304617e+09 1.516927e+10 1.379148e+09 1.379148e+09 
1.000000e-03 1.805376e+10 1.375422e+09 1.375422e+09 1.582119e+10 1.448219e+09 1.448219e+09 
1.050000e-03 1.883696e+10 1.436535e+09 1.436535e+09 1.638883e+10 1.506323e+09 1.506323e+09 
1.100000e-03 1.953028e+10 1.487431e+09 1.487431e+09 1.686994e+10 1.553518e+09 1.553518e+09 
1.150000e-03 2.013561e+10 1.528697e+09 1.528697e+09 1.726845e+10 1.588737e+09 1.588737e+09 
1.200000e-03 2.065421e+10 1.560214e+09 1.560214e+09 1.759211e+10 1.616274e+09 1.616274e+09 
1.250000e-03 2.108949e+10 1.582700e+09 1.582700e+09 1.783875e+10 1.633466e+09 1.633466e+09 
1.300000e-03 2.143794e+10 1.597178e+09 1.597178e+09 1.800790e+10 1.642074e+09 1.642074e+09 
1.350000e-03 2.171027e+10 1.604144e+09 1.604144e+09 1.811157e+10 1.643530e+09 1.643530e+09 
1.400000e-03 2.191413e+10 1.604007e+09 1.604007e+09 1.815644e+10 1.637790e+09 1.637790e+09 
1.450000e-03 2.204744e+10 1.596772e+09 1.596772e+09 1.814076e+10 1.625229e+09 1.625229e+09 
1.500000e-03 2.211499e+10 1.584100e+09 1.584100e+09 1.807005e+10 1.606876e+09 1.606876e+09 
1.550000e-03 2.211684e+10 1.566034e+09 1.566034e+09 1.794480e+10 1.583005e+09 1.583005e+09 
1.600000e-03 2.205959e+10 1.542947e+09 1.542947e+09 1.777110e+10 1.554599e+09 1.554599e+09 
1.650000e-03 2.194580e+10 1.515845e+09 1.515845e+09 1.755308e+10 1.522440e+09 1.522440e+09 
1.700000e-03 2.178044e+10 1.485229e+09 1.485229e+09 1.729422e+10 1.487098e+09 1.487098e+09 
1.750000e-03 2.156559e+10 1.451504e+09 1.451504e+09 1.699630e+10 1.448950e+09 1.448950e+09 
1.800000e-03 2.130452e+10 1.414950e+09 1.414950e+09 1.666103e+10 1.408261e+09 1.408261e+09 
1.850000e-03 2.100621e+10 1.376472e+09 1.376472e+09 1.629364e+10 1.365739e+09 1.365739e+09 
1.900000e-03 2.066733e+10 1.336140e+09 1.336140e+09 1.589712e+10 1.321694e+09 1.321694e+09 
1.950000e-03 2.029516e+10 1.294513e+09 1.294513e+09 1.547571e+10 1.276837e+09 1.276837e+09 
2.000000e-03 1.989273e+10 1.251891e+09 1.251891e+09 1.503301e+10 1.231195e+09 1.231195e+09 
2.050000e-03 1.946200e+10 1.208460e+09 1.208460e+09 1.456939e+10 1.185243e+09 1.185243e+09 
2.100000e-03 1.900767e+10 1.164896e+09 1.164896e+09 1.409080e+10 1.139391e+09 1.139391e+09 
2.150000e-03 1.853260e+10 1.121335e+09 1.121335e+09 1.359910e+10 1.093801e+09 1.093801e+09 
2.200000e-03 1.803982e+10 1.077603e+09 1.077603e+09 1.309556e+10 1.048400e+09 1.048400e+09 
2.250000e-03 1.753188e+10 1.033680e+09 1.033680e+09 1.258170e+10 1.003117e+09 1.003117e+09 
2.300000e-03 1.700801e+10 9.901744e+08 9.901744e+08 1.206191e+10 9.584413e+08 9.584413e+08 
2.350000e-03 1.647956e+10 9.478738e+08 9.478738e+08 1.154218e+10 9.150900e+08 9.150900e+08 
2.400000e-03 1.594168e+10 9.059786e+08 9.059786e+08 1.102105e+10 8.725024e+08 8.725024e+08 
2.450000e-03 1.540212e+10 8.651720e+08 8.651720e+08 1.050333e+10 8.312180e+08 8.312180e+08 
2.500000e-03 1.486018e+10 8.255955e+08 8.255955e+08 9.992268e+09 7.913316e+08 7.913316e+08 
2.550000e-03 1.432063e+10 7.872552e+08 7.872552e+08 9.488517e+09 7.528645e+08 7.528645e+08 
2.600000e-03 1.378320e+10 7.498638e+08 7.498638e+08 8.992304e+09 7.155203e+08 7.155203e+08 
2.650000e-03 1.324858e+10 7.133774e+08 7.133774e+08 8.504652e+09 6.792398e+08 6.792398e+08 
2.700000e-03 1.272086e+10 6.783233e+08 6.783233e+08 8.030268e+09 6.444762e+08 6.444762e+08 
2.750000e-03 1.219668e+10 6.437806e+08 6.437806e+08 7.564991e+09 6.103893e+08 6.103893e+08 
2.800000e-03 1.168434e+10 6.108913e+08 6.108913e+08 7.116277e+09 5.780451e+08 5.780451e+08 
2.850000e-03 1.118015e+10 5.790853e+08 5.790853e+08 6.681834e+09 5.468139e+08 5.468139e+08 
2.900000e-03 1.068812e+10 5.488419e+08 5.488419e+08 6.265062e+09 5.172456e+08 5.172456e+08 
2.950000e-03 1.020535e+10 5.193863e+08 5.193863e+08 5.862726e+09 4.885321e+08 4.885321e+08 
3.000000e-03 9.734318e+09 4.910827e+08 4.910827e+08 5.476791e+09 4.609494e+08 4.609494e+08 
3.050000e-03 9.276023e+09 4.638956e+08 4.638956e+08 5.107611e+09 4.345132e+08 4.345132e+08 
3.100000e-03 8.830523e+09 4.378234e+08 4.378234e+08 4.755331e+09 4.092154e+08 4.092154e+08 
3.150000e-03 8.402644e+09 4.136054e+08 4.136054e+08 4.424255e+09 3.858116e+08 3.858116e+08 
3.200000e-03 7.990275e+09 3.906390e+08 3.906390e+08 4.111363e+09 3.637165e+08 3.637165e+08 
3.250000e-03 7.591474e+09 3.686252e+08 3.686252e+08 3.815302e+09 3.426012e+08 3.426012e+08 
3.300000e-03 7.207193e+09 3.477403e+08 3.477403e+08 3.536292e+09 3.226026e+08 3.226026e+08 
3.350000e-03 6.836137e+09 3.276386e+08 3.276386e+08 3.272934e+09 3.034192e+08 3.034192e+08 
3.400000e-03 6.475774e+09 3.078817e+08 3.078817e+08 3.022962e+09 2.846437e+08 2.846437e+08 
3.450000e-03 6.129738e+09 2.891574e+08 2.891574e+08 2.789321e+09 2.669184e+08 2.669184e+08 
3.500000e-03 5.798604e+09 2.715532e+08 2.715532e+08 2.571989e+09 2.503163e+08 2.503163e+08 
3.550000e-03 5.481763e+09 2.549261e+08 2.549261e+08 2.369466e+09 2.346522e+08 2.346522e+08 
3.600000e-03 5.180790e+09 2.395924e+08 2.395924e+08 2.182485e+09 2.202251e+08 2.202251e+08 
3.650000e-03 4.893717e+09 2.251394e+08 2.251394e+08 2.008695e+09 2.066469e+08 2.066469e+08 
3.700000e-03 4.619326e+09 2.113888e+08 2.113888e+08 1.846708e+09 1.937405e+08 1.937405e+08 
3.750000e-03 4.357338e+09 1.982824e+08 1.982824e+08 1.695826e+09 1.814566e+08 1.814566e+08 
3.800000e-03 4.105357e+09 1.854467e+08 1.854467e+08 1.553787e+09 1.694363e+08 1.694363e+08 
3.850000e-03 3.866909e+09 1.735879e+08 1.735879e+08 1.423601e+09 1.583557e+08 1.583557e+08 
3.900000e-03 3.639788e+09 1.623920e+08 1.623920e+08 1.303310e+09 1.479243e+08 1.479243e+08 
3.950000e-03 3.424499e+09 1.518789e+08 1.518789e+08 1.192600e+09 1.381643e+08 1.381643e+08 
4.000000e-03 3.221252e+09 1.422308e+08 1.422308e+08 1.092116e+09 1.292549e+08 1.292549e+08 
4.050000e-03 3.028355e+09 1.331083e+08 1.331083e+08 9.995398e+08 1.208507e+08 1.208507e+08 
4.100000e-03 2.844806e+09 1.244075e+08 1.244075e+08 9.137595e+08 1.128385e+08 1.128385e+08 
4.150000e-03 2.671532e+09 1.163198e+08 1.163198e+08 8.353519e+08 1.053998e+08 1.053998e+08 
4.200000e-03 2.506763e+09 1.085649e+08 1.085649e+08 7.627084e+08 9.827359e+07 9.827359e+07 
4.250000e-03 2.349587e+09 1.010160e+08 1.010160e+08 6.947829e+08 9.133893e+07 9.133893e+07 
4.300000e-03 2.202245e+09 9.413822e+07 9.413822e+07 6.334791e+08 8.503023e+07 8.503023e+07 
4.350000e-03 2.063497e+09 8.774779e+07 8.774779e+07 5.776219e+08 7.917812e+07 7.917812e+07 
4.400000e-03 1.932669e+09 8.176085e+07 8.176085e+07 5.264233e+08 7.369596e+07 7.369596e+07 
4.450000e-03 1.809281e+09 7.614521e+07 7.614521e+07 4.795948e+08 6.855817e+07 6.855817e+07 
4.500000e-03 1.693827e+09 7.104186e+07 7.104186e+07 4.375720e+08 6.390929e+07 6.390929e+07 
4.550000e-03 1.585527e+09 6.635164e+07 6.635164e+07 3.996970e+08 5.965341e+07 5.965341e+07 
4.600000e-03 1.482708e+09 6.179070e+07 6.179070e+07 3.641458e+08 5.551546e+07 5.551546e+07 
4.650000e-03 1.385551e+09 5.744221e+07 5.744221e+07 3.317053e+08 5.157141e+07 5.157141e+07 
4.700000e-03 1.294084e+09 5.335170e+07 5.335170e+07 3.020501e+08 4.786787e+07 4.786787e+07 
4.750000e-03 1.208084e+09 4.951267e+07 4.951267e+07 2.740383e+08 4.439504e+07 4.439504e+07 
4.800000e-03 1.127254e+09 4.591031e+07 4.591031e+07 2.495233e+08 4.113992e+07 4.113992e+07 
4.850000e-03 1.051508e+09 4.256463e+07 4.256463e+07 2.272041e+08 3.811761e+07 3.811761e+07 
4.900000e-03 9.806514e+08 3.947396e+07 3.947396e+07 2.034626e+08 3.532729e+07 3.532729e+07 
4.950000e-03 9.151355e+08 3.675957e+07 3.675957e+07 1.866450e+08 3.288329e+07 3.288329e+07 
5.000000e-03 8.537361e+08 3.422813e+07 3.422813e+07 1.711857e+08 3.060253e+07 3.060253e+07 
5.050000e-03 7.958657e+08 3.179616e+07 3.179616e+07 1.566989e+08 2.841327e+07 2.841327e+07 
5.100000e-03 7.415547e+08 2.950899e+07 2.950899e+07 1.433789e+08 2.635434e+07 2.635434e+07 
5.150000e-03 6.905802e+08 2.735520e+07 2.735520e+07 1.311275e+08 2.441986e+07 2.441986e+07 
5.200000e-03 6.426659e+08 2.530725e+07 2.530725e+07 1.196435e+08 2.258389e+07 2.258389e+07 
5.250000e-03 5.977540e+08 2.337569e+07 2.337569e+07 1.091804e+08 2.085316e+07 2.085316e+07 
5.300000e-03 5.558220e+08 2.159086e+07 2.159086e+07 9.965334e+07 1.925525e+07 1.925525e+07 
5.350000e-03 5.169334e+08 1.998372e+07 1.998372e+07 9.103255e+07 1.781938e+07 1.781938e+07 
5.400000e-03 4.809138e+08 1.854153e+07 1.854153e+07 8.348155e+07 1.653230e+07 1.653230e+07 
5.450000e-03 4.470940e+08 1.716743e+07 1.716743e+07 7.640032e+07 1.530431e+07 1.530431e+07 
5.500000e-03 4.156949e+08 1.590971e+07 1.590971e+07 6.988670e+07 1.417644e+07 1.417644e+07 
5.550000e-03 3.865365e+08 1.476839e+07 1.476839e+07 6.412665e+07 1.315333e+07 1.315333e+07 
5.600000e-03 3.591601e+08 1.367584e+07 1.367584e+07 5.875885e+07 1.217578e+07 1.217578e+07 
5.650000e-03 3.334128e+08 1.262342e+07 1.262342e+07 5.367361e+07 1.123620e+07 1.123620e+07 
5.700000e-03 3.093256e+08 1.162879e+07 1.162879e+07 4.900072e+07 1.034788e+07 1.034788e+07 
5.750000e-03 2.870592e+08 1.073887e+07 1.073887e+07 4.487882e+07 9.555951e+06 9.555951e+06 
5.800000e-03 2.663070e+08 9.910844e+06 9.910844e+06 4.109195e+07 8.819431e+06 8.819431e+06 
5.850000e-03 2.470238e+08 9.149955e+06 9.149955e+06 3.754592e+07 8.143445e+06 8.143445e+06 
5.900000e-03 2.290627e+08 8.441251e+06 8.441251e+06 3.443141e+07 7.513153e+06 7.513153e+06 
5.950000e-03 2.124052e+08 7.793125e+06 7.793125e+06 3.158268e+07 6.935852e+06 6.935852e+06 
6.000000e-03 1.971122e+08 7.227280e+06 7.227280e+06 2.905630e+07 6.430407e+06 6.430407e+06 
6.050000e-03 1.828253e+08 6.690564e+06 6.690564e+06 2.672465e+07 5.950558e+06 5.950558e+06 
6.100000e-03 1.693841e+08 6.165440e+06 6.165440e+06 2.449293e+07 5.481829e+06 5.481829e+06 
6.150000e-03 1.569303e+08 5.686327e+06 5.686327e+06 2.242010e+07 5.055169e+06 5.055169e+06 
6.200000e-03 1.453337e+08 5.239539e+06 5.239539e+06 2.059898e+07 4.657984e+06 4.657984e+06 
6.250000e-03 1.345642e+08 4.826575e+06 4.826575e+06 1.893281e+07 4.291367e+06 4.291367e+06 
6.300000e-03 1.245573e+08 4.443844e+06 4.443844e+06 1.740879e+07 3.952125e+06 3.952125e+06 
6.350000e-03 1.152610e+08 4.088125e+06 4.088125e+06 1.600504e+07 3.636498e+06 3.636498e+06 
6.400000e-03 1.066494e+08 3.762616e+06 3.762616e+06 1.473546e+07 3.348052e+06 3.348052e+06 
6.450000e-03 9.869896e+07 3.468432e+06 3.468432e+06 1.356798e+07 3.086507e+06 3.086507e+06 
6.500000e-03 9.140131e+07 3.209233e+06 3.209233e+06 1.255496e+07 2.854960e+06 2.854960e+06 
6.550000e-03 8.459453e+07 2.962447e+06 2.962447e+06 1.160566e+07 2.634592e+06 2.634592e+06 
6.600000e-03 7.826156e+07 2.731668e+06 2.731668e+06 1.072790e+07 2.429062e+06 2.429062e+06 
6.650000e-03 7.237337e+07 2.515134e+06 2.515134e+06 9.917085e+06 2.236399e+06 2.236399e+06 
6.700000e-03 6.690421e+07 2.313466e+06 2.313466e+06 9.178358e+06 2.057247e+06 2.057247e+06 
6.750000e-03 6.182467e+07 2.125614e+06 2.125614e+06 8.474178e+06 1.890680e+06 1.890680e+06 
6.800000e-03 5.711981e+07 1.951989e+06 1.951989e+06 7.859786e+06 1.736782e+06 1.736782e+06 
6.850000e-03 5.277948e+07 1.795359e+06 1.795359e+06 7.314240e+06 1.597980e+06 1.597980e+06 
6.900000e-03 4.872978e+07 1.645254e+06 1.645254e+06 6.782395e+06 1.464973e+06 1.464973e+06 
6.950000e-03 4.503334e+07 1.516095e+06 1.516095e+06 6.340155e+06 1.350243e+06 1.350243e+06 
7.000000e-03 4.163779e+07 1.400897e+06 1.400897e+06 5.943721e+06 1.247317e+06 1.247317e+06 
7.050000e-03 3.847728e+07 1.291778e+06 1.291778e+06 5.573289e+06 1.149943e+06 1.149943e+06 
7.100000e-03 3.554025e+07 1.188919e+06 1.188919e+06 5.219765e+06 1.058176e+06 1.058176e+06 
7.150000e-03 3.281929e+07 1.093626e+06 1.093626e+06 4.911622e+06 9.733995e+05 9.733995e+05 
7.200000e-03 3.029493e+07 1.004570e+06 1.004570e+06 4.627149e+06 8.942801e+05 8.942801e+05 
7.250000e-03 2.795448e+07 9.215060e+05 9.215060e+05 4.368818e+06 8.205187e+05 8.205187e+05 
7.300000e-03 2.578612e+07 8.443324e+05 8.443324e+05 4.125370e+06 7.520999e+05 7.520999e+05 
7.350000e-03 2.378716e+07 7.742827e+05 7.742827e+05 3.913048e+06 6.899746e+05 6.899746e+05 
7.400000e-03 2.194037e+07 7.100786e+05 7.100786e+05 3.720173e+06 6.331376e+05 6.331376e+05 
7.450000e-03 2.024573e+07 6.529557e+05 6.529557e+05 3.553908e+06 5.823589e+05 5.823589e+05 
7.500000e-03 1.869281e+07 6.024927e+05 6.024927e+05 3.407751e+06 5.372134e+05 5.372134e+05 
7.550000e-03 1.725019e+07 5.546536e+05 5.546536e+05 3.269921e+06 4.944286e+05 4.944286e+05 
7.600000e-03 1.591329e+07 5.099114e+05 5.099114e+05 3.146885e+06 4.544661e+05 4.544661e+05 
7.650000e-03 1.467696e+07 4.686405e+05 4.686405e+05 3.034191e+06 4.177280e+05 4.177280e+05 
7.700000e-03 1.353176e+07 4.301255e+05 4.301255e+05 2.930845e+06 3.834921e+05 3.834921e+05 
7.750000e-03 1.247038e+07 3.939993e+05 3.939993e+05 2.834468e+06 3.513846e+05 3.513846e+05 
7.800000e-03 1.149577e+07 3.610139e+05 3.610139e+05 2.749804e+06 3.221296e+05 3.221296e+05 
7.850000e-03 1.059429e+07 3.309473e+05 3.309473e+05 2.673850e+06 2.954569e+05 2.954569e+05 
7.900000e-03 9.758365e+06 3.026080e+05 3.026080e+05 2.601203e+06 2.703131e+05 2.703131e+05 
7.950000e-03 8.993991e+06 2.777382e+05 2.777382e+05 2.539402e+06 2.481650e+05 2.481650e+05 
8.000000e-03 8.293568e+06 2.556531e+05 2.556531e+05 2.483580e+06 2.283499e+05 2.283499e+05 
8.050000e-03 7.648709e+06 2.356243e+05 2.356243e+05 2.434389e+06 2.104292e+05 2.104292e+05 
8.100000e-03 7.051271e+06 2.168018e+05 2.168018e+05 2.388066e+06 1.936262e+05 1.936262e+05 
8.150000e-03 6.497124e+06 1.989220e+05 1.989220e+05 2.343107e+06 1.776690e+05 1.776690e+05 
8.200000e-03 5.985536e+06 1.824648e+05 1.824648e+05 2.300480e+06 1.630232e+05 1.630232e+05 
8.250000e-03 5.510874e+06 1.667898e+05 1.667898e+05 2.259413e+06 1.490697e+05 1.490697e+05 
8.300000e-03 5.075634e+06 1.528424e+05 1.528424e+05 2.221317e+06 1.366585e+05 1.366585e+05 
8.350000e-03 4.672518e+06 1.397328e+05 1.397328e+05 2.183350e+06 1.250118e+05 1.250118e+05 
8.400000e-03 4.300152e+06 1.275076e+05 1.275076e+05 2.145726e+06 1.141338e+05 1.141338e+05 
8.450000e-03 3.959138e+06 1.166501e+05 1.166501e+05 2.110524e+06 1.044343e+05 1.044343e+05 
8.500000e-03 3.650723e+06 1.077369e+05 1.077369e+05 2.079194e+06 9.643518e+04 9.643518e+04 
8.550000e-03 3.364053e+06 9.914391e+04 9.914391e+04 2.043494e+06 8.873196e+04 8.873196e+04 
8.600000e-03 3.099485e+06 9.115965e+04 9.115965e+04 2.000628e+06 8.159145e+04 8.159145e+04 
8.650000e-03 2.854891e+06 8.371954e+04 8.371954e+04 1.968294e+06 7.494941e+04 7.494941e+04 
8.700000e-03 2.627691e+06 7.654622e+04 7.654622e+04 1.934568e+06 6.854034e+04 6.854034e+04 
8.750000e-03 2.418016e+06 6.991299e+04 6.991299e+04 1.900074e+06 6.262455e+04 6.262455e+04 
8.800000e-03 2.225954e+06 6.403613e+04 6.403613e+04 1.866125e+06 5.738009e+04 5.738009e+04 
8.850000e-03 2.046858e+06 5.825325e+04 5.825325e+04 1.829499e+06 5.222681e+04 5.222681e+04 
8.900000e-03 1.880945e+06 5.274000e+04 5.274000e+04 1.793408e+06 4.727906e+04 4.727906e+04 
8.950000e-03 1.731837e+06 4.840575e+04 4.840575e+04 1.752609e+06 4.340855e+04 4.340855e+04 
9.000000e-03 1.591087e+06 4.368901e+04 4.368901e+04 1.717178e+06 3.909789e+04 3.909789e+04 
9.050000e-03 1.465575e+06 4.023151e+04 4.023151e+04 1.677103e+06 3.600328e+04 3.600328e+04 
9.100000e-03 1.349460e+06 3.697358e+04 3.697358e+04 1.639824e+06 3.309115e+04 3.309115e+04 
9.150000e-03 1.241705e+06 3.384054e+04 3.384054e+04 1.601443e+06 3.029158e+04 3.029158e+04 
9.200000e-03 1.142448e+06 3.097405e+04 3.097405e+04 1.560332e+06 2.773281e+04 2.773281e+04 
9.250000e-03 1.050777e+06 2.829518e+04 2.829518e+04 1.521199e+06 2.534241e+04 2.534241e+04 
9.300000e-03 9.663806e+05 2.585124e+04 2.585124e+04 1.479777e+06 2.316358e+04 2.316358e+04 
9.350000e-03 8.866635e+05 2.321673e+04 2.321673e+04 1.437502e+06 2.079576e+04 2.079576e+04 
9.400000e-03 8.142658e+05 2.100198e+04 2.100198e+04 1.397662e+06 1.881214e+04 1.881214e+04 
9.450000e-03 7.492854e+05 1.929238e+04 1.929238e+04 1.358032e+06 1.728699e+04 1.728699e+04 
9.500000e-03 6.883131e+05 1.747249e+04 1.747249e+04 1.318433e+06 1.562967e+04 1.562967e+04 
9.550000e-03 6.334679e+05 1.608085e+04 1.608085e+04 1.278654e+06 1.438491e+04 1.438491e+04 
9.600000e-03 5.827536e+05 1.476107e+04 1.476107e+04 1.238441e+06 1.320530e+04 1.320530e+04 
9.650000e-03 5.348113e+05 1.330287e+04 1.330287e+04 1.197977e+06 1.188593e+04 1.188593e+04 
9.700000e-03 4.916200e+05 1.215726e+04 1.215726e+04 1.158509e+06 1.086533e+04 1.086533e+04 
9.750000e-03 4.511368e+05 1.096599e+04 1.096599e+04 1.119036e+06 9.796539e+03 9.796539e+03 
9.800000e-03 4.135508e+05 9.803775e+03 9.803775e+03 1.079502e+06 8.747251e+03 8.747251e+03 
9.850000e-03 3.796857e+05 8.889079e+03 8.889079e+03 1.040900e+06 7.936742e+03 7.936742e+03 
9.900000e-03 3.489253e+05 8.128004e+03 8.128004e+03 1.002826e+06 7.261948e+03 7.261948e+03 
9.950000e-03 3.208280e+05 7.466306e+03 7.466306e+03 9.653191e+05 6.673061e+03 6.673061e+03 
1.000000e-02 2.951536e+05 6.889963e+03 6.889963e+03 9.283371e+05 6.157830e+03 6.157830e+03 
1.005000e-02 2.712261e+05 6.301918e+03 6.301918e+03 8.924777e+05 5.630673e+03 5.630673e+03 
1.010000e-02 2.489553e+05 5.712637e+03 5.712637e+03 8.552384e+05 5.101498e+03 5.101498e+03 
1.015000e-02 2.288588e+05 5.249801e+03 5.249801e+03 8.208539e+05 4.689861e+03 4.689861e+03 
1.020000e-02 2.100578e+05 4.765061e+03 4.765061e+03 7.871096e+05 4.257309e+03 4.257309e+03 
1.025000e-02 1.926801e+05 4.302424e+03 4.302424e+03 7.541855e+05 3.842911e+03 3.842911e+03 
1.030000e-02 1.768637e+05 3.912410e+03 3.912410e+03 7.219491e+05 3.496689e+03 3.496689e+03 
1.035000e-02 1.621474e+05 3.521610e+03 3.521610e+03 6.898841e+05 3.148640e+03 3.148640e+03 
1.040000e-02 1.487295e+05 3.183226e+03 3.183226e+03 6.594108e+05 2.846405e+03 2.846405e+03 
1.045000e-02 1.363995e+05 2.871934e+03 2.871934e+03 6.293015e+05 2.566642e+03 2.566642e+03 
1.050000e-02 1.253992e+05 2.650845e+03 2.650845e+03 6.001920e+05 2.369076e+03 2.369076e+03 
1.055000e-02 1.151007e+05 2.412487e+03 2.412487e+03 5.723263e+05 2.155125e+03 2.155125e+03 
1.060000e-02 1.048479e+05 2.040462e+03 2.040462e+03 5.452900e+05 1.816981e+03 1.816981e+03 
1.065000e-02 9.630771e+04 1.872629e+03 1.872629e+03 5.190825e+05 1.668128e+03 1.668128e+03 
1.070000e-02 8.842027e+04 1.711700e+03 1.711700e+03 4.937106e+05 1.525441e+03 1.525441e+03 
1.075000e-02 8.118537e+04 1.566632e+03 1.566632e+03 4.692302e+05 1.396918e+03 1.396918e+03 
1.080000e-02 7.432177e+04 1.392788e+03 1.392788e+03 4.455607e+05 1.241754e+03 1.241754e+03 
1.085000e-02 6.797500e+04 1.225501e+03 1.225501e+03 4.227607e+05 1.092287e+03 1.092287e+03 
1.090000e-02 6.221629e+04 1.085658e+03 1.085658e+03 4.008130e+05 9.672519e+02 9.672519e+02 
1.095000e-02 5.692333e+04 9.565910e+02 9.565910e+02 3.797456e+05 8.512314e+02 8.512314e+02 
1.100000e-02 5.229611e+04 8.833423e+02 8.833423e+02 3.594866e+05 7.670986e+02 7.670986e+02 
1.105000e-02 4.802985e+04 8.139024e+02 8.139024e+02 3.398273e+05 7.065693e+02 7.065693e+02 
1.110000e-02 4.409818e+04 7.477786e+02 7.477786e+02 3.208525e+05 6.490336e+02 6.490336e+02 
1.115000e-02 4.047082e+04 6.843048e+02 6.843048e+02 3.030521e+05 5.938980e+02 5.938980e+02 
1.120000e-02 3.714048e+04 6.269292e+02 6.269292e+02 2.854363e+05 5.442339e+02 5.442339e+02 
1.125000e-02 3.407832e+04 5.733283e+02 5.733283e+02 2.692067e+05 4.979571e+02 4.979571e+02 
1.130000e-02 3.124047e+04 5.196513e+02 5.196513e+02 2.536902e+05 4.516132e+02 4.516132e+02 
1.135000e-02 2.864496e+04 4.723445e+02 4.723445e+02 2.384012e+05 4.109201e+02 4.109201e+02 
1.140000e-02 2.627580e+04 4.317039e+02 4.317039e+02 2.243779e+05 3.760845e+02 3.760845e+02 
1.145000e-02 2.407372e+04 3.888859e+02 3.888859e+02 2.110510e+05 3.472550e+02 3.472550e+02 
1.150000e-02 2.196539e+04 3.328042e+02 3.328042e+02 1.983883e+05 2.964970e+02 2.964970e+02 
1.155000e-02 2.015701e+04 3.061781e+02 3.061781e+02 1.863650e+05 2.727973e+02 2.727973e+02 
1.160000e-02 1.830426e+04 2.446463e+02 2.446463e+02 1.749613e+05 2.171653e+02 2.171653e+02 
1.165000e-02 1.678349e+04 2.230094e+02 2.230094e+02 1.641526e+05 1.980034e+02 1.980034e+02 
1.170000e-02 1.504789e+04 1.383186e+02 1.383186e+02 1.539218e+05 1.217464e+02 1.217464e+02 
1.175000e-02 1.379308e+04 1.252798e+02 1.252798e+02 1.442443e+05 1.103238e+02 1.103238e+02 
1.180000e-02 1.253424e+04 9.305706e+01 9.305706e+01 1.350978e+05 8.170065e+01 8.170065e+01 
1.185000e-02 1.123947e+04 3.763755e+01 3.763755e+01 1.264654e+05 3.268522e+01 3.268522e+01 
1.190000e-02 1.029921e+04 3.318923e+01 3.318923e+01 1.183173e+05 2.885264e+01 2.885264e+01 
1.195000e-02 9.445665e+03 3.080302e+01 3.080302e+01 1.105437e+05 2.679057e+01 2.679057e+01 
1.200000e-02 8.664079e+03 2.891160e+01 2.891160e+01 1.033243e+05 2.515177e+01 2.515177e+01 
1.205000e-02 7.946179e+03 2.702016e+01 2.702016e+01 9.653029e+04 2.351295e+01 2.351295e+01 
1.210000e-02 7.286408e+03 2.512870e+01 2.512870e+01 9.013952e+04 2.187412e+01 2.187412e+01 
1.215000e-02 6.680267e+03 2.323722e+01 2.323722e+01 8.413235e+04 2.023526e+01 2.023526e+01 
1.220000e-02 6.123500e+03 2.134571e+01 2.134571e+01 7.849402e+04 1.859638e+01 1.859638e+01 
1.225000e-02 5.611953e+03 1.945416e+01 1.945416e+01 7.319994e+04 1.695748e+01 1.695748e+01 
1.230000e-02 5.141618e+03 1.756259e+01 1.756259e+01 6.823536e+04 1.531854e+01 1.531854e+01 
1.235000e-02 4.709568e+03 1.567097e+01 1.567097e+01 6.358306e+04 1.367956e+01 1.367956e+01 
1.240000e-02 4.271138e+03 6.067576e+00 6.067576e+00 5.922337e+04 5.263488e+00 5.263488e+00 
1.245000e-02 3.883440e+03 3.332291e-33 3.332291e-33 5.514401e+04 3.332291e-33 3.332291e-33 
1.250000e-02 3.558197e+03 3.332291e-33 3.332291e-33 5.132528e+04 3.332291e-33 3.332291e-33 
1.255000e-02 3.259885e+03 3.332291e-33 3.332291e-33 4.775492e+04 3.332291e-33 3.332291e-33 
1.260000e-02 2.986655e+03 3.332291e-33 3.332291e-33 4.441814e+04 3.332291e-33 3.332291e-33 
1.265000e-02 2.735903e+03 3.332291e-33 3.332291e-33 4.130268e+04 3.332291e-33 3.332291e-33 
1.270000e-02 2.506293e+03 3.332291e-33 3.332291e-33 3.839376e+04 3.332291e-33 3.332291e-33 
1.275000e-02 2.295715e+03 3.332291e-33 3.332291e-33 3.567910e+04 3.332291e-33 3.332291e-33 
1.280000e-02 2.102731e+03 3.332291e-33 3.332291e-33 3.314640e+04 3.332291e-33 3.332291e-33 
1.285000e-02 1.925835e+03 3.332291e-33 3.332291e-33 3.078583e+04 3.332291e-33 3.332291e-33 
1.290000e-02 1.763738e+03 3.332291e-33 3.332291e-33 2.858508e+04 3.332291e-33 3.332291e-33 
1.295000e-02 1.615191e+03 3.332291e-33 3.332291e-33 2.653679e+04 3.332291e-33 3.332291e-33 
1.300000e-02 1.479065e+03 3.332291e-33 3.332291e-33 2.462866e+04 3.332291e-33 3.332291e-33 
1.305000e-02 1.354350e+03 3.332291e-33 3.332291e-33 2.285307e+04 3.332291e-33 3.332291e-33 
1.310000e-02 1.240071e+03 3.332291e-33 3.332291e-33 2.120116e+04 3.332291e-33 3.332291e-33 
1.315000e-02 1.135385e+03 3.332291e-33 3.332291e-33 1.966482e+04 3.332291e-33 3.332291e-33 
1.320000e-02 1.039472e+03 3.332291e-33 3.332291e-33 1.823642e+04 3.332291e-33 3.332291e-33 
1.325000e-02 9.516410e+02 3.332291e-33 3.332291e-33 1.690884e+04 3.332291e-33 3.332291e-33 
1.330000e-02 8.711602e+02 3.332291e-33 3.332291e-33 1.567520e+04 3.332291e-33 3.332291e-33 
1.335000e-02 7.974660e+02 3.332291e-33 3.332291e-33 1.452909e+04 3.332291e-33 3.332291e-33 
1.340000e-02 7.299560e+02 3.332291e-33 3.332291e-33 1.346486e+04 3.332291e-33 3.332291e-33 
1.345000e-02 6.681287e+02 3.332291e-33 3.332291e-33 1.247662e+04 3.332291e-33 3.332291e-33 
1.350000e-02 6.115068e+02 3.332291e-33 3.332291e-33 1.155919e+04 3.332291e-33 3.332291e-33 
1.355000e-02 5.596676e+02 3.332291e-33 3.332291e-33 1.070791e+04 3.332291e-33 3.332291e-33 
1.360000e-02 5.121906e+02 3.332291e-33 3.332291e-33 9.917610e+03 3.332291e-33 3.332291e-33 
1.365000e-02 4.687290e+02 3.332291e-33 3.332291e-33 9.184602e+03 3.332291e-33 3.332291e-33 
1.370000e-02 4.289139e+02 3.332291e-33 3.332291e-33 8.504462e+03 3.332291e-33 3.332291e-33 
1.375000e-02 3.924824e+02 3.332291e-33 3.332291e-33 7.873500e+03 3.332291e-33 3.332291e-33 
1.380000e-02 3.591172e+02 3.332291e-33 3.332291e-33 7.288520e+03 3.332291e-33 3.332291e-33 
1.385000e-02 3.285802e+02 3.332291e-33 3.332291e-33 6.745834e+03 3.332291e-33 3.332291e-33 
1.390000e-02 3.006322e+02 3.332291e-33 3.332291e-33 6.242490e+03 3.332291e-33 3.332291e-33 
1.395000e-02 2.750377e+02 3.332291e-33 3.332291e-33 5.776031e+03 3.332291e-33 3.332291e-33 
1.400000e-02 2.516154e+02 3.332291e-33 3.332291e-33 5.343505e+03 3.332291e-33 3.332291e-33 
1.405000e-02 2.301782e+02 3.332291e-33 3.332291e-33 4.942453e+03 3.332291e-33 3.332291e-33 
1.410000e-02 2.105598e+02 3.332291e-33 3.332291e-33 4.570908e+03 3.332291e-33 3.332291e-33 
1.415000e-02 1.926040e+02 3.332291e-33 3.332291e-33 4.226412e+03 3.332291e-33 3.332291e-33 
1.420000e-02 1.761709e+02 3.332291e-33 3.332291e-33 3.907489e+03 3.332291e-33 3.332291e-33 
1.425000e-02 1.611363e+02 3.332291e-33 3.332291e-33 3.611679e+03 3.332291e-33 3.332291e-33 
1.430000e-02 1.473761e+02 3.332291e-33 3.332291e-33 3.337754e+03 3.332291e-33 3.332291e-33 
1.435000e-02 1.347868e+02 3.332291e-33 3.332291e-33 3.084238e+03 3.332291e-33 3.332291e-33 
1.440000e-02 1.232685e+02 3.332291e-33 3.332291e-33 2.849410e+03 3.332291e-33 3.332291e-33 
1.445000e-02 1.127283e+02 3.332291e-33 3.332291e-33 2.631795e+03 3.332291e-33 3.332291e-33 
1.450000e-02 1.030846e+02 3.332291e-33 3.332291e-33 2.430457e+03 3.332291e-33 3.332291e-33 
1.455000e-02 9.426561e+01 3.332291e-33 3.332291e-33 2.244120e+03 3.332291e-33 3.332291e-33 
1.460000e-02 8.619515e+01 3.332291e-33 3.332291e-33 2.071699e+03 3.332291e-33 3.332291e-33 
1.465000e-02 7.881221e+01 3.332291e-33 3.332291e-33 1.912188e+03 3.332291e-33 3.332291e-33 
1.470000e-02 7.206096e+01 3.332291e-33 3.332291e-33 1.764652e+03 3.332291e-33 3.332291e-33 
1.475000e-02 6.588388e+01 3.332291e-33 3.332291e-33 1.628206e+03 3.332291e-33 3.332291e-33 
1.480000e-02 6.023572e+01 3.332291e-33 3.332291e-33 1.502039e+03 3.332291e-33 3.332291e-33 
1.485000e-02 5.506876e+01 3.332291e-33 3.332291e-33 1.385436e+03 3.332291e-33 3.332291e-33 
1.490000e-02 5.034097e+01 3.332291e-33 3.332291e-33 1.277686e+03 3.332291e-33 3.332291e-33 
1.495000e-02 4.602014e+01 3.332291e-33 3.332291e-33 1.178099e+03 3.332291e-33 3.332291e-33 
1.500000e-02 4.206741e+01 3.332291e-33 3.332291e-33 1.086135e+03 3.332291e-33 3.332291e-33 
1.505000e-02 3.845278e+01 3.332291e-33 3.332291e-33 1.001179e+03 3.332291e-33 3.332291e-33 
1.510000e-02 3.514797e+01 3.332291e-33 3.332291e-33 9.227388e+02 3.332291e-33 3.332291e-33 
1.515000e-02 3.212602e+01 3.332291e-33 3.332291e-33 8.502986e+02 3.332291e-33 3.332291e-33 
1.520000e-02 2.936329e+01 3.332291e-33 3.332291e-33 7.834649e+02 3.332291e-33 3.332291e-33 
1.525000e-02 2.683607e+01 3.332291e-33 3.332291e-33 7.217703e+02 3.332291e-33 3.332291e-33 
1.530000e-02 2.452701e+01 3.332291e-33 3.332291e-33 6.648460e+02 3.332291e-33 3.332291e-33 
1.535000e-02 2.241508e+01 3.332291e-33 3.332291e-33 6.123232e+02 3.332291e-33 3.332291e-33 
1.540000e-02 2.048413e+01 3.332291e-33 3.332291e-33 5.639068e+02 3.332291e-33 3.332291e-33 
1.545000e-02 1.871906e+01 3.332291e-33 3.332291e-33 5.192280e+02 3.332291e-33 3.332291e-33 
1.550000e-02 1.710556e+01 3.332291e-33 3.332291e-33 4.780409e+02 3.332291e-33 3.332291e-33 
1.555000e-02 1.563047e+01 3.332291e-33 3.332291e-33 4.400750e+02 3.332291e-33 3.332291e-33 
1.560000e-02 1.428214e+01 3.332291e-33 3.332291e-33 4.050598e+02 3.332291e-33 3.332291e-33 
1.565000e-02 1.304992e+01 3.332291e-33 3.332291e-33 3.728232e+02 3.332291e-33 3.332291e-33 
1.570000e-02 1.192331e+01 3.332291e-33 3.332291e-33 3.430948e+02 3.332291e-33 3.332291e-33 
1.575000e-02 1.089381e+01 3.332291e-33 3.332291e-33 3.157023e+02 3.332291e-33 3.332291e-33 
1.580000e-02 9.952699e+00 3.332291e-33 3.332291e-33 2.904736e+02 3.332291e-33 3.332291e-33 
1.585000e-02 9.092810e+00 3.332291e-33 3.332291e-33 2.672121e+02 3.332291e-33 3.332291e-33 
1.590000e-02 8.306788e+00 3.332291e-33 3.332291e-33 2.458145e+02 3.332291e-33 3.332291e-33 
1.595000e-02 7.588510e+00 3.332291e-33 3.332291e-33 2.261012e+02 3.332291e-33 3.332291e-33 
1.600000e-02 6.932171e+00 3.332291e-33 3.332291e-33 2.079519e+02 3.332291e-33 3.332291e-33 
1.605000e-02 6.332438e+00 3.332291e-33 3.332291e-33 1.912385e+02 3.332291e-33 3.332291e-33 
1.610000e-02 5.784342e+00 3.332291e-33 3.332291e-33 1.758530e+02 3.332291e-33 3.332291e-33 
1.615000e-02 5.283630e+00 3.332291e-33 3.332291e-33 1.616920e+02 3.332291e-33 3.332291e-33 
1.620000e-02 4.826047e+00 3.332291e-33 3.332291e-33 1.486572e+02 3.332291e-33 3.332291e-33 
1.625000e-02 4.407930e+00 3.332291e-33 3.332291e-33 1.366625e+02 3.332291e-33 3.332291e-33 
1.630000e-02 4.025812e+00 3.332291e-33 3.332291e-33 1.256244e+02 3.332291e-33 3.332291e-33 
1.635000e-02 3.677013e+00 3.332291e-33 3.332291e-33 1.154690e+02 3.332291e-33 3.332291e-33 
1.640000e-02 3.358166e+00 3.332291e-33 3.332291e-33 1.061250e+02 3.332291e-33 3.332291e-33 
1.645000e-02 3.066844e+00 3.332291e-33 3.332291e-33 9.752861e+01 3.332291e-33 3.332291e-33 
1.650000e-02 2.800677e+00 3.332291e-33 3.332291e-33 8.962315e+01 3.332291e-33 3.332291e-33 
1.655000e-02 2.557616e+00 3.332291e-33 3.332291e-33 8.235209e+01 3.332291e-33 3.332291e-33 
1.660000e-02 2.335580e+00 3.332291e-33 3.332291e-33 7.566379e+01 3.332291e-33 3.332291e-33 
1.665000e-02 2.132740e+00 3.332291e-33 3.332291e-33 6.951400e+01 3.332291e-33 3.332291e-33 
1.670000e-02 1.947481e+00 3.332291e-33 3.332291e-33 6.386092e+01 3.332291e-33 3.332291e-33 
1.675000e-02 1.778243e+00 3.332291e-33 3.332291e-33 5.866274e+01 3.332291e-33 3.332291e-33 
1.680000e-02 1.623674e+00 3.332291e-33 3.332291e-33 5.388257e+01 3.332291e-33 3.332291e-33 
1.685000e-02 1.482507e+00 3.332291e-33 3.332291e-33 4.948846e+01 3.332291e-33 3.332291e-33 
1.690000e-02 1.353573e+00 3.332291e-33 3.332291e-33 4.544844e+01 3.332291e-33 3.332291e-33 
1.695000e-02 1.235815e+00 3.332291e-33 3.332291e-33 4.173791e+01 3.332291e-33 3.332291e-33 
1.700000e-02 1.128281e+00 3.332291e-33 3.332291e-33 3.832491e+01 3.332291e-33 3.332291e-33 
1.705000e-02 1.030066e+00 3.332291e-33 3.332291e-33 3.518977e+01 3.332291e-33 3.332291e-33 
1.710000e-02 9.403841e-01 3.332291e-33 3.332291e-33 3.231036e+01 3.332291e-33 3.332291e-33 
1.715000e-02 8.584844e-01 3.332291e-33 3.332291e-33 2.966209e+01 3.332291e-33 3.332291e-33 
1.720000e-02 7.836886e-01 3.332291e-33 3.332291e-33 2.723021e+01 3.332291e-33 3.332291e-33 
1.725000e-02 7.153795e-01 3.332291e-33 3.332291e-33 2.499750e+01 3.332291e-33 3.332291e-33 
1.730000e-02 6.530308e-01 3.332291e-33 3.332291e-33 2.294478e+01 3.332291e-33 3.332291e-33 
1.735000e-02 5.961090e-01 3.332291e-33 3.332291e-33 2.105952e+01 3.332291e-33 3.332291e-33 
1.740000e-02 5.441174e-01 3.332291e-33 3.332291e-33 1.932794e+01 3.332291e-33 3.332291e-33 
1.745000e-02 4.966575e-01 3.332291e-33 3.332291e-33 1.773750e+01 3.332291e-33 3.332291e-33 
1.750000e-02 4.533016e-01 3.332291e-33 3.332291e-33 1.627715e+01 3.332291e-33 3.332291e-33 
1.755000e-02 4.137350e-01 3.332291e-33 3.332291e-33 1.493604e+01 3.332291e-33 3.332291e-33 
1.760000e-02 3.776132e-01 3.332291e-33 3.332291e-33 1.370461e+01 3.332291e-33 3.332291e-33 
1.765000e-02 3.446439e-01 3.332291e-33 3.332291e-33 1.257375e+01 3.332291e-33 3.332291e-33 
1.770000e-02 3.145352e-01 3.332291e-33 3.332291e-33 1.153559e+01 3.332291e-33 3.332291e-33 
1.775000e-02 2.870503e-01 3.332291e-33 3.332291e-33 1.058275e+01 3.332291e-33 3.332291e-33 
1.780000e-02 2.619729e-01 3.332291e-33 3.332291e-33 9.707617e+00 3.332291e-33 3.332291e-33 
1.785000e-02 2.390716e-01 3.332291e-33 3.332291e-33 8.904530e+00 3.332291e-33 3.332291e-33 
1.790000e-02 2.181660e-01 3.332291e-33 3.332291e-33 8.167588e+00 3.332291e-33 3.332291e-33 
1.795000e-02 1.990859e-01 3.332291e-33 3.332291e-33 7.491136e+00 3.332291e-33 3.332291e-33 
1.800000e-02 1.816701e-01 3.332291e-33 3.332291e-33 6.870256e+00 3.332291e-33 3.332291e-33 
1.805000e-02 1.657726e-01 3.332291e-33 3.332291e-33 6.300275e+00 3.332291e-33 3.332291e-33 
1.810000e-02 1.512639e-01 3.332291e-33 3.332291e-33 5.777506e+00 3.332291e-33 3.332291e-33 
1.815000e-02 1.380221e-01 3.332291e-33 3.332291e-33 5.297769e+00 3.332291e-33 3.332291e-33 
1.820000e-02 1.259357e-01 3.332291e-33 3.332291e-33 4.857620e+00 3.332291e-33 3.332291e-33 
1.825000e-02 1.149042e-01 3.332291e-33 3.332291e-33 4.453617e+00 3.332291e-33 3.332291e-33 
1.830000e-02 1.048375e-01 3.332291e-33 3.332291e-33 4.083302e+00 3.332291e-33 3.332291e-33 
1.835000e-02 9.565073e-02 3.332291e-33 3.332291e-33 3.743232e+00 3.332291e-33 3.332291e-33 
1.840000e-02 8.726700e-02 3.332291e-33 3.332291e-33 3.431685e+00 3.332291e-33 3.332291e-33 
1.845000e-02 7.961505e-02 3.332291e-33 3.332291e-33 3.145712e+00 3.332291e-33 3.332291e-33 
1.850000e-02 7.263611e-02 3.332291e-33 3.332291e-33 2.883343e+00 3.332291e-33 3.332291e-33 
1.855000e-02 6.626428e-02 3.332291e-33 3.332291e-33 2.642860e+00 3.332291e-33 3.332291e-33 
1.860000e-02 6.044940e-02 3.332291e-33 3.332291e-33 2.422122e+00 3.332291e-33 3.332291e-33 
1.865000e-02 5.514597e-02 3.332291e-33 3.332291e-33 2.219801e+00 3.332291e-33 3.332291e-33 
1.870000e-02 5.030630e-02 3.332291e-33 3.332291e-33 2.034299e+00 3.332291e-33 3.332291e-33 
1.875000e-02 4.588859e-02 3.332291e-33 3.332291e-33 1.864190e+00 3.332291e-33 3.332291e-33 
1.880000e-02 4.186012e-02 3.332291e-33 3.332291e-33 1.708220e+00 3.332291e-33 3.332291e-33 
1.885000e-02 3.818205e-02 3.332291e-33 3.332291e-33 1.565208e+00 3.332291e-33 3.332291e-33 
1.890000e-02 3.482733e-02 3.332291e-33 3.332291e-33 1.434123e+00 3.332291e-33 3.332291e-33 
1.895000e-02 3.176923e-02 3.332291e-33 3.332291e-33 1.313930e+00 3.332291e-33 3.332291e-33 
1.900000e-02 2.897654e-02 3.332291e-33 3.332291e-33 1.203770e+00 3.332291e-33 3.332291e-33 
1.905000e-02 2.642887e-02 3.332291e-33 3.332291e-33 1.102782e+00 3.332291e-33 3.332291e-33 
1.910000e-02 2.410496e-02 3.332291e-33 3.332291e-33 1.010203e+00 3.332291e-33 3.332291e-33 
1.915000e-02 2.198494e-02 3.332291e-33 3.332291e-33 9.253698e-01 3.332291e-33 3.332291e-33 
1.920000e-02 2.005106e-02 3.332291e-33 3.332291e-33 8.476184e-01 3.332291e-33 3.332291e-33 
1.925000e-02 1.828690e-02 3.332291e-33 3.332291e-33 7.763585e-01 3.332291e-33 3.332291e-33 
1.930000e-02 1.667763e-02 3.332291e-33 3.332291e-33 7.110739e-01 3.332291e-33 3.332291e-33 
1.935000e-02 1.520967e-02 3.332291e-33 3.332291e-33 6.512235e-01 3.332291e-33 3.332291e-33 
1.940000e-02 1.387064e-02 3.332291e-33 3.332291e-33 5.963893e-01 3.332291e-33 3.332291e-33 
1.945000e-02 1.264907e-02 3.332291e-33 3.332291e-33 5.461534e-01 3.332291e-33 3.332291e-33 
1.950000e-02 1.153517e-02 3.332291e-33 3.332291e-33 5.001467e-01 3.332291e-33 3.332291e-33 
1.955000e-02 1.051889e-02 3.332291e-33 3.332291e-33 4.579761e-01 3.332291e-33 3.332291e-33 
1.960000e-02 9.591973e-03 3.332291e-33 3.332291e-33 4.193216e-01 3.332291e-33 3.332291e-33 
1.965000e-02 8.746740e-03 3.332291e-33 3.332291e-33 3.839376e-01 3.332291e-33 3.332291e-33 
1.970000e-02 7.975791e-03 3.332291e-33 3.332291e-33 3.515289e-01 3.332291e-33 3.332291e-33 
1.975000e-02 7.272463e-03 3.332291e-33 3.332291e-33 3.218250e-01 3.332291e-33 3.332291e-33 
1.980000e-02 6.631223e-03 3.332291e-33 3.332291e-33 2.946292e-01 3.332291e-33 3.332291e-33 
1.985000e-02 6.046440e-03 3.332291e-33 3.332291e-33 2.697202e-01 3.332291e-33 3.332291e-33 
1.990000e-02 5.512901e-03 3.332291e-33 3.332291e-33 2.469013e-01 3.332291e-33 3.332291e-33 
1.995000e-02 5.026548e-03 3.332291e-33 3.332291e-33 2.259955e-01 3.332291e-33 3.332291e-33 
2.000000e-02 4.582933e-03 3.332291e-33 3.332291e-33 2.068601e-01 3.332291e-33 3.332291e-33 
2.005000e-02 4.178291e-03 3.332291e-33 3.332291e-33 1.893378e-01 3.332291e-33 3.332291e-33 
2.010000e-02 3.809476e-03 3.332291e-33 3.332291e-33 1.732908e-01 3.332291e-33 3.332291e-33 
2.015000e-02 3.473020e-03 3.332291e-33 3.332291e-33 1.585962e-01 3.332291e-33 3.332291e-33 
2.020000e-02 3.166509e-03 3.332291e-33 3.332291e-33 1.451434e-01 3.332291e-33 3.332291e-33 
2.025000e-02 2.886577e-03 3.332291e-33 3.332291e-33 1.328266e-01 3.332291e-33 3.332291e-33 
2.030000e-02 2.631660e-03 3.332291e-33 3.332291e-33 1.215475e-01 3.332291e-33 3.332291e-33 
2.035000e-02 2.399118e-03 3.332291e-33 3.332291e-33 1.112249e-01 3.332291e-33 3.332291e-33 
2.040000e-02 2.187060e-03 3.332291e-33 3.332291e-33 1.017727e-01 3.332291e-33 3.332291e-33 
2.045000e-02 1.993758e-03 3.332291e-33 3.332291e-33 9.311975e-02 3.332291e-33 3.332291e-33 
2.050000e-02 1.817465e-03 3.332291e-33 3.332291e-33 8.520199e-02 3.332291e-33 3.332291e-33 
2.055000e-02 1.656772e-03 3.332291e-33 3.332291e-33 7.795306e-02 3.332291e-33 3.332291e-33 
2.060000e-02 1.510224e-03 3.332291e-33 3.332291e-33 7.131640e-02 3.332291e-33 3.332291e-33 
2.065000e-02 1.376626e-03 3.332291e-33 3.332291e-33 6.524284e-02 3.332291e-33 3.332291e-33 
2.070000e-02 1.254857e-03 3.332291e-33 3.332291e-33 5.968565e-02 3.332291e-33 3.332291e-33 
2.075000e-02 1.143811e-03 3.332291e-33 3.332291e-33 5.459812e-02 3.332291e-33 3.332291e-33 
2.080000e-02 1.042585e-03 3.332291e-33 3.332291e-33 4.994336e-02 3.332291e-33 3.332291e-33 
2.085000e-02 9.503009e-04 3.332291e-33 3.332291e-33 4.568449e-02 3.332291e-33 3.332291e-33 
2.090000e-02 8.661637e-04 3.332291e-33 3.332291e-33 4.178463e-02 3.332291e-33 3.332291e-33 
2.095000e-02 7.894819e-04 3.332291e-33 3.332291e-33 3.821918e-02 3.332291e-33 3.332291e-33 
2.100000e-02 7.195671e-04 3.332291e-33 3.332291e-33 3.495372e-02 3.332291e-33 3.332291e-33 
2.105000e-02 6.558365e-04 3.332291e-33 3.332291e-33 3.196857e-02 3.332291e-33 3.332291e-33 
2.110000e-02 5.977344e-04 3.332291e-33 3.332291e-33 2.923670e-02 3.332291e-33 3.332291e-33 
2.115000e-02 5.447788e-04 3.332291e-33 3.332291e-33 2.673597e-02 3.332291e-33 3.332291e-33 
2.120000e-02 4.965198e-04 3.332291e-33 3.332291e-33 2.445014e-02 3.332291e-33 3.332291e-33 
2.125000e-02 4.525098e-04 3.332291e-33 3.332291e-33 2.235784e-02 3.332291e-33 3.332291e-33 
2.130000e-02 4.124243e-04 3.332291e-33 3.332291e-33 2.044430e-02 3.332291e-33 3.332291e-33 
2.135000e-02 3.758699e-04 3.332291e-33 3.332291e-33 1.869354e-02 3.332291e-33 3.332291e-33 
2.140000e-02 3.425292e-04 3.332291e-33 3.332291e-33 1.709228e-02 3.332291e-33 3.332291e-33 
2.145000e-02 3.121607e-04 3.332291e-33 3.332291e-33 1.562774e-02 3.332291e-33 3.332291e-33 
2.150000e-02 2.844977e-04 3.332291e-33 3.332291e-33 1.428787e-02 3.332291e-33 3.332291e-33 
2.155000e-02 2.592649e-04 3.332291e-33 3.332291e-33 1.306258e-02 3.332291e-33 3.332291e-33 
2.160000e-02 2.362721e-04 3.332291e-33 3.332291e-33 1.194205e-02 3.332291e-33 3.332291e-33 
2.165000e-02 2.153176e-04 3.332291e-33 3.332291e-33 1.091717e-02 3.332291e-33 3.332291e-33 
2.170000e-02 1.962188e-04 3.332291e-33 3.332291e-33 9.980067e-03 3.332291e-33 3.332291e-33 
2.175000e-02 1.788111e-04 3.332291e-33 3.332291e-33 9.122883e-03 3.332291e-33 3.332291e-33 
2.180000e-02 1.629505e-04 3.332291e-33 3.332291e-33 8.339221e-03 3.332291e-33 3.332291e-33 
2.185000e-02 1.484969e-04 3.332291e-33 3.332291e-33 7.622443e-03 3.332291e-33 3.332291e-33 
2.190000e-02 1.353229e-04 3.332291e-33 3.332291e-33 6.967137e-03 3.332291e-33 3.332291e-33 
2.195000e-02 1.233172e-04 3.332291e-33 3.332291e-33 6.367896e-03 3.332291e-33 3.332291e-33 
2.200000e-02 1.123756e-04 3.332291e-33 3.332291e-33 5.820046e-03 3.332291e-33 3.332291e-33 
2.205000e-02 1.024034e-04 3.332291e-33 3.332291e-33 5.319161e-03 3.332291e-33 3.332291e-33 
2.210000e-02 9.331794e-05 3.332291e-33 3.332291e-33 4.861308e-03 3.332291e-33 3.332291e-33 
2.215000e-02 8.503675e-05 3.332291e-33 3.332291e-33 4.442798e-03 3.332291e-33 3.332291e-33 
2.220000e-02 7.749078e-05 3.332291e-33 3.332291e-33 4.059942e-03 3.332291e-33 3.332291e-33 
2.225000e-02 7.061413e-05 3.332291e-33 3.332291e-33 3.710036e-03 3.332291e-33 3.332291e-33 
2.230000e-02 6.434803e-05 3.332291e-33 3.332291e-33 3.390129e-03 3.332291e-33 3.332291e-33 
2.235000e-02 5.863938e-05 3.332291e-33 3.332291e-33 3.097762e-03 3.332291e-33 3.332291e-33 
2.240000e-02 5.343529e-05 3.332291e-33 3.332291e-33 2.830722e-03 3.332291e-33 3.332291e-33 
2.245000e-02 4.869570e-05 3.332291e-33 3.332291e-33 2.586305e-03 3.332291e-33 3.332291e-33 
2.250000e-02 4.437561e-05 3.332291e-33 3.332291e-33 2.363156e-03 3.332291e-33 3.332291e-33 
2.255000e-02 4.043812e-05 3.332291e-33 3.332291e-33 2.159090e-03 3.332291e-33 3.332291e-33 
2.260000e-02 3.685103e-05 3.332291e-33 3.332291e-33 1.972580e-03 3.332291e-33 3.332291e-33 
2.265000e-02 3.358237e-05 3.332291e-33 3.332291e-33 1.802151e-03 3.332291e-33 3.332291e-33 
2.270000e-02 3.060332e-05 3.332291e-33 3.332291e-33 1.646378e-03 3.332291e-33 3.332291e-33 
2.275000e-02 2.788970e-05 3.332291e-33 3.332291e-33 1.504055e-03 3.332291e-33 3.332291e-33 
2.280000e-02 2.541763e-05 3.332291e-33 3.332291e-33 1.373977e-03 3.332291e-33 3.332291e-33 
2.285000e-02 2.316444e-05 3.332291e-33 3.332291e-33 1.255113e-03 3.332291e-33 3.332291e-33 
2.290000e-02 2.111145e-05 3.332291e-33 3.332291e-33 1.146477e-03 3.332291e-33 3.332291e-33 
2.295000e-02 1.924090e-05 3.332291e-33 3.332291e-33 1.047234e-03 3.332291e-33 3.332291e-33 
2.300000e-02 1.753629e-05 3.332291e-33 3.332291e-33 9.565491e-04 3.332291e-33 3.332291e-33 
2.305000e-02 1.598303e-05 3.332291e-33 3.332291e-33 8.737077e-04 3.332291e-33 3.332291e-33 
2.310000e-02 1.456787e-05 3.332291e-33 3.332291e-33 7.979971e-04 3.332291e-33 3.332291e-33 
2.315000e-02 1.327831e-05 3.332291e-33 3.332291e-33 7.288274e-04 3.332291e-33 3.332291e-33 
2.320000e-02 1.210321e-05 3.332291e-33 3.332291e-33 6.656574e-04 3.332291e-33 3.332291e-33 
2.325000e-02 1.103244e-05 3.332291e-33 3.332291e-33 6.079217e-04 3.332291e-33 3.332291e-33 
2.330000e-02 1.005676e-05 3.332291e-33 3.332291e-33 5.551776e-04 3.332291e-33 3.332291e-33 
2.335000e-02 9.167636e-06 3.332291e-33 3.332291e-33 5.070072e-04 3.332291e-33 3.332291e-33 
2.340000e-02 8.373868e-06 3.332291e-33 3.332291e-33 4.629923e-04 3.332291e-33 3.332291e-33 
2.345000e-02 7.638549e-06 3.332291e-33 3.332291e-33 4.228133e-04 3.332291e-33 3.332291e-33 
2.350000e-02 6.969031e-06 3.332291e-33 3.332291e-33 3.860769e-04 3.332291e-33 3.332291e-33 
2.355000e-02 6.359290e-06 3.332291e-33 3.332291e-33 3.525371e-04 3.332291e-33 3.332291e-33 
2.360000e-02 5.804210e-06 3.332291e-33 3.332291e-33 3.218988e-04 3.332291e-33 3.332291e-33 
2.365000e-02 5.298531e-06 3.332291e-33 3.332291e-33 2.939161e-04 3.332291e-33 3.332291e-33 
2.370000e-02 4.838489e-06 3.332291e-33 3.332291e-33 2.683678e-04 3.332291e-33 3.332291e-33 
2.375000e-02 4.419364e-06 3.332291e-33 3.332291e-33 2.450276e-04 3.332291e-33 3.332291e-33 
2.380000e-02 4.038156e-06 3.332291e-33 3.332291e-33 2.237112e-04 3.332291e-33 3.332291e-33 
2.385000e-02 3.690980e-06 3.332291e-33 3.332291e-33 2.042413e-04 3.332291e-33 3.332291e-33 
2.390000e-02 3.375090e-06 3.332291e-33 3.332291e-33 1.864657e-04 3.332291e-33 3.332291e-33 
2.395000e-02 3.087622e-06 3.332291e-33 3.332291e-33 1.702294e-04 3.332291e-33 3.332291e-33 
2.400000e-02 2.826159e-06 3.332291e-33 3.332291e-33 1.554020e-04 3.332291e-33 3.332291e-33 
2.405000e-02 2.588026e-06 3.332291e-33 3.332291e-33 1.418656e-04 3.332291e-33 3.332291e-33 
2.410000e-02 2.371468e-06 3.332291e-33 3.332291e-33 1.295021e-04 3.332291e-33 3.332291e-33 
2.415000e-02 2.174478e-06 3.332291e-33 3.332291e-33 1.182156e-04 3.332291e-33 3.332291e-33 
2.420000e-02 1.995251e-06 3.332291e-33 3.332291e-33 1.079078e-04 3.332291e-33 3.332291e-33 
2.425000e-02 1.832199e-06 3.332291e-33 3.332291e-33 9.849743e-05 3.332291e-33 3.332291e-33 
2.430000e-02 1.683908e-06 3.332291e-33 3.332291e-33 8.990592e-05 3.332291e-33 3.332291e-33 
2.435000e-02 1.548982e-06 3.332291e-33 3.332291e-33 8.205947e-05 3.332291e-33 3.332291e-33 
2.440000e-02 1.426220e-06 3.332291e-33 3.332291e-33 7.489906e-05 3.332291e-33 3.332291e-33 
2.445000e-02 1.314513e-06 3.332291e-33 3.332291e-33 6.835831e-05 3.332291e-33 3.332291e-33 
2.450000e-02 1.212878e-06 3.332291e-33 3.332291e-33 6.239048e-05 3.332291e-33 3.332291e-33 
2.455000e-02 1.120334e-06 3.332291e-33 3.332291e-33 5.694148e-05 3.332291e-33 3.332291e-33 
2.460000e-02 1.036086e-06 3.332291e-33 3.332291e-33 5.196461e-05 3.332291e-33 3.332291e-33 
2.465000e-02 9.593400e-07 3.332291e-33 3.332291e-33 4.742542e-05 3.332291e-33 3.332291e-33 
2.470000e-02 8.894055e-07 3.332291e-33 3.332291e-33 4.327966e-05 3.332291e-33 3.332291e-33 
2.475000e-02 8.256454e-07 3.332291e-33 3.332291e-33 3.949536e-05 3.332291e-33 3.332291e-33 
2.480000e-02 7.674793e-07 3.332291e-33 3.332291e-33 3.604056e-05 3.332291e-33 3.332291e-33 
2.485000e-02 7.143738e-07 3.332291e-33 3.332291e-33 3.288821e-05 3.332291e-33 3.332291e-33 
2.490000e-02 6.658542e-07 3.332291e-33 3.332291e-33 3.001126e-05 3.332291e-33 3.332291e-33 
2.495000e-02 6.261670e-07 3.332291e-33 3.332291e-33 2.738266e-05 3.332291e-33 3.332291e-33 
2.500000e-02 5.865044e-07 3.332291e-33 3.332291e-33 2.498521e-05 3.332291e-33 3.332291e-33 
