       0	        0	        0	        0	        0	        0	        0	 
   5e-05	  2150.75	 1.41754e+07	 1.41754e+07	 1.87713e+07	 4.17304e+06	 4.17304e+06	 
  0.0001	   172388	 5.79004e+07	 5.79004e+07	 7.55852e+07	 1.69306e+07	 1.69306e+07	 
 0.00015	 1.19956e+06	 1.36189e+08	 1.36189e+08	 1.76245e+08	 4.00981e+07	 4.00981e+07	 
  0.0002	 5.55257e+06	 2.62148e+08	 2.62148e+08	 3.422e+08	 8.03624e+07	 8.03624e+07	 
 0.00025	 1.65025e+07	 4.50368e+08	 4.50368e+08	 5.93084e+08	 1.4463e+08	 1.4463e+08	 
  0.0003	 3.6511e+07	 7.04015e+08	 7.04015e+08	 9.32515e+08	 2.35621e+08	 2.35621e+08	 
 0.00035	 6.75692e+07	 1.01978e+09	 1.01978e+09	 1.35636e+09	 3.53964e+08	 3.53964e+08	 
  0.0004	 1.10308e+08	 1.39208e+09	 1.39208e+09	 1.85087e+09	 4.97096e+08	 4.97096e+08	 
 0.00045	 1.63448e+08	 1.81156e+09	 1.81156e+09	 2.39914e+09	 6.60264e+08	 6.60264e+08	 
  0.0005	 2.22865e+08	 2.26375e+09	 2.26375e+09	 2.9809e+09	 8.35756e+08	 8.35756e+08	 
 0.00055	 2.87363e+08	 2.74041e+09	 2.74041e+09	 3.58235e+09	 1.01958e+09	 1.01958e+09	 
  0.0006	 3.54175e+08	 3.23474e+09	 3.23474e+09	 4.1924e+09	 1.2071e+09	 1.2071e+09	 
 0.00065	 4.21253e+08	 3.72979e+09	 3.72979e+09	 4.79689e+09	 1.39361e+09	 1.39361e+09	 
  0.0007	 4.8784e+08	 4.22395e+09	 4.22395e+09	 5.39115e+09	 1.57745e+09	 1.57745e+09	 
 0.00075	 5.53156e+08	 4.70947e+09	 4.70947e+09	 5.96356e+09	 1.75545e+09	 1.75545e+09	 
  0.0008	 6.16426e+08	 5.18295e+09	 5.18295e+09	 6.50904e+09	 1.92588e+09	 1.92588e+09	 
 0.00085	 6.7648e+08	 5.63819e+09	 5.63819e+09	 7.02048e+09	 2.08624e+09	 2.08624e+09	 
  0.0009	 7.32322e+08	 6.07343e+09	 6.07343e+09	 7.49665e+09	 2.23549e+09	 2.23549e+09	 
 0.00095	 7.83794e+08	 6.48543e+09	 6.48543e+09	 7.93343e+09	 2.37258e+09	 2.37258e+09	 
   0.001	 8.30078e+08	 6.87416e+09	 6.87416e+09	 8.32875e+09	 2.49643e+09	 2.49643e+09	 
 0.00105	 8.71479e+08	 7.23819e+09	 7.23819e+09	 8.68185e+09	 2.6071e+09	 2.6071e+09	 
  0.0011	 9.07769e+08	 7.57415e+09	 7.57415e+09	 8.99364e+09	 2.70461e+09	 2.70461e+09	 
 0.00115	 9.38436e+08	 7.88071e+09	 7.88071e+09	 9.26423e+09	 2.78859e+09	 2.78859e+09	 
  0.0012	 9.62946e+08	 8.15627e+09	 8.15627e+09	 9.4923e+09	 2.85834e+09	 2.85834e+09	 
 0.00125	 9.82755e+08	 8.40412e+09	 8.40412e+09	 9.68253e+09	 2.91602e+09	 2.91602e+09	 
  0.0013	 9.97484e+08	 8.62149e+09	 8.62149e+09	 9.83332e+09	 2.96098e+09	 2.96098e+09	 
 0.00135	 1.00769e+09	 8.80925e+09	 8.80925e+09	 9.94742e+09	 2.99428e+09	 2.99428e+09	 
  0.0014	 1.01329e+09	 8.9671e+09	 8.9671e+09	 1.00245e+10	 3.01577e+09	 3.01577e+09	 
 0.00145	 1.01478e+09	 9.09847e+09	 9.09847e+09	 1.00699e+10	 3.02702e+09	 3.02702e+09	 
  0.0015	 1.01245e+09	 9.20277e+09	 9.20277e+09	 1.00832e+10	 3.02816e+09	 3.02816e+09	 
 0.00155	 1.00686e+09	 9.28156e+09	 9.28156e+09	 1.0067e+10	 3.0202e+09	 3.0202e+09	 
  0.0016	 9.9809e+08	 9.3343e+09	 9.3343e+09	 1.00214e+10	 3.00325e+09	 3.00325e+09	 
 0.00165	 9.86388e+08	 9.36207e+09	 9.36207e+09	 9.94771e+09	 2.97777e+09	 2.97777e+09	 
  0.0017	 9.72232e+08	 9.36627e+09	 9.36627e+09	 9.84922e+09	 2.94487e+09	 2.94487e+09	 
 0.00175	 9.55732e+08	 9.34762e+09	 9.34762e+09	 9.72715e+09	 2.90491e+09	 2.90491e+09	 
  0.0018	 9.37233e+08	 9.30772e+09	 9.30772e+09	 9.58335e+09	 2.85857e+09	 2.85857e+09	 
 0.00185	 9.17132e+08	 9.24959e+09	 9.24959e+09	 9.41988e+09	 2.80661e+09	 2.80661e+09	 
  0.0019	 8.9565e+08	 9.17112e+09	 9.17112e+09	 9.23771e+09	 2.74942e+09	 2.74942e+09	 
 0.00195	 8.72869e+08	 9.07523e+09	 9.07523e+09	 9.03895e+09	 2.68753e+09	 2.68753e+09	 
   0.002	 8.4928e+08	 8.96324e+09	 8.96324e+09	 8.82578e+09	 2.62182e+09	 2.62182e+09	 
 0.00205	 8.24881e+08	 8.83663e+09	 8.83663e+09	 8.59918e+09	 2.55248e+09	 2.55248e+09	 
  0.0021	 7.99872e+08	 8.69667e+09	 8.69667e+09	 8.36174e+09	 2.48027e+09	 2.48027e+09	 
 0.00215	 7.74596e+08	 8.54486e+09	 8.54486e+09	 8.11518e+09	 2.40582e+09	 2.40582e+09	 
  0.0022	 7.48834e+08	 8.38087e+09	 8.38087e+09	 7.8591e+09	 2.32887e+09	 2.32887e+09	 
 0.00225	 7.23015e+08	 8.20753e+09	 8.20753e+09	 7.59714e+09	 2.25058e+09	 2.25058e+09	 
  0.0023	 6.97402e+08	 8.02603e+09	 8.02603e+09	 7.33044e+09	 2.1714e+09	 2.1714e+09	 
 0.00235	 6.71789e+08	 7.83697e+09	 7.83697e+09	 7.05959e+09	 2.09129e+09	 2.09129e+09	 
  0.0024	 6.46098e+08	 7.64106e+09	 7.64106e+09	 6.78528e+09	 2.01035e+09	 2.01035e+09	 
 0.00245	 6.20689e+08	 7.44007e+09	 7.44007e+09	 6.50946e+09	 1.92929e+09	 1.92929e+09	 
  0.0025	 5.95936e+08	 7.2348e+09	 7.2348e+09	 6.23448e+09	 1.84893e+09	 1.84893e+09	 
 0.00255	 5.71464e+08	 7.02616e+09	 7.02616e+09	 5.96023e+09	 1.76895e+09	 1.76895e+09	 
  0.0026	 5.47036e+08	 6.81385e+09	 6.81385e+09	 5.68741e+09	 1.68933e+09	 1.68933e+09	 
 0.00265	 5.23683e+08	 6.60181e+09	 6.60181e+09	 5.41985e+09	 1.61171e+09	 1.61171e+09	 
  0.0027	 5.00978e+08	 6.38904e+09	 6.38904e+09	 5.15637e+09	 1.5355e+09	 1.5355e+09	 
 0.00275	 4.79045e+08	 6.17741e+09	 6.17741e+09	 4.89863e+09	 1.46116e+09	 1.46116e+09	 
  0.0028	 4.57374e+08	 5.96563e+09	 5.96563e+09	 4.64516e+09	 1.38798e+09	 1.38798e+09	 
 0.00285	 4.36652e+08	 5.75593e+09	 5.75593e+09	 4.39907e+09	 1.31718e+09	 1.31718e+09	 
  0.0029	 4.16327e+08	 5.54742e+09	 5.54742e+09	 4.15876e+09	 1.24797e+09	 1.24797e+09	 
 0.00295	 3.96414e+08	 5.34039e+09	 5.34039e+09	 3.92472e+09	 1.18047e+09	 1.18047e+09	 
   0.003	 3.7753e+08	 5.13745e+09	 5.13745e+09	 3.69986e+09	 1.11582e+09	 1.11582e+09	 
 0.00305	 3.59203e+08	 4.93735e+09	 4.93735e+09	 3.48259e+09	 1.05328e+09	 1.05328e+09	 
  0.0031	 3.41508e+08	 4.74072e+09	 4.74072e+09	 3.27321e+09	 9.9299e+08	 9.9299e+08	 
 0.00315	 3.2456e+08	 4.54822e+09	 4.54822e+09	 3.07274e+09	 9.35259e+08	 9.35259e+08	 
  0.0032	 3.08084e+08	 4.35933e+09	 4.35933e+09	 2.88001e+09	 8.79616e+08	 8.79616e+08	 
 0.00325	 2.92244e+08	 4.17471e+09	 4.17471e+09	 2.69554e+09	 8.26304e+08	 8.26304e+08	 
  0.0033	 2.77041e+08	 3.9947e+09	 3.9947e+09	 2.51969e+09	 7.75402e+08	 7.75402e+08	 
 0.00335	 2.62572e+08	 3.81982e+09	 3.81982e+09	 2.35258e+09	 7.27014e+08	 7.27014e+08	 
  0.0034	 2.49034e+08	 3.65082e+09	 3.65082e+09	 2.19509e+09	 6.81487e+08	 6.81487e+08	 
 0.00345	 2.36001e+08	 3.48657e+09	 3.48657e+09	 2.04563e+09	 6.38136e+08	 6.38136e+08	 
  0.0035	 2.23568e+08	 3.32751e+09	 3.32751e+09	 1.90429e+09	 5.97057e+08	 5.97057e+08	 
 0.00355	 2.11731e+08	 3.17359e+09	 3.17359e+09	 1.77109e+09	 5.58252e+08	 5.58252e+08	 
  0.0036	 2.00372e+08	 3.02455e+09	 3.02455e+09	 1.64526e+09	 5.21454e+08	 5.21454e+08	 
 0.00365	 1.89182e+08	 2.87941e+09	 2.87941e+09	 1.52584e+09	 4.86214e+08	 4.86214e+08	 
  0.0037	 1.78447e+08	 2.73926e+09	 2.73926e+09	 1.41346e+09	 4.52892e+08	 4.52892e+08	 
 0.00375	 1.68479e+08	 2.60489e+09	 2.60489e+09	 1.30919e+09	 4.21968e+08	 4.21968e+08	 
  0.0038	 1.58822e+08	 2.47488e+09	 2.47488e+09	 1.21102e+09	 3.92641e+08	 3.92641e+08	 
 0.00385	 1.49764e+08	 2.35028e+09	 2.35028e+09	 1.11958e+09	 3.65277e+08	 3.65277e+08	 
  0.0039	 1.41514e+08	 2.23174e+09	 2.23174e+09	 1.03542e+09	 3.40157e+08	 3.40157e+08	 
 0.00395	 1.33429e+08	 2.11723e+09	 2.11723e+09	 9.5598e+08	 3.16216e+08	 3.16216e+08	 
   0.004	 1.25707e+08	 2.00734e+09	 2.00734e+09	 8.81827e+08	 2.93732e+08	 2.93732e+08	 
 0.00405	 1.18395e+08	 1.90229e+09	 1.90229e+09	 8.12804e+08	 2.72707e+08	 2.72707e+08	 
  0.0041	 1.11333e+08	 1.80128e+09	 1.80128e+09	 7.4822e+08	 2.52862e+08	 2.52862e+08	 
 0.00415	 1.04675e+08	 1.70477e+09	 1.70477e+09	 6.88417e+08	 2.34394e+08	 2.34394e+08	 
  0.0042	 9.84337e+07	 1.61282e+09	 1.61282e+09	 6.33158e+08	 2.1726e+08	 2.1726e+08	 
 0.00425	 9.25844e+07	 1.52518e+09	 1.52518e+09	 5.82207e+08	 2.01388e+08	 2.01388e+08	 
  0.0043	 8.7088e+07	 1.44166e+09	 1.44166e+09	 5.35361e+08	 1.86703e+08	 1.86703e+08	 
 0.00435	 8.19156e+07	 1.36211e+09	 1.36211e+09	 4.92258e+08	 1.73102e+08	 1.73102e+08	 
  0.0044	 7.69331e+07	 1.2861e+09	 1.2861e+09	 4.52096e+08	 1.60302e+08	 1.60302e+08	 
 0.00445	 7.22651e+07	 1.21387e+09	 1.21387e+09	 4.15219e+08	 1.48476e+08	 1.48476e+08	 
  0.0045	 6.78486e+07	 1.14516e+09	 1.14516e+09	 3.81171e+08	 1.37475e+08	 1.37475e+08	 
 0.00455	 6.3579e+07	 1.07958e+09	 1.07958e+09	 3.49465e+08	 1.27109e+08	 1.27109e+08	 
  0.0046	 5.94786e+07	 1.01708e+09	 1.01708e+09	 3.19982e+08	 1.17368e+08	 1.17368e+08	 
 0.00465	 5.57392e+07	 9.58152e+08	 9.58152e+08	 2.93353e+08	 1.08542e+08	 1.08542e+08	 
  0.0047	 5.22636e+07	 9.0245e+08	 9.0245e+08	 2.69004e+08	 1.00428e+08	 1.00428e+08	 
 0.00475	 4.89276e+07	 8.49495e+08	 8.49495e+08	 2.4631e+08	 9.27899e+07	 9.27899e+07	 
  0.0048	 4.58202e+07	 7.99434e+08	 7.99434e+08	 2.25736e+08	 8.58011e+07	 8.58011e+07	 
 0.00485	 4.29997e+07	 7.52311e+08	 7.52311e+08	 2.07257e+08	 7.9501e+07	 7.9501e+07	 
  0.0049	 4.03352e+07	 7.07702e+08	 7.07702e+08	 1.87064e+08	 7.29413e+07	 7.29413e+07	 
 0.00495	 3.77838e+07	 6.65377e+08	 6.65377e+08	 1.7223e+08	 6.76604e+07	 6.76604e+07	 
   0.005	 3.53133e+07	 6.25146e+08	 6.25146e+08	 1.58317e+08	 6.26472e+07	 6.26472e+07	 
 0.00505	 3.29726e+07	 5.87075e+08	 5.87075e+08	 1.45405e+08	 5.79574e+07	 5.79574e+07	 
  0.0051	 3.07654e+07	 5.51104e+08	 5.51104e+08	 1.33511e+08	 5.35976e+07	 5.35976e+07	 
 0.00515	 2.87272e+07	 5.1727e+08	 5.1727e+08	 1.22657e+08	 4.96003e+07	 4.96003e+07	 
  0.0052	 2.68107e+07	 4.85345e+08	 4.85345e+08	 1.12564e+08	 4.58668e+07	 4.58668e+07	 
 0.00525	 2.4991e+07	 4.55168e+08	 4.55168e+08	 1.03303e+08	 4.23935e+07	 4.23935e+07	 
  0.0053	 2.33468e+07	 4.26932e+08	 4.26932e+08	 9.49784e+07	 3.92647e+07	 3.92647e+07	 
 0.00535	 2.18436e+07	 4.00465e+08	 4.00465e+08	 8.73649e+07	 3.64038e+07	 3.64038e+07	 
  0.0054	 2.04536e+07	 3.75593e+08	 3.75593e+08	 8.04883e+07	 3.37945e+07	 3.37945e+07	 
 0.00545	 1.90968e+07	 3.52013e+08	 3.52013e+08	 7.39895e+07	 3.12951e+07	 3.12951e+07	 
  0.0055	 1.77952e+07	 3.29724e+08	 3.29724e+08	 6.78851e+07	 2.89262e+07	 2.89262e+07	 
 0.00555	 1.65911e+07	 3.08806e+08	 3.08806e+08	 6.23924e+07	 2.6769e+07	 2.6769e+07	 
  0.0056	 1.54599e+07	 2.89114e+08	 2.89114e+08	 5.73516e+07	 2.47691e+07	 2.47691e+07	 
 0.00565	 1.43775e+07	 2.70533e+08	 2.70533e+08	 5.26149e+07	 2.28746e+07	 2.28746e+07	 
  0.0057	 1.33603e+07	 2.53058e+08	 2.53058e+08	 4.8278e+07	 2.11197e+07	 2.11197e+07	 
 0.00575	 1.24394e+07	 2.36743e+08	 2.36743e+08	 4.43868e+07	 1.95387e+07	 1.95387e+07	 
  0.0058	 1.1584e+07	 2.21435e+08	 2.21435e+08	 4.08437e+07	 1.80861e+07	 1.80861e+07	 
 0.00585	 1.08032e+07	 2.07131e+08	 2.07131e+08	 3.75305e+07	 1.67425e+07	 1.67425e+07	 
  0.0059	 1.00598e+07	 1.93672e+08	 1.93672e+08	 3.45702e+07	 1.55065e+07	 1.55065e+07	 
 0.00595	 9.37805e+06	 1.81091e+08	 1.81091e+08	 3.18559e+07	 1.43731e+07	 1.43731e+07	 
   0.006	 8.73827e+06	 1.69278e+08	 1.69278e+08	 2.93441e+07	 1.33173e+07	 1.33173e+07	 
 0.00605	 8.14917e+06	 1.58226e+08	 1.58226e+08	 2.70862e+07	 1.23574e+07	 1.23574e+07	 
  0.0061	 7.56811e+06	 1.47767e+08	 1.47767e+08	 2.49241e+07	 1.14249e+07	 1.14249e+07	 
 0.00615	 7.01835e+06	 1.37938e+08	 1.37938e+08	 2.28241e+07	 1.05307e+07	 1.05307e+07	 
  0.0062	 6.50861e+06	 1.28746e+08	 1.28746e+08	 2.10238e+07	 9.73418e+06	 9.73418e+06	 
 0.00625	 6.06058e+06	 1.20224e+08	 1.20224e+08	 1.94419e+07	 9.03418e+06	 9.03418e+06	 
  0.0063	 5.62682e+06	 1.12189e+08	 1.12189e+08	 1.79316e+07	 8.36118e+06	 8.36118e+06	 
 0.00635	 5.22074e+06	 1.04665e+08	 1.04665e+08	 1.6553e+07	 7.73899e+06	 7.73899e+06	 
  0.0064	 4.83943e+06	 9.76198e+07	 9.76198e+07	 1.52738e+07	 7.15816e+06	 7.15816e+06	 
 0.00645	 4.50521e+06	 9.10997e+07	 9.10997e+07	 1.41197e+07	 6.64175e+06	 6.64175e+06	 
  0.0065	 4.19749e+06	 8.50122e+07	 8.50122e+07	 1.30968e+07	 6.1751e+06	 6.1751e+06	 
 0.00655	 3.90756e+06	 7.93138e+07	 7.93138e+07	 1.21483e+07	 5.73881e+06	 5.73881e+06	 
  0.0066	 3.62525e+06	 7.39398e+07	 7.39398e+07	 1.12438e+07	 5.31823e+06	 5.31823e+06	 
 0.00665	 3.35871e+06	 6.89055e+07	 6.89055e+07	 1.04081e+07	 4.92521e+06	 4.92521e+06	 
  0.0067	 3.11366e+06	 6.42108e+07	 6.42108e+07	 9.6516e+06	 4.56652e+06	 4.56652e+06	 
 0.00675	 2.89357e+06	 5.98503e+07	 5.98503e+07	 8.95499e+06	 4.24053e+06	 4.24053e+06	 
  0.0068	 2.68159e+06	 5.57542e+07	 5.57542e+07	 8.32406e+06	 3.93546e+06	 3.93546e+06	 
 0.00685	 2.47492e+06	 5.18972e+07	 5.18972e+07	 7.72389e+06	 3.64135e+06	 3.64135e+06	 
  0.0069	 2.29226e+06	 4.83281e+07	 4.83281e+07	 7.19221e+06	 3.38113e+06	 3.38113e+06	 
 0.00695	 2.12366e+06	 4.50012e+07	 4.50012e+07	 6.70876e+06	 3.14256e+06	 3.14256e+06	 
   0.007	 1.976e+06	 4.19277e+07	 4.19277e+07	 6.28428e+06	 2.93338e+06	 2.93338e+06	 
 0.00705	 1.83907e+06	 3.90614e+07	 3.90614e+07	 5.89412e+06	 2.74018e+06	 2.74018e+06	 
  0.0071	 1.70637e+06	 3.63686e+07	 3.63686e+07	 5.51049e+06	 2.55172e+06	 2.55172e+06	 
 0.00715	 1.58044e+06	 3.38485e+07	 3.38485e+07	 5.17288e+06	 2.37875e+06	 2.37875e+06	 
  0.0072	 1.46435e+06	 3.15001e+07	 3.15001e+07	 4.86595e+06	 2.22025e+06	 2.22025e+06	 
 0.00725	 1.35724e+06	 2.93128e+07	 2.93128e+07	 4.58704e+06	 2.07497e+06	 2.07497e+06	 
  0.0073	 1.25688e+06	 2.72706e+07	 2.72706e+07	 4.3311e+06	 1.94004e+06	 1.94004e+06	 
 0.00735	 1.15962e+06	 2.53535e+07	 2.53535e+07	 4.08373e+06	 1.80942e+06	 1.80942e+06	 
  0.0074	 1.0699e+06	 2.35689e+07	 2.35689e+07	 3.85483e+06	 1.68877e+06	 1.68877e+06	 
 0.00745	   988585	 2.19122e+07	 2.19122e+07	 3.66245e+06	 1.58277e+06	 1.58277e+06	 
  0.0075	   915194	 2.03758e+07	 2.03758e+07	 3.49045e+06	 1.48747e+06	 1.48747e+06	 
 0.00755	   851891	 1.89612e+07	 1.89612e+07	 3.34322e+06	 1.40551e+06	 1.40551e+06	 
  0.0076	   790719	 1.76362e+07	 1.76362e+07	 3.20367e+06	 1.32692e+06	 1.32692e+06	 
 0.00765	   732320	 1.63964e+07	 1.63964e+07	 3.07292e+06	 1.25245e+06	 1.25245e+06	 
  0.0077	   677860	 1.52406e+07	 1.52406e+07	 2.95483e+06	 1.18385e+06	 1.18385e+06	 
 0.00775	   626866	 1.41632e+07	 1.41632e+07	 2.84337e+06	 1.11942e+06	 1.11942e+06	 
  0.0078	   580960	 1.31668e+07	 1.31668e+07	 2.74879e+06	 1.06269e+06	 1.06269e+06	 
 0.00785	   535967	 1.22296e+07	 1.22296e+07	 2.65694e+06	 1.00729e+06	 1.00729e+06	 
  0.0079	   492936	 1.13533e+07	 1.13533e+07	 2.5706e+06	   954634	   954634	 
 0.00795	   455352	 1.0545e+07	 1.0545e+07	 2.49777e+06	   909218	   909218	 
   0.008	   419315	 9.78997e+06	 9.78997e+06	 2.42754e+06	   865583	   865583	 
 0.00805	   389192	 9.09826e+06	 9.09826e+06	 2.37095e+06	   829578	   829578	 
  0.0081	   361318	 8.4555e+06	 8.4555e+06	 2.31986e+06	   796544	   796544	 
 0.00815	   334564	 7.85432e+06	 7.85432e+06	 2.27168e+06	   765030	   765030	 
  0.0082	   309745	 7.29531e+06	 7.29531e+06	 2.22648e+06	   735681	   735681	 
 0.00825	   286327	 6.7741e+06	 6.7741e+06	 2.18388e+06	   708001	   708001	 
  0.0083	   265246	 6.29146e+06	 6.29146e+06	 2.14586e+06	   683155	   683155	 
 0.00835	   245051	 5.84066e+06	 5.84066e+06	 2.10875e+06	   659203	   659203	 
  0.0084	   225418	 5.41853e+06	 5.41853e+06	 2.07046e+06	   635422	   635422	 
 0.00845	   207274	 5.02638e+06	 5.02638e+06	 2.03583e+06	   613615	   613615	 
  0.0085	   190722	 4.66272e+06	 4.66272e+06	 2.00302e+06	   593451	   593451	 
 0.00855	   175921	 4.32659e+06	 4.32659e+06	 1.97214e+06	   575075	   575075	 
  0.0086	   163178	 4.01763e+06	 4.01763e+06	 1.94467e+06	   559060	   559060	 
 0.00865	   151270	 3.73018e+06	 3.73018e+06	 1.91659e+06	   543558	   543558	 
  0.0087	   140107	 3.46267e+06	 3.46267e+06	 1.88936e+06	   528825	   528825	 
 0.00875	   129540	 3.21335e+06	 3.21335e+06	 1.86169e+06	   514458	   514458	 
  0.0088	   119807	 2.98191e+06	 2.98191e+06	 1.83374e+06	   500677	   500677	 
 0.00885	   110822	 2.76691e+06	 2.76691e+06	 1.8063e+06	   487591	   487591	 
  0.0089	   102062	 2.56581e+06	 2.56581e+06	 1.77759e+06	   474398	   474398	 
 0.00895	  93533.6	 2.37763e+06	 2.37763e+06	 1.74627e+06	   460804	   460804	 
   0.009	  86044.6	 2.20422e+06	 2.20422e+06	 1.71722e+06	   448524	   448524	 
 0.00905	  78969.6	 2.04275e+06	 2.04275e+06	 1.68763e+06	   436445	   436445	 
  0.0091	  72817.9	 1.894e+06	 1.894e+06	 1.65829e+06	   425141	   425141	 
 0.00915	  67530.7	 1.75737e+06	 1.75737e+06	 1.62935e+06	   414597	   414597	 
  0.0092	  62598.2	 1.63031e+06	 1.63031e+06	 1.59693e+06	   403557	   403557	 
 0.00925	  57857.9	 1.51183e+06	 1.51183e+06	 1.56562e+06	   392913	   392913	 
  0.0093	  53560.8	 1.40205e+06	 1.40205e+06	 1.53528e+06	   382827	   382827	 
 0.00935	  49610.7	 1.30019e+06	 1.30019e+06	 1.5043e+06	   372871	   372871	 
  0.0094	    45559	 1.20445e+06	 1.20445e+06	 1.47265e+06	   362686	   362686	 
 0.00945	  41796.1	 1.11548e+06	 1.11548e+06	 1.44023e+06	   352555	   352555	 
  0.0095	  38314.7	 1.03293e+06	 1.03293e+06	 1.40764e+06	   342606	   342606	 
 0.00955	  35207.1	   956640	   956640	 1.37509e+06	   332957	   332957	 
  0.0096	  32325.2	   885855	   885855	 1.34107e+06	   323155	   323155	 
 0.00965	  29439.8	   819617	   819617	 1.30858e+06	   313689	   313689	 
  0.0097	  27152.4	   759332	   759332	 1.27639e+06	   304757	   304757	 
 0.00975	  25124.5	   703689	   703689	 1.24181e+06	   295495	   295495	 
  0.0098	  23236.4	   652005	   652005	 1.20947e+06	   286842	   286842	 
 0.00985	    21547	   604238	   604238	 1.17739e+06	   278397	   278397	 
  0.0099	  19897.9	   559663	   559663	 1.1443e+06	   269762	   269762	 
 0.00995	  18273.2	   518013	   518013	 1.11199e+06	   261318	   261318	 
    0.01	  16690.4	   479133	   479133	 1.07972e+06	   252916	   252916	 
 0.01005	  15186.7	   443016	   443016	 1.04726e+06	   244534	   244534	 
  0.0101	  13918.7	   409863	   409863	 1.01565e+06	   236523	   236523	 
 0.01015	  12784.9	   379262	   379262	   983952	   228597	   228597	 
  0.0102	  11522.2	   350320	   350320	   953517	   220852	   220852	 
 0.01025	  10699.6	   324514	   324514	   923522	   213547	   213547	 
  0.0103	  9900.45	   300482	   300482	   893822	   206325	   206325	 
 0.01035	  9053.89	   277895	   277895	   864530	   199157	   199157	 
  0.0104	  8377.87	   257277	   257277	   835743	   192235	   192235	 
 0.01045	  7709.94	   238035	   238035	   807112	   185353	   185353	 
  0.0105	  6937.21	   219743	   219743	   779039	   178513	   178513	 
 0.01055	  6356.05	   203194	   203194	   751351	   171909	   171909	 
  0.0106	  5731.99	   187601	   187601	   724445	   165444	   165444	 
 0.01065	  5242.99	   173424	   173424	   697959	   159178	   159178	 
  0.0107	  4826.44	   160408	   160408	   671994	   153084	   153084	 
 0.01075	  4486.44	   148502	   148502	   646975	   147260	   147260	 
  0.0108	  4159.52	   137441	   137441	   622392	   141543	   141543	 
 0.01085	  3859.29	   127198	   127198	   598349	   135967	   135967	 
  0.0109	  3581.43	   117718	   117718	   574851	   130529	   130529	 
 0.01095	  3281.92	   108805	   108805	   552095	   125239	   125239	 
   0.011	  2969.04	   100442	   100442	   529250	   119919	   119919	 
 0.01105	  2715.99	  92812.3	  92812.3	   507665	   114926	   114926	 
  0.0111	  2481.07	  85748.7	  85748.7	   486727	   110090	   110090	 
 0.01115	  2225.91	  79086.9	  79086.9	   466331	   105359	   105359	 
  0.0112	  2036.38	  73066.8	  73066.8	   446321	   100765	   100765	 
 0.01125	  1881.09	  67560.7	  67560.7	   427048	  96361.5	  96361.5	 
  0.0113	  1732.24	  62452.7	  62452.7	   408516	  92127.6	  92127.6	 
 0.01135	  1585.18	  57695.6	  57695.6	   389556	  87799.9	  87799.9	 
  0.0114	  1443.14	  53275.5	  53275.5	   372228	  83838.8	  83838.8	 
 0.01145	  1336.05	  49258.3	  49258.3	   355458	    80029	    80029	 
  0.0115	  1128.93	  45211.6	  45211.6	   339190	  76252.8	  76252.8	 
 0.01155	  1033.55	  41760.1	  41760.1	   323496	  72691.1	  72691.1	 
  0.0116	  947.279	    38573	    38573	   308341	  69256.1	  69256.1	 
 0.01165	  868.619	  35627.9	  35627.9	   293713	  65944.5	  65944.5	 
  0.0117	  754.238	    32776	    32776	   279602	  62719.7	  62719.7	 
 0.01175	  691.568	  30271.2	  30271.2	   266024	  59653.8	  59653.8	 
  0.0118	  619.546	  27913.3	  27913.3	   252978	  56698.5	  56698.5	 
 0.01185	  555.627	  25741.2	  25741.2	   240428	  53859.9	  53859.9	 
  0.0119	  377.565	  23364.7	  23364.7	   228321	  51031.2	  51031.2	 
 0.01195	  351.271	  21594.5	  21594.5	   216741	  48437.3	  48437.3	 
   0.012	   324.97	  19951.5	  19951.5	   205616	  45944.8	  45944.8	 
 0.01205	  298.659	  18426.1	  18426.1	   194948	  43553.7	  43553.7	 
  0.0121	  272.516	  17010.3	  17010.3	   184494	  41210.2	  41210.2	 
 0.01215	  249.844	  15706.2	  15706.2	   174727	  39022.1	  39022.1	 
  0.0122	  227.137	  14494.9	  14494.9	   165378	    36927	    36927	 
 0.01225	  206.446	  13376.9	  13376.9	   156366	  34908.3	  34908.3	 
  0.0123	  189.859	  12350.9	  12350.9	   147735	  32977.4	  32977.4	 
 0.01235	  178.414	  11416.2	  11416.2	   139621	  31165.3	  31165.3	 
  0.0124	  167.179	  10549.8	  10549.8	   131879	  29436.2	  29436.2	 
 0.01245	  155.941	  9747.09	  9747.09	   124503	  27788.3	  27788.3	 
  0.0125	  144.701	  9002.21	  9002.21	   117476	    26218	    26218	 
 0.01255	  133.455	  8311.29	  8311.29	   110791	  24723.8	  24723.8	 
  0.0126	  122.205	  7670.29	  7670.29	   104434	  23302.3	  23302.3	 
 0.01265	  73.5761	  6958.99	  6958.99	  98376.5	  21918.4	  21918.4	 
  0.0127	  66.8829	  6421.19	  6421.19	  92643.8	  20639.3	  20639.3	 
 0.01275	   60.189	  5922.65	  5922.65	  87207.6	  19426.1	  19426.1	 
  0.0128	  19.1732	  5351.87	  5351.87	  82034.7	  18244.7	  18244.7	 
 0.01285	  17.3289	  4938.97	  4938.97	  77110.8	    17149	    17149	 
  0.0129	  16.3721	     4560	     4560	  72489.5	  16121.3	  16121.3	 
 0.01295	  15.4153	  4209.81	  4209.81	  68116.1	  15148.7	  15148.7	 
   0.013	  14.4584	  3886.21	  3886.21	  63981.4	  14229.2	  14229.2	 
 0.01305	  13.5016	  3587.15	  3587.15	  60074.2	  13360.2	  13360.2	 
  0.0131	  12.5447	  3310.69	  3310.69	  56383.6	  12539.3	  12539.3	 
 0.01315	  11.5878	  3055.23	  3055.23	  52900.6	  11764.6	  11764.6	 
  0.0132	  10.6309	  2819.15	  2819.15	  49615.4	  11033.8	  11033.8	 
 0.01325	  9.67404	  2600.89	  2600.89	  46517.9	  10344.7	  10344.7	 
  0.0133	  8.71714	  2399.19	  2399.19	    43600	  9695.55	  9695.55	 
 0.01335	  7.15847	  2210.75	  2210.75	  40851.4	  9083.55	  9083.55	 
  0.0134	 1.42798e-33	  2018.48	  2018.48	    38263	   8502.8	   8502.8	 
 0.01345	 1.42798e-33	  1862.22	  1862.22	  35829.7	  7962.07	  7962.07	 
  0.0135	 1.42798e-33	  1717.98	  1717.98	  33542.4	  7453.78	  7453.78	 
 0.01355	 1.42798e-33	  1584.87	  1584.87	    31392	  6975.91	  6975.91	 
  0.0136	 1.42798e-33	  1461.97	  1461.97	  29371.6	  6526.94	  6526.94	 
 0.01365	 1.42798e-33	  1348.56	  1348.56	  27475.1	  6105.51	  6105.51	 
  0.0137	 1.42798e-33	  1243.86	  1243.86	  25694.2	  5709.76	  5709.76	 
 0.01375	 1.42798e-33	  1147.29	  1147.29	  24022.8	  5338.35	  5338.35	 
  0.0138	 1.42798e-33	  1058.14	  1058.14	  22454.9	  4989.91	  4989.91	 
 0.01385	 1.42798e-33	   975.87	   975.87	    20985	  4663.28	  4663.28	 
  0.0139	 1.42798e-33	  899.923	  899.923	  19606.4	  4356.92	  4356.92	 
 0.01395	 1.42798e-33	  829.886	  829.886	  18315.2	     4070	     4070	 
   0.014	 1.42798e-33	  765.253	  765.253	  17104.6	  3800.99	  3800.99	 
 0.01405	 1.42798e-33	  705.622	  705.622	  15970.9	  3549.04	  3549.04	 
  0.0141	 1.42798e-33	  650.605	  650.605	  14909.3	  3313.15	  3313.15	 
 0.01415	 1.42798e-33	  599.872	  599.872	  13915.5	  3092.29	  3092.29	 
  0.0142	 1.42798e-33	  553.054	  553.054	  12984.7	  2885.47	  2885.47	 
 0.01425	 1.42798e-33	  509.866	  509.866	  12114.1	  2691.99	  2691.99	 
  0.0143	 1.42798e-33	  470.034	  470.034	  11299.7	  2511.01	  2511.01	 
 0.01435	 1.42798e-33	  433.294	  433.294	  10537.7	   2341.7	   2341.7	 
  0.0144	 1.42798e-33	  399.409	  399.409	  9825.24	  2183.36	  2183.36	 
 0.01445	 1.42798e-33	  368.155	  368.155	  9158.36	  2035.17	  2035.17	 
  0.0145	 1.42798e-33	  339.334	  339.334	  8535.59	  1896.78	  1896.78	 
 0.01455	 1.42798e-33	  312.756	  312.756	  7953.11	  1767.34	  1767.34	 
  0.0146	 1.42798e-33	  288.247	  288.247	  7409.04	  1646.43	  1646.43	 
 0.01465	 1.42798e-33	  265.648	  265.648	  6900.79	  1533.49	  1533.49	 
  0.0147	 1.42798e-33	  244.811	  244.811	  6425.99	  1427.98	  1427.98	 
 0.01475	 1.42798e-33	  225.601	  225.601	  5982.59	  1329.45	  1329.45	 
  0.0148	 1.42798e-33	  207.886	  207.886	   5568.7	  1237.48	  1237.48	 
 0.01485	 1.42798e-33	  191.556	  191.556	  5182.34	  1151.62	  1151.62	 
  0.0149	 1.42798e-33	  176.506	  176.506	  4821.83	  1071.51	  1071.51	 
 0.01495	 1.42798e-33	  162.628	  162.628	   4485.5	  996.767	  996.767	 
   0.015	 1.42798e-33	  149.836	  149.836	  4171.75	  927.046	  927.046	 
 0.01505	 1.42798e-33	  138.044	  138.044	  3879.23	   862.04	   862.04	 
  0.0151	 1.42798e-33	  127.176	  127.176	  3606.54	  801.445	  801.445	 
 0.01515	 1.42798e-33	   117.16	   117.16	  3352.34	  744.956	  744.956	 
  0.0152	 1.42798e-33	  107.931	  107.931	  3115.55	  692.336	  692.336	 
 0.01525	 1.42798e-33	  99.4179	  99.4179	  2894.95	  643.316	  643.316	 
  0.0153	 1.42798e-33	    91.58	    91.58	  2689.41	  597.641	  597.641	 
 0.01535	 1.42798e-33	  84.3538	  84.3538	  2498.17	  555.143	  555.143	 
  0.0154	 1.42798e-33	  77.6939	  77.6939	  2320.01	  515.551	  515.551	 
 0.01545	 1.42798e-33	  71.5601	  71.5601	  2154.24	  478.714	  478.714	 
  0.0155	 1.42798e-33	  65.9079	  65.9079	  2000.03	  444.445	  444.445	 
 0.01555	 1.42798e-33	  60.7005	  60.7005	  1856.54	  412.559	  412.559	 
  0.0156	 1.42798e-33	  55.9018	  55.9018	  1723.09	  382.904	  382.904	 
 0.01565	 1.42798e-33	  51.4809	  51.4809	  1598.99	  355.327	  355.327	 
  0.0157	 1.42798e-33	  47.4076	  47.4076	  1483.63	  329.693	  329.693	 
 0.01575	 1.42798e-33	   43.655	   43.655	  1376.42	  305.867	  305.867	 
  0.0158	 1.42798e-33	  40.1985	  40.1985	   1276.8	  283.731	  283.731	 
 0.01585	 1.42798e-33	  37.0143	  37.0143	  1184.18	  263.149	  263.149	 
  0.0159	 1.42798e-33	  34.0812	  34.0812	  1098.18	  244.038	  244.038	 
 0.01595	 1.42798e-33	  31.3795	  31.3795	  1018.26	  226.278	  226.278	 
   0.016	 1.42798e-33	  28.8912	  28.8912	  944.048	  209.786	  209.786	 
 0.01605	 1.42798e-33	  26.5993	  26.5993	  875.155	  194.477	  194.477	 
  0.0161	 1.42798e-33	  24.4882	  24.4882	  811.204	  180.266	  180.266	 
 0.01615	 1.42798e-33	  22.5443	  22.5443	  751.862	  167.079	  167.079	 
  0.0162	 1.42798e-33	  20.7539	  20.7539	   696.77	  154.836	  154.836	 
 0.01625	 1.42798e-33	  19.1053	  19.1053	   645.64	  143.474	  143.474	 
  0.0163	 1.42798e-33	  17.5868	  17.5868	  598.198	  132.931	  132.931	 
 0.01635	 1.42798e-33	  16.1887	  16.1887	  554.194	  123.153	  123.153	 
  0.0164	 1.42798e-33	  14.9012	  14.9012	  513.375	  114.082	  114.082	 
 0.01645	 1.42798e-33	  13.7157	  13.7157	  475.514	  105.669	  105.669	 
  0.0165	 1.42798e-33	   12.624	   12.624	  440.406	  97.8669	  97.8669	 
 0.01655	 1.42798e-33	  11.6188	  11.6188	  407.853	   90.633	   90.633	 
  0.0166	 1.42798e-33	  10.6936	  10.6936	  377.672	  83.9262	  83.9262	 
 0.01665	 1.42798e-33	  9.84184	  9.84184	  349.697	  77.7095	  77.7095	 
  0.0167	 1.42798e-33	  9.05723	  9.05723	  323.759	  71.9457	  71.9457	 
 0.01675	 1.42798e-33	  8.33499	  8.33499	  299.723	  66.6043	  66.6043	 
  0.0168	 1.42798e-33	  7.67065	  7.67065	  277.443	  61.6533	  61.6533	 
 0.01685	 1.42798e-33	  7.05842	  7.05842	  256.805	  57.0672	  57.0672	 
  0.0169	 1.42798e-33	  6.49535	  6.49535	  237.681	  52.8174	  52.8174	 
 0.01695	 1.42798e-33	   5.9768	   5.9768	  219.963	  48.8802	  48.8802	 
   0.017	 1.42798e-33	  5.49951	  5.49951	  203.554	  45.2337	  45.2337	 
 0.01705	 1.42798e-33	  5.06016	  5.06016	  188.353	  41.8558	  41.8558	 
  0.0171	 1.42798e-33	  4.65591	  4.65591	  174.271	  38.7263	  38.7263	 
 0.01715	 1.42798e-33	  4.28373	  4.28373	  161.229	  35.8284	  35.8284	 
  0.0172	 1.42798e-33	  3.94121	  3.94121	  149.154	   33.145	   33.145	 
 0.01725	 1.42798e-33	  3.62598	  3.62598	  137.976	   30.661	   30.661	 
  0.0173	 1.42798e-33	  3.33588	  3.33588	  127.619	  28.3595	  28.3595	 
 0.01735	 1.42798e-33	  3.06889	  3.06889	  118.038	  26.2304	  26.2304	 
  0.0174	 1.42798e-33	  2.82323	  2.82323	  109.164	  24.2585	  24.2585	 
 0.01745	 1.42798e-33	   2.5971	   2.5971	   100.96	  22.4352	  22.4352	 
  0.0175	 1.42798e-33	  2.38906	  2.38906	  93.3554	  20.7454	  20.7454	 
 0.01755	 1.42798e-33	  2.19762	  2.19762	  86.3216	  19.1824	  19.1824	 
  0.0176	 1.42798e-33	  2.02146	  2.02146	  79.8125	  17.7359	  17.7359	 
 0.01765	 1.42798e-33	  1.85942	  1.85942	  73.7886	  16.3973	  16.3973	 
  0.0177	 1.42798e-33	  1.71027	  1.71027	  68.2155	  15.1588	  15.1588	 
 0.01775	 1.42798e-33	  1.57303	  1.57303	  63.0599	  14.0132	  14.0132	 
  0.0178	 1.42798e-33	  1.44679	  1.44679	  58.2891	   12.953	   12.953	 
 0.01785	 1.42798e-33	  1.33068	  1.33068	  53.8765	  11.9724	  11.9724	 
  0.0179	 1.42798e-33	  1.22383	  1.22383	  49.7946	  11.0653	  11.0653	 
 0.01795	 1.42798e-33	   1.1255	   1.1255	  46.0192	  10.2264	  10.2264	 
   0.018	 1.42798e-33	  1.03511	  1.03511	  42.5274	  9.45042	  9.45042	 
 0.01805	 1.42798e-33	 0.951881	 0.951881	  39.2987	  8.73294	  8.73294	 
  0.0181	 1.42798e-33	 0.875352	 0.875352	  36.3126	  8.06937	  8.06937	 
 0.01815	 1.42798e-33	 0.804997	 0.804997	  33.5508	  7.45564	  7.45564	 
  0.0182	 1.42798e-33	 0.740243	 0.740243	  30.9981	  6.88838	  6.88838	 
 0.01825	 1.42798e-33	  0.68064	  0.68064	  28.6378	  6.36387	  6.36387	 
  0.0183	 1.42798e-33	 0.625887	 0.625887	  26.4554	  5.87891	  5.87891	 
 0.01835	 1.42798e-33	 0.575499	 0.575499	   24.438	  5.43061	  5.43061	 
  0.0184	 1.42798e-33	 0.529148	 0.529148	  22.5727	  5.01611	  5.01611	 
 0.01845	 1.42798e-33	 0.486532	 0.486532	  20.8489	  4.63303	  4.63303	 
  0.0185	 1.42798e-33	 0.447325	 0.447325	  19.2558	  4.27903	  4.27903	 
 0.01855	 1.42798e-33	 0.411277	 0.411277	  17.7837	  3.95188	  3.95188	 
  0.0186	 1.42798e-33	 0.378117	 0.378117	  16.4233	  3.64958	  3.64958	 
 0.01865	 1.42798e-33	 0.347629	 0.347629	  15.1656	  3.37009	  3.37009	 
  0.0187	 1.42798e-33	 0.319587	 0.319587	  14.0037	   3.1119	   3.1119	 
 0.01875	 1.42798e-33	 0.293803	 0.293803	    12.93	   2.8733	   2.8733	 
  0.0188	 1.42798e-33	 0.270094	 0.270094	  11.9384	  2.65295	  2.65295	 
 0.01885	 1.42798e-33	 0.248287	 0.248287	  11.0221	  2.44933	  2.44933	 
  0.0189	 1.42798e-33	 0.228243	 0.228243	   10.175	  2.26109	  2.26109	 
 0.01895	 1.42798e-33	 0.209807	 0.209807	  9.39333	  2.08738	  2.08738	 
   0.019	 1.42798e-33	 0.192855	 0.192855	  8.67094	  1.92685	  1.92685	 
 0.01905	 1.42798e-33	 0.177269	 0.177269	  8.00331	  1.77849	  1.77849	 
  0.0191	 1.42798e-33	 0.162944	 0.162944	  7.38729	   1.6416	   1.6416	 
 0.01915	 1.42798e-33	 0.149767	 0.149767	  6.81813	  1.51512	  1.51512	 
  0.0192	 1.42798e-33	 0.137656	 0.137656	  6.29254	  1.39833	  1.39833	 
 0.01925	 1.42798e-33	 0.126521	 0.126521	  5.80717	  1.29047	  1.29047	 
  0.0193	 1.42798e-33	 0.116284	 0.116284	  5.35891	  1.19085	  1.19085	 
 0.01935	 1.42798e-33	 0.106874	 0.106874	  4.94509	   1.0989	   1.0989	 
  0.0194	 1.42798e-33	 0.0982196	 0.0982196	  4.56299	  1.01399	  1.01399	 
 0.01945	 1.42798e-33	 0.0902669	 0.0902669	  4.21016	  0.93558	  0.93558	 
  0.0195	 1.42798e-33	 0.0829529	 0.0829529	  3.88447	 0.863206	 0.863206	 
 0.01955	 1.42798e-33	 0.0762364	 0.0762364	  3.58381	 0.796393	 0.796393	 
  0.0196	 1.42798e-33	 0.0700554	 0.0700554	  3.30626	 0.734716	 0.734716	 
 0.01965	 1.42798e-33	 0.0643795	 0.0643795	  3.05008	 0.677787	 0.677787	 
  0.0197	 1.42798e-33	 0.0591595	 0.0591595	  2.81359	 0.625235	 0.625235	 
 0.01975	 1.42798e-33	 0.0543619	 0.0543619	  2.59535	 0.576738	 0.576738	 
  0.0198	 1.42798e-33	 0.0499525	 0.0499525	  2.39392	 0.531976	 0.531976	 
 0.01985	 1.42798e-33	 0.0458996	 0.0458996	    2.208	 0.490661	 0.490661	 
  0.0199	 1.42798e-33	 0.042175	 0.042175	  2.03645	  0.45254	  0.45254	 
 0.01995	 1.42798e-33	 0.0387514	 0.0387514	  1.87813	 0.417358	 0.417358	 
    0.02	 1.42798e-33	 0.0356051	 0.0356051	  1.73206	 0.384898	 0.384898	 
 0.02005	 1.42798e-33	 0.032714	 0.032714	  1.59724	 0.354938	 0.354938	 
  0.0201	 1.42798e-33	 0.0300565	 0.0300565	  1.47291	  0.32731	  0.32731	 
 0.02015	 1.42798e-33	 0.0276143	 0.0276143	  1.35817	 0.301811	 0.301811	 
  0.0202	 1.42798e-33	 0.0253701	 0.0253701	  1.25232	  0.27829	  0.27829	 
 0.02025	 1.42798e-33	 0.023308	 0.023308	  1.15461	 0.256576	 0.256576	 
  0.0203	 1.42798e-33	 0.0214131	 0.0214131	  1.06457	 0.236569	 0.236569	 
 0.02035	 1.42798e-33	 0.0196718	 0.0196718	  0.98146	   0.2181	   0.2181	 
  0.0204	 1.42798e-33	 0.0180717	 0.0180717	 0.904811	 0.201067	 0.201067	 
 0.02045	 1.42798e-33	 0.0166012	 0.0166012	 0.834092	 0.185352	 0.185352	 
  0.0205	 1.42798e-33	 0.0152503	 0.0152503	 0.768925	  0.17087	  0.17087	 
 0.02055	 1.42798e-33	 0.0140089	 0.0140089	 0.708777	 0.157504	 0.157504	 
  0.0206	 1.42798e-33	 0.0128683	 0.0128683	 0.653313	 0.145179	 0.145179	 
 0.02065	 1.42798e-33	 0.0118207	 0.0118207	 0.602168	 0.133814	 0.133814	 
  0.0207	 1.42798e-33	 0.0108577	 0.0108577	    0.555	 0.123332	 0.123332	 
 0.02075	 1.42798e-33	 0.00997337	 0.00997337	 0.511519	  0.11367	  0.11367	 
  0.0208	 1.42798e-33	 0.00916074	 0.00916074	 0.471415	 0.104758	 0.104758	 
 0.02085	 1.42798e-33	 0.00841385	 0.00841385	 0.434444	 0.0965421	 0.0965421	 
  0.0209	 1.42798e-33	 0.00772804	 0.00772804	 0.400355	 0.0889668	 0.0889668	 
 0.02095	 1.42798e-33	 0.00709763	 0.00709763	 0.368928	 0.081983	 0.081983	 
   0.021	 1.42798e-33	 0.00651912	 0.00651912	 0.339948	 0.0755432	 0.0755432	 
 0.02105	 1.42798e-33	 0.00598718	 0.00598718	 0.313243	 0.0696087	 0.0696087	 
  0.0211	 1.42798e-33	 0.00549868	 0.00549868	 0.288613	 0.0641355	 0.0641355	 
 0.02115	 1.42798e-33	 0.00504995	 0.00504995	 0.265915	 0.0590916	 0.0590916	 
  0.0212	 1.42798e-33	 0.00463773	 0.00463773	 0.244996	 0.054443	 0.054443	 
 0.02125	 1.42798e-33	 0.00425913	 0.00425913	 0.225712	 0.0501577	 0.0501577	 
  0.0213	 1.42798e-33	 0.00391133	 0.00391133	 0.207934	 0.046207	 0.046207	 
 0.02135	 1.42798e-33	 0.00359182	 0.00359182	 0.191555	 0.0425672	 0.0425672	 
  0.0214	 1.42798e-33	 0.00329839	 0.00329839	  0.17646	 0.039213	 0.039213	 
 0.02145	 1.42798e-33	 0.00302886	 0.00302886	 0.162545	 0.0361207	 0.0361207	 
  0.0215	 1.42798e-33	 0.00278132	 0.00278132	 0.149725	 0.0332717	 0.0332717	 
 0.02155	 1.42798e-33	 0.002554	 0.002554	 0.137908	 0.0306458	 0.0306458	 
  0.0216	 1.42798e-33	 0.00234518	 0.00234518	 0.127019	 0.0282261	 0.0282261	 
 0.02165	 1.42798e-33	 0.0021534	 0.0021534	 0.116989	 0.0259972	 0.0259972	 
  0.0217	 1.42798e-33	 0.00197724	 0.00197724	 0.107742	 0.0239425	 0.0239425	 
 0.02175	 1.42798e-33	 0.0018155	 0.0018155	 0.0992258	 0.0220499	 0.0220499	 
  0.0218	 1.42798e-33	 0.00166693	 0.00166693	 0.0913859	 0.0203077	 0.0203077	 
 0.02185	 1.42798e-33	 0.00153051	 0.00153051	 0.0841544	 0.0187008	 0.0187008	 
  0.0219	 1.42798e-33	 0.00140523	 0.00140523	 0.0774932	 0.0172205	 0.0172205	 
 0.02195	 1.42798e-33	 0.00129015	 0.00129015	 0.0713583	 0.0158572	 0.0158572	 
   0.022	 1.42798e-33	 0.00118451	 0.00118451	 0.0657069	 0.0146014	 0.0146014	 
 0.02205	 1.42798e-33	 0.00108752	 0.00108752	 0.0605004	 0.0134444	 0.0134444	 
  0.0221	 1.42798e-33	 0.000998402	 0.000998402	 0.0557053	 0.0123788	 0.0123788	 
 0.02215	 1.42798e-33	 0.000916574	 0.000916574	 0.0512881	 0.0113972	 0.0113972	 
  0.0222	 1.42798e-33	 0.000841501	 0.000841501	 0.0472191	 0.010493	 0.010493	 
 0.02225	 1.42798e-33	 0.000772496	 0.000772496	 0.0434726	 0.00966046	 0.00966046	 
  0.0223	 1.42798e-33	 0.000709198	 0.000709198	 0.0400211	 0.00889347	 0.00889347	 
 0.02235	 1.42798e-33	 0.00065105	 0.00065105	 0.0368433	 0.00818731	 0.00818731	 
  0.0224	 1.42798e-33	 0.000597631	 0.000597631	 0.0339158	 0.00753675	 0.00753675	 
 0.02245	 1.42798e-33	 0.000548606	 0.000548606	 0.0312209	 0.00693789	 0.00693789	 
  0.0225	 1.42798e-33	 0.0005036	 0.0005036	 0.0287389	 0.00638635	 0.00638635	 
 0.02255	 1.42798e-33	 0.000462274	 0.000462274	 0.0264531	 0.0058784	 0.0058784	 
  0.0226	 1.42798e-33	 0.000424331	 0.000424331	 0.0243483	 0.00541067	 0.00541067	 
 0.02265	 1.42798e-33	 0.000389497	 0.000389497	  0.02241	 0.00497995	 0.00497995	 
  0.0227	 1.42798e-33	 0.000357518	 0.000357518	 0.0206261	 0.00458352	 0.00458352	 
 0.02275	 1.42798e-33	 0.000328156	 0.000328156	 0.0189828	 0.00421836	 0.00421836	 
  0.0228	 1.42798e-33	 0.000301204	 0.000301204	 0.0174704	 0.00388227	 0.00388227	 
 0.02285	 1.42798e-33	 0.000276463	 0.000276463	 0.0160781	 0.00357287	 0.00357287	 
  0.0229	 1.42798e-33	 0.000253747	 0.000253747	 0.014796	 0.00328797	 0.00328797	 
 0.02295	 1.42798e-33	 0.000232896	 0.000232896	 0.0136159	 0.00302572	 0.00302572	 
   0.023	 1.42798e-33	 0.000213757	 0.000213757	 0.0125293	 0.00278425	 0.00278425	 
 0.02305	 1.42798e-33	 0.000196179	 0.000196179	 0.0115293	 0.00256204	 0.00256204	 
  0.0231	 1.42798e-33	 0.00018005	 0.00018005	 0.0106092	 0.00235758	 0.00235758	 
 0.02315	 1.42798e-33	 0.000165243	 0.000165243	 0.00976213	 0.00216934	 0.00216934	 
  0.0232	 1.42798e-33	 0.000151652	 0.000151652	 0.00898195	 0.00199597	 0.00199597	 
 0.02325	 1.42798e-33	 0.000139179	 0.000139179	 0.00826413	 0.00183645	 0.00183645	 
  0.0233	 1.42798e-33	 0.000127728	 0.000127728	 0.00760325	 0.00168959	 0.00168959	 
 0.02335	 1.42798e-33	 0.000117219	 0.000117219	 0.00699515	 0.00155446	 0.00155446	 
  0.0234	 1.42798e-33	 0.000107575	 0.000107575	 0.00643549	 0.00143009	 0.00143009	 
 0.02345	 1.42798e-33	 9.87188e-05	 9.87188e-05	 0.00592047	 0.00131564	 0.00131564	 
  0.0235	 1.42798e-33	 9.05964e-05	 9.05964e-05	 0.0054465	 0.00121032	 0.00121032	 
 0.02355	 1.42798e-33	 8.31324e-05	 8.31324e-05	 0.00501033	 0.00111339	 0.00111339	 
  0.0236	 1.42798e-33	 7.62913e-05	 7.62913e-05	 0.00460899	 0.00102421	 0.00102421	 
 0.02365	 1.42798e-33	 7.00097e-05	 7.00097e-05	 0.00423966	 0.000942136	 0.000942136	 
  0.0237	 1.42798e-33	 6.42417e-05	 6.42417e-05	 0.00389983	 0.00086662	 0.00086662	 
 0.02375	 1.42798e-33	 5.89503e-05	 5.89503e-05	 0.00358708	 0.000797119	 0.000797119	 
  0.0238	 1.42798e-33	 5.40939e-05	 5.40939e-05	 0.00329941	 0.000733195	 0.000733195	 
 0.02385	 1.42798e-33	 4.96378e-05	 4.96378e-05	 0.00303464	 0.000674357	 0.000674357	 
  0.0239	 1.42798e-33	 4.55481e-05	 4.55481e-05	 0.00279108	 0.000620233	 0.000620233	 
 0.02395	 1.42798e-33	 4.1795e-05	 4.1795e-05	 0.00256699	 0.000570435	 0.000570435	 
   0.024	 1.42798e-33	 3.83505e-05	 3.83505e-05	 0.00236084	 0.000524625	 0.000524625	 
 0.02405	 1.42798e-33	 3.51903e-05	 3.51903e-05	 0.0021712	 0.000482482	 0.000482482	 
  0.0241	 1.42798e-33	 3.22899e-05	 3.22899e-05	 0.00199668	 0.000443702	 0.000443702	 
 0.02415	 1.42798e-33	 2.96289e-05	 2.96289e-05	 0.00183624	 0.000408048	 0.000408048	 
  0.0242	 1.42798e-33	 2.71869e-05	 2.71869e-05	 0.00168856	 0.000375232	 0.000375232	 
 0.02425	 1.42798e-33	 2.49459e-05	 2.49459e-05	 0.00155275	 0.000345053	 0.000345053	 
  0.0243	 1.42798e-33	 2.28896e-05	 2.28896e-05	 0.00142782	 0.00031729	 0.00031729	 
 0.02435	 1.42798e-33	 2.1003e-05	 2.1003e-05	 0.00131292	 0.000291757	 0.000291757	 
  0.0244	 1.42798e-33	 1.92718e-05	 1.92718e-05	 0.00120722	 0.000268269	 0.000268269	 
 0.02445	 1.42798e-33	 1.76836e-05	 1.76836e-05	 0.00111005	 0.000246674	 0.000246674	 
  0.0245	 1.42798e-33	 1.62261e-05	 1.62261e-05	 0.00102062	 0.000226802	 0.000226802	 
 0.02455	 1.42798e-33	 1.48889e-05	 1.48889e-05	 0.000938345	 0.000208519	 0.000208519	 
  0.0246	 1.42798e-33	 1.36622e-05	 1.36622e-05	 0.00086276	 0.000191722	 0.000191722	 
 0.02465	 1.42798e-33	 1.25363e-05	 1.25363e-05	 0.000793182	 0.000176261	 0.000176261	 
  0.0247	 1.42798e-33	 1.15034e-05	 1.15034e-05	 0.000729232	 0.00016205	 0.00016205	 
 0.02475	 1.42798e-33	 1.05557e-05	 1.05557e-05	 0.000670407	 0.000148978	 0.000148978	 
  0.0248	 1.42798e-33	 9.68598e-06	 9.68598e-06	 0.000616319	 0.000136958	 0.000136958	 
 0.02485	 1.42798e-33	 8.8884e-06	 8.8884e-06	 0.000566573	 0.000125904	 0.000125904	 
  0.0249	 1.42798e-33	 8.15657e-06	 8.15657e-06	 0.000520834	 0.00011574	 0.00011574	 
 0.02495	 1.42798e-33	 7.48568e-06	 7.48568e-06	 0.000478776	 0.000106394	 0.000106394	 
   0.025	 1.42798e-33	 6.87011e-06	 6.87011e-06	 0.000440102	 9.77993e-05	 9.77993e-05	 
       0	        0	        0	        0	        0	        0	        0	 
