       0	        0	        0	        0	        0	        0	        0	 
   5e-05	 6.07571e+06	 6.83475e+06	 6.83475e+06	  3969.48	 5.49379e+06	 5.49379e+06	 
  0.0001	 2.40949e+07	 2.71019e+07	 2.71019e+07	  41325.5	 2.12603e+07	 2.12603e+07	 
 0.00015	 5.41665e+07	 6.09058e+07	 6.09058e+07	   257641	 4.74321e+07	 4.74321e+07	 
  0.0002	 9.51639e+07	 1.0695e+08	 1.0695e+08	   887063	 8.43453e+07	 8.43453e+07	 
 0.00025	 1.5093e+08	 1.69502e+08	 1.69502e+08	 2.36887e+06	 1.33077e+08	 1.33077e+08	 
  0.0003	 2.20625e+08	 2.47603e+08	 2.47603e+08	 4.82814e+06	 1.92636e+08	 1.92636e+08	 
 0.00035	 3.0361e+08	 3.40491e+08	 3.40491e+08	 8.59861e+06	 2.62838e+08	 2.62838e+08	 
  0.0004	 3.99354e+08	 4.47586e+08	 4.47586e+08	 1.35394e+07	 3.41524e+08	 3.41524e+08	 
 0.00045	 5.07498e+08	 5.68474e+08	 5.68474e+08	 1.97352e+07	 4.27782e+08	 4.27782e+08	 
  0.0005	 6.23615e+08	 6.98195e+08	 6.98195e+08	 2.70324e+07	 5.19695e+08	 5.19695e+08	 
 0.00055	 7.54504e+08	 8.44404e+08	 8.44404e+08	 3.53742e+07	 6.15931e+08	 6.15931e+08	 
  0.0006	 8.95943e+08	 1.00239e+09	 1.00239e+09	 4.4423e+07	 7.14681e+08	 7.14681e+08	 
 0.00065	 1.04583e+09	 1.16984e+09	 1.16984e+09	 5.38987e+07	 8.14705e+08	 8.14705e+08	 
  0.0007	 1.20403e+09	 1.34658e+09	 1.34658e+09	 6.37262e+07	 9.1496e+08	 9.1496e+08	 
 0.00075	 1.36972e+09	 1.53172e+09	 1.53172e+09	 7.3837e+07	 1.01452e+09	 1.01452e+09	 
  0.0008	 1.54182e+09	 1.72407e+09	 1.72407e+09	 8.3945e+07	 1.1125e+09	 1.1125e+09	 
 0.00085	 1.7191e+09	 1.92227e+09	 1.92227e+09	 9.3904e+07	 1.20801e+09	 1.20801e+09	 
  0.0009	 1.90202e+09	 2.12684e+09	 2.12684e+09	 1.03619e+08	 1.30034e+09	 1.30034e+09	 
 0.00095	 2.088e+09	 2.3349e+09	 2.3349e+09	 1.1302e+08	 1.38893e+09	 1.38893e+09	 
   0.001	 2.27695e+09	 2.54634e+09	 2.54634e+09	 1.22031e+08	 1.47301e+09	 1.47301e+09	 
 0.00105	 2.46809e+09	 2.7603e+09	 2.7603e+09	 1.30598e+08	 1.55214e+09	 1.55214e+09	 
  0.0011	 2.66061e+09	 2.97589e+09	 2.97589e+09	 1.38662e+08	 1.62613e+09	 1.62613e+09	 
 0.00115	 2.85387e+09	 3.19236e+09	 3.19236e+09	 1.46229e+08	 1.6949e+09	 1.6949e+09	 
  0.0012	 3.04741e+09	 3.40923e+09	 3.40923e+09	 1.53212e+08	 1.75822e+09	 1.75822e+09	 
 0.00125	 3.24031e+09	 3.62543e+09	 3.62543e+09	 1.59642e+08	 1.81592e+09	 1.81592e+09	 
  0.0013	 3.43208e+09	 3.84044e+09	 3.84044e+09	 1.65532e+08	 1.86776e+09	 1.86776e+09	 
 0.00135	 3.62188e+09	 4.0533e+09	 4.0533e+09	 1.70857e+08	 1.91355e+09	 1.91355e+09	 
  0.0014	 3.80936e+09	 4.26363e+09	 4.26363e+09	 1.75594e+08	 1.9534e+09	 1.9534e+09	 
 0.00145	 3.9937e+09	 4.47049e+09	 4.47049e+09	 1.79771e+08	 1.98743e+09	 1.98743e+09	 
  0.0015	 4.17474e+09	 4.6737e+09	 4.6737e+09	 1.83454e+08	 2.01581e+09	 2.01581e+09	 
 0.00155	 4.35259e+09	 4.8734e+09	 4.8734e+09	 1.8654e+08	 2.03858e+09	 2.03858e+09	 
  0.0016	 4.52511e+09	 5.06717e+09	 5.06717e+09	 1.89081e+08	 2.05598e+09	 2.05598e+09	 
 0.00165	 4.69235e+09	 5.25507e+09	 5.25507e+09	 1.91057e+08	 2.06806e+09	 2.06806e+09	 
  0.0017	 4.85435e+09	 5.43713e+09	 5.43713e+09	 1.92549e+08	 2.07512e+09	 2.07512e+09	 
 0.00175	 5.01011e+09	 5.61224e+09	 5.61224e+09	 1.93572e+08	 2.07732e+09	 2.07732e+09	 
  0.0018	 5.16032e+09	 5.78116e+09	 5.78116e+09	 1.9415e+08	 2.07495e+09	 2.07495e+09	 
 0.00185	 5.30426e+09	 5.94307e+09	 5.94307e+09	 1.94364e+08	 2.06836e+09	 2.06836e+09	 
  0.0019	 5.44156e+09	 6.09755e+09	 6.09755e+09	 1.94176e+08	 2.05763e+09	 2.05763e+09	 
 0.00195	 5.57184e+09	 6.24419e+09	 6.24419e+09	 1.9361e+08	 2.04295e+09	 2.04295e+09	 
   0.002	 5.69524e+09	 6.38312e+09	 6.38312e+09	 1.92706e+08	 2.02451e+09	 2.02451e+09	 
 0.00205	 5.81139e+09	 6.51395e+09	 6.51395e+09	 1.9148e+08	 2.00261e+09	 2.00261e+09	 
  0.0021	 5.9204e+09	 6.63678e+09	 6.63678e+09	 1.89969e+08	 1.97758e+09	 1.97758e+09	 
 0.00215	 6.0223e+09	 6.75163e+09	 6.75163e+09	 1.88196e+08	 1.94966e+09	 1.94966e+09	 
  0.0022	 6.11671e+09	 6.8581e+09	 6.8581e+09	 1.86159e+08	 1.91896e+09	 1.91896e+09	 
 0.00225	 6.20353e+09	 6.95606e+09	 6.95606e+09	 1.83873e+08	 1.88574e+09	 1.88574e+09	 
  0.0023	 6.28311e+09	 7.0459e+09	 7.0459e+09	 1.81396e+08	 1.85029e+09	 1.85029e+09	 
 0.00235	 6.35532e+09	 7.12747e+09	 7.12747e+09	 1.78762e+08	 1.81289e+09	 1.81289e+09	 
  0.0024	 6.42027e+09	 7.20089e+09	 7.20089e+09	 1.75922e+08	 1.77365e+09	 1.77365e+09	 
 0.00245	 6.47855e+09	 7.26683e+09	 7.26683e+09	 1.7294e+08	 1.73291e+09	 1.73291e+09	 
  0.0025	 6.5294e+09	 7.32443e+09	 7.32443e+09	 1.6983e+08	 1.69077e+09	 1.69077e+09	 
 0.00255	 6.57332e+09	 7.37424e+09	 7.37424e+09	 1.666e+08	 1.64753e+09	 1.64753e+09	 
  0.0026	 6.61081e+09	 7.41683e+09	 7.41683e+09	 1.63299e+08	 1.60339e+09	 1.60339e+09	 
 0.00265	 6.64164e+09	 7.45194e+09	 7.45194e+09	 1.59919e+08	 1.55845e+09	 1.55845e+09	 
  0.0027	 6.66618e+09	 7.47997e+09	 7.47997e+09	 1.56473e+08	 1.51291e+09	 1.51291e+09	 
 0.00275	 6.68448e+09	 7.501e+09	 7.501e+09	 1.52972e+08	 1.46702e+09	 1.46702e+09	 
  0.0028	 6.69789e+09	 7.51653e+09	 7.51653e+09	 1.4945e+08	 1.42088e+09	 1.42088e+09	 
 0.00285	 6.70475e+09	 7.52469e+09	 7.52469e+09	 1.45892e+08	 1.37465e+09	 1.37465e+09	 
  0.0029	 6.70596e+09	 7.5265e+09	 7.5265e+09	 1.42294e+08	 1.32837e+09	 1.32837e+09	 
 0.00295	 6.70197e+09	 7.52247e+09	 7.52247e+09	 1.3869e+08	 1.2823e+09	 1.2823e+09	 
   0.003	 6.69291e+09	 7.51272e+09	 7.51272e+09	 1.35077e+08	 1.23644e+09	 1.23644e+09	 
 0.00305	 6.67871e+09	 7.4972e+09	 7.4972e+09	 1.31486e+08	 1.19111e+09	 1.19111e+09	 
  0.0031	 6.66024e+09	 7.47686e+09	 7.47686e+09	 1.27899e+08	 1.14618e+09	 1.14618e+09	 
 0.00315	 6.63692e+09	 7.45107e+09	 7.45107e+09	 1.24311e+08	 1.10175e+09	 1.10175e+09	 
  0.0032	 6.60962e+09	 7.42081e+09	 7.42081e+09	 1.20776e+08	 1.05806e+09	 1.05806e+09	 
 0.00325	 6.57823e+09	 7.38594e+09	 7.38594e+09	 1.17245e+08	 1.01507e+09	 1.01507e+09	 
  0.0033	 6.54307e+09	 7.34682e+09	 7.34682e+09	 1.13766e+08	 9.7293e+08	 9.7293e+08	 
 0.00335	 6.50432e+09	 7.30365e+09	 7.30365e+09	 1.10337e+08	 9.31711e+08	 9.31711e+08	 
  0.0034	 6.46239e+09	 7.2569e+09	 7.2569e+09	 1.06982e+08	 8.91511e+08	 8.91511e+08	 
 0.00345	 6.41694e+09	 7.20619e+09	 7.20619e+09	 1.03639e+08	 8.52229e+08	 8.52229e+08	 
  0.0035	 6.36863e+09	 7.15224e+09	 7.15224e+09	 1.00343e+08	 8.13963e+08	 8.13963e+08	 
 0.00355	 6.3173e+09	 7.0949e+09	 7.0949e+09	 9.71176e+07	 7.76773e+08	 7.76773e+08	 
  0.0036	 6.26339e+09	 7.03465e+09	 7.03465e+09	 9.39856e+07	 7.40778e+08	 7.40778e+08	 
 0.00365	 6.20715e+09	 6.97176e+09	 6.97176e+09	 9.09015e+07	 7.05861e+08	 7.05861e+08	 
  0.0037	 6.1482e+09	 6.90582e+09	 6.90582e+09	 8.7862e+07	 6.7202e+08	 6.7202e+08	 
 0.00375	 6.08731e+09	 6.83768e+09	 6.83768e+09	 8.4954e+07	 6.39521e+08	 6.39521e+08	 
  0.0038	 6.02426e+09	 6.76711e+09	 6.76711e+09	 8.20804e+07	 6.08087e+08	 6.08087e+08	 
 0.00385	 5.95915e+09	 6.69421e+09	 6.69421e+09	 7.92763e+07	 5.77786e+08	 5.77786e+08	 
  0.0039	 5.89239e+09	 6.61945e+09	 6.61945e+09	 7.6567e+07	 5.48709e+08	 5.48709e+08	 
 0.00395	 5.82384e+09	 6.54266e+09	 6.54266e+09	 7.38885e+07	 5.20684e+08	 5.20684e+08	 
   0.004	 5.75379e+09	 6.46418e+09	 6.46418e+09	 7.12882e+07	 4.93796e+08	 4.93796e+08	 
 0.00405	 5.68216e+09	 6.38392e+09	 6.38392e+09	 6.87326e+07	 4.67957e+08	 4.67957e+08	 
  0.0041	 5.60919e+09	 6.30213e+09	 6.30213e+09	 6.62408e+07	 4.43187e+08	 4.43187e+08	 
 0.00415	 5.5346e+09	 6.21852e+09	 6.21852e+09	 6.37796e+07	 4.19381e+08	 4.19381e+08	 
  0.0042	 5.45893e+09	 6.13368e+09	 6.13368e+09	 6.14168e+07	 3.96724e+08	 3.96724e+08	 
 0.00425	 5.38229e+09	 6.04775e+09	 6.04775e+09	 5.91227e+07	 3.75063e+08	 3.75063e+08	 
  0.0043	 5.30464e+09	 5.96068e+09	 5.96068e+09	 5.68795e+07	 3.54416e+08	 3.54416e+08	 
 0.00435	 5.22587e+09	 5.87233e+09	 5.87233e+09	 5.47145e+07	 3.34767e+08	 3.34767e+08	 
  0.0044	 5.14615e+09	 5.7829e+09	 5.7829e+09	 5.26203e+07	 3.16061e+08	 3.16061e+08	 
 0.00445	 5.06566e+09	 5.6926e+09	 5.6926e+09	 5.06036e+07	 2.98317e+08	 2.98317e+08	 
  0.0045	 4.98473e+09	 5.60181e+09	 5.60181e+09	 4.8646e+07	 2.81427e+08	 2.81427e+08	 
 0.00455	 4.9027e+09	 5.50976e+09	 5.50976e+09	 4.67736e+07	 2.65455e+08	 2.65455e+08	 
  0.0046	 4.82046e+09	 5.41746e+09	 5.41746e+09	 4.49761e+07	 2.50292e+08	 2.50292e+08	 
 0.00465	 4.73762e+09	 5.32447e+09	 5.32447e+09	 4.32366e+07	 2.35979e+08	 2.35979e+08	 
  0.0047	 4.65408e+09	 5.23071e+09	 5.23071e+09	 4.15194e+07	 2.22326e+08	 2.22326e+08	 
 0.00475	 4.57028e+09	 5.13664e+09	 5.13664e+09	 3.98564e+07	 2.0939e+08	 2.0939e+08	 
  0.0048	 4.48596e+09	 5.04197e+09	 5.04197e+09	 3.82888e+07	 1.97271e+08	 1.97271e+08	 
 0.00485	 4.40152e+09	 4.94717e+09	 4.94717e+09	 3.67528e+07	 1.85757e+08	 1.85757e+08	 
  0.0049	 4.31658e+09	 4.8518e+09	 4.8518e+09	 3.52482e+07	 1.72681e+08	 1.72681e+08	 
 0.00495	 4.23155e+09	 4.75632e+09	 4.75632e+09	 3.37811e+07	 1.6285e+08	 1.6285e+08	 
   0.005	 4.14627e+09	 4.66056e+09	 4.66056e+09	 3.23761e+07	 1.53571e+08	 1.53571e+08	 
 0.00505	 4.06114e+09	 4.56495e+09	 4.56495e+09	 3.10331e+07	 1.44788e+08	 1.44788e+08	 
  0.0051	 3.97593e+09	 4.46925e+09	 4.46925e+09	 2.97446e+07	 1.36496e+08	 1.36496e+08	 
 0.00515	 3.89098e+09	 4.37384e+09	 4.37384e+09	 2.84928e+07	 1.28611e+08	 1.28611e+08	 
  0.0052	 3.80592e+09	 4.2783e+09	 4.2783e+09	 2.72809e+07	 1.21092e+08	 1.21092e+08	 
 0.00525	 3.72123e+09	 4.18317e+09	 4.18317e+09	 2.61346e+07	 1.14064e+08	 1.14064e+08	 
  0.0053	 3.63679e+09	 4.0883e+09	 4.0883e+09	 2.50368e+07	 1.07438e+08	 1.07438e+08	 
 0.00535	 3.55261e+09	 3.99373e+09	 3.99373e+09	 2.39665e+07	 1.01111e+08	 1.01111e+08	 
  0.0054	 3.46886e+09	 3.89964e+09	 3.89964e+09	 2.29393e+07	 9.51558e+07	 9.51558e+07	 
 0.00545	 3.38553e+09	 3.80602e+09	 3.80602e+09	 2.19393e+07	 8.94997e+07	 8.94997e+07	 
  0.0055	 3.30271e+09	 3.71297e+09	 3.71297e+09	 2.09699e+07	 8.41155e+07	 8.41155e+07	 
 0.00555	 3.22048e+09	 3.62058e+09	 3.62058e+09	 2.00474e+07	 7.90853e+07	 7.90853e+07	 
  0.0056	 3.13889e+09	 3.5289e+09	 3.5289e+09	 1.91607e+07	 7.43468e+07	 7.43468e+07	 
 0.00565	 3.05805e+09	 3.43805e+09	 3.43805e+09	 1.83262e+07	 6.99146e+07	 6.99146e+07	 
  0.0057	 2.97798e+09	 3.34807e+09	 3.34807e+09	 1.75304e+07	 6.57613e+07	 6.57613e+07	 
 0.00575	 2.89869e+09	 3.25897e+09	 3.25897e+09	 1.67506e+07	 6.18116e+07	 6.18116e+07	 
  0.0058	 2.8203e+09	 3.17087e+09	 3.17087e+09	 1.60084e+07	 5.81203e+07	 5.81203e+07	 
 0.00585	 2.74284e+09	 3.08382e+09	 3.08382e+09	 1.52972e+07	 5.4627e+07	 5.4627e+07	 
  0.0059	 2.6664e+09	 2.99791e+09	 2.99791e+09	 1.46231e+07	 5.1436e+07	 5.1436e+07	 
 0.00595	 2.59095e+09	 2.9131e+09	 2.9131e+09	 1.39662e+07	 4.83808e+07	 4.83808e+07	 
   0.006	 2.5166e+09	 2.82954e+09	 2.82954e+09	 1.33297e+07	 4.54913e+07	 4.54913e+07	 
 0.00605	 2.44336e+09	 2.74722e+09	 2.74722e+09	 1.2718e+07	 4.27724e+07	 4.27724e+07	 
  0.0061	 2.37131e+09	 2.66624e+09	 2.66624e+09	 1.21261e+07	 4.02024e+07	 4.02024e+07	 
 0.00615	 2.30048e+09	 2.58663e+09	 2.58663e+09	 1.15598e+07	 3.77496e+07	 3.77496e+07	 
  0.0062	 2.23094e+09	 2.50846e+09	 2.50846e+09	 1.10114e+07	 3.548e+07	 3.548e+07	 
 0.00625	 2.16267e+09	 2.43171e+09	 2.43171e+09	 1.04955e+07	 3.33699e+07	 3.33699e+07	 
  0.0063	 2.09578e+09	 2.35653e+09	 2.35653e+09	 1.00104e+07	 3.14053e+07	 3.14053e+07	 
 0.00635	 2.03024e+09	 2.28286e+09	 2.28286e+09	 9.54637e+06	 2.95655e+07	 2.95655e+07	 
  0.0064	 1.96609e+09	 2.21074e+09	 2.21074e+09	 9.10309e+06	 2.784e+07	 2.784e+07	 
 0.00645	 1.90335e+09	 2.1402e+09	 2.1402e+09	 8.67401e+06	 2.61505e+07	 2.61505e+07	 
  0.0065	 1.84203e+09	 2.07128e+09	 2.07128e+09	 8.26984e+06	 2.46509e+07	 2.46509e+07	 
 0.00655	 1.78221e+09	 2.00403e+09	 2.00403e+09	 7.89489e+06	 2.32785e+07	 2.32785e+07	 
  0.0066	 1.72381e+09	 1.93837e+09	 1.93837e+09	 7.53045e+06	 2.19783e+07	 2.19783e+07	 
 0.00665	 1.66684e+09	 1.87432e+09	 1.87432e+09	 7.17374e+06	 2.07396e+07	 2.07396e+07	 
  0.0067	 1.61134e+09	 1.81193e+09	 1.81193e+09	 6.82814e+06	 1.95659e+07	 1.95659e+07	 
 0.00675	 1.5573e+09	 1.75118e+09	 1.75118e+09	 6.49887e+06	 1.84227e+07	 1.84227e+07	 
  0.0068	 1.50474e+09	 1.69207e+09	 1.69207e+09	 6.18222e+06	 1.73994e+07	 1.73994e+07	 
 0.00685	 1.45364e+09	 1.63463e+09	 1.63463e+09	 5.87557e+06	 1.64313e+07	 1.64313e+07	 
  0.0069	 1.40398e+09	 1.5788e+09	 1.5788e+09	 5.58785e+06	 1.55327e+07	 1.55327e+07	 
 0.00695	 1.35578e+09	 1.52461e+09	 1.52461e+09	 5.31565e+06	 1.46965e+07	 1.46965e+07	 
   0.007	 1.30899e+09	 1.472e+09	 1.472e+09	 5.05426e+06	 1.39076e+07	 1.39076e+07	 
 0.00705	 1.26362e+09	 1.42099e+09	 1.42099e+09	 4.79894e+06	 1.31547e+07	 1.31547e+07	 
  0.0071	 1.21963e+09	 1.37152e+09	 1.37152e+09	 4.55979e+06	 1.24375e+07	 1.24375e+07	 
 0.00715	 1.17703e+09	 1.32363e+09	 1.32363e+09	 4.33977e+06	 1.18101e+07	 1.18101e+07	 
  0.0072	 1.13578e+09	 1.27725e+09	 1.27725e+09	 4.1323e+06	 1.12273e+07	 1.12273e+07	 
 0.00725	 1.09584e+09	 1.23234e+09	 1.23234e+09	 3.93574e+06	 1.06821e+07	 1.06821e+07	 
  0.0073	 1.05721e+09	 1.18891e+09	 1.18891e+09	 3.74298e+06	 1.01599e+07	 1.01599e+07	 
 0.00735	 1.01983e+09	 1.14688e+09	 1.14688e+09	 3.56072e+06	 9.67526e+06	 9.67526e+06	 
  0.0074	 9.83669e+08	 1.10622e+09	 1.10622e+09	 3.38542e+06	 9.2025e+06	 9.2025e+06	 
 0.00745	 9.48708e+08	 1.06691e+09	 1.06691e+09	 3.21416e+06	 8.76945e+06	 8.76945e+06	 
  0.0075	 9.14904e+08	 1.0289e+09	 1.0289e+09	 3.05288e+06	 8.36733e+06	 8.36733e+06	 
 0.00755	 8.8221e+08	 9.92135e+08	 9.92135e+08	 2.89818e+06	 7.98801e+06	 7.98801e+06	 
  0.0076	 8.50646e+08	 9.56643e+08	 9.56643e+08	 2.7502e+06	 7.63138e+06	 7.63138e+06	 
 0.00765	 8.20151e+08	 9.22354e+08	 9.22354e+08	 2.60684e+06	 7.29128e+06	 7.29128e+06	 
  0.0077	 7.90677e+08	 8.89213e+08	 8.89213e+08	 2.47148e+06	 6.96025e+06	 6.96025e+06	 
 0.00775	 7.62218e+08	 8.57212e+08	 8.57212e+08	 2.34088e+06	 6.66479e+06	 6.66479e+06	 
  0.0078	 7.34809e+08	 8.26392e+08	 8.26392e+08	 2.223e+06	 6.40274e+06	 6.40274e+06	 
 0.00785	 7.08254e+08	 7.96531e+08	 7.96531e+08	 2.11264e+06	 6.16021e+06	 6.16021e+06	 
  0.0079	 6.82612e+08	 7.67697e+08	 7.67697e+08	 2.00394e+06	 5.92477e+06	 5.92477e+06	 
 0.00795	 6.57843e+08	 7.39844e+08	 7.39844e+08	 1.90258e+06	 5.7082e+06	 5.7082e+06	 
   0.008	 6.33907e+08	 7.12927e+08	 7.12927e+08	 1.80813e+06	 5.4986e+06	 5.4986e+06	 
 0.00805	 6.10776e+08	 6.86916e+08	 6.86916e+08	 1.7167e+06	 5.30913e+06	 5.30913e+06	 
  0.0081	 5.88416e+08	 6.61772e+08	 6.61772e+08	 1.62936e+06	 5.13194e+06	 5.13194e+06	 
 0.00815	 5.66811e+08	 6.37476e+08	 6.37476e+08	 1.54715e+06	 4.96707e+06	 4.96707e+06	 
  0.0082	 5.45917e+08	 6.1398e+08	 6.1398e+08	 1.46735e+06	 4.80883e+06	 4.80883e+06	 
 0.00825	 5.25717e+08	 5.91264e+08	 5.91264e+08	 1.39026e+06	 4.65751e+06	 4.65751e+06	 
  0.0083	 5.06191e+08	 5.69306e+08	 5.69306e+08	 1.31574e+06	 4.51236e+06	 4.51236e+06	 
 0.00835	 4.87306e+08	 5.4807e+08	 5.4807e+08	 1.24559e+06	 4.37413e+06	 4.37413e+06	 
  0.0084	 4.69048e+08	 5.27537e+08	 5.27537e+08	 1.17878e+06	 4.24857e+06	 4.24857e+06	 
 0.00845	 4.51397e+08	 5.07688e+08	 5.07688e+08	 1.11526e+06	 4.13036e+06	 4.13036e+06	 
  0.0085	 4.34313e+08	 4.88476e+08	 4.88476e+08	 1.05767e+06	 4.02439e+06	 4.02439e+06	 
 0.00855	 4.17794e+08	 4.69898e+08	 4.69898e+08	 1.00296e+06	 3.92419e+06	 3.92419e+06	 
  0.0086	 4.01818e+08	 4.51931e+08	 4.51931e+08	   948857	 3.82483e+06	 3.82483e+06	 
 0.00865	 3.86359e+08	 4.34546e+08	 4.34546e+08	   897295	 3.72824e+06	 3.72824e+06	 
  0.0087	 3.71412e+08	 4.17737e+08	 4.17737e+08	   850428	 3.64279e+06	 3.64279e+06	 
 0.00875	 3.5696e+08	 4.01483e+08	 4.01483e+08	   807434	 3.56386e+06	 3.56386e+06	 
  0.0088	 3.42968e+08	 3.85748e+08	 3.85748e+08	   766371	 3.48827e+06	 3.48827e+06	 
 0.00885	 3.29445e+08	 3.70539e+08	 3.70539e+08	   726827	 3.41517e+06	 3.41517e+06	 
  0.0089	 3.16375e+08	 3.5584e+08	 3.5584e+08	   688282	 3.34315e+06	 3.34315e+06	 
 0.00895	 3.0373e+08	 3.41619e+08	 3.41619e+08	   651358	 3.27325e+06	 3.27325e+06	 
   0.009	 2.91522e+08	 3.27889e+08	 3.27889e+08	   615943	 3.20577e+06	 3.20577e+06	 
 0.00905	 2.79715e+08	 3.14611e+08	 3.14611e+08	   582586	 3.14185e+06	 3.14185e+06	 
  0.0091	 2.68312e+08	 3.01786e+08	 3.01786e+08	   550851	 3.08007e+06	 3.08007e+06	 
 0.00915	 2.57299e+08	 2.89399e+08	 2.89399e+08	   520572	 3.02028e+06	 3.02028e+06	 
  0.0092	 2.46668e+08	 2.77443e+08	 2.77443e+08	   492664	 2.9639e+06	 2.9639e+06	 
 0.00925	 2.36405e+08	 2.65901e+08	 2.65901e+08	   465973	 2.90699e+06	 2.90699e+06	 
  0.0093	 2.26502e+08	 2.54763e+08	 2.54763e+08	   439480	 2.85092e+06	 2.85092e+06	 
 0.00935	 2.16951e+08	 2.44021e+08	 2.44021e+08	   414443	 2.79662e+06	 2.79662e+06	 
  0.0094	 2.07745e+08	 2.33667e+08	 2.33667e+08	   392241	 2.7466e+06	 2.7466e+06	 
 0.00945	 1.98875e+08	 2.2369e+08	 2.2369e+08	   372207	 2.6988e+06	 2.6988e+06	 
  0.0095	 1.9033e+08	 2.1408e+08	 2.1408e+08	   353315	 2.65233e+06	 2.65233e+06	 
 0.00955	 1.821e+08	 2.04823e+08	 2.04823e+08	   334652	 2.60488e+06	 2.60488e+06	 
  0.0096	 1.74175e+08	 1.95909e+08	 1.95909e+08	   316823	 2.55786e+06	 2.55786e+06	 
 0.00965	 1.66548e+08	 1.87331e+08	 1.87331e+08	   299475	 2.51068e+06	 2.51068e+06	 
  0.0097	 1.59216e+08	 1.79084e+08	 1.79084e+08	   282914	 2.46359e+06	 2.46359e+06	 
 0.00975	 1.52163e+08	 1.71152e+08	 1.71152e+08	   267510	 2.41813e+06	 2.41813e+06	 
  0.0098	 1.45384e+08	 1.63527e+08	 1.63527e+08	   252887	 2.37328e+06	 2.37328e+06	 
 0.00985	 1.38872e+08	 1.56203e+08	 1.56203e+08	   238480	 2.32765e+06	 2.32765e+06	 
  0.0099	 1.32621e+08	 1.49172e+08	 1.49172e+08	   225010	 2.28281e+06	 2.28281e+06	 
 0.00995	 1.26618e+08	 1.42421e+08	 1.42421e+08	   212390	 2.23865e+06	 2.23865e+06	 
    0.01	 1.20859e+08	 1.35943e+08	 1.35943e+08	   200375	 2.19457e+06	 2.19457e+06	 
 0.01005	 1.15334e+08	 1.29729e+08	 1.29729e+08	   188680	 2.1506e+06	 2.1506e+06	 
  0.0101	 1.10039e+08	 1.23773e+08	 1.23773e+08	   178233	 2.1083e+06	 2.1083e+06	 
 0.01015	 1.04965e+08	 1.18066e+08	 1.18066e+08	   168793	 2.06701e+06	 2.06701e+06	 
  0.0102	 1.00105e+08	 1.12599e+08	 1.12599e+08	   160023	 2.02613e+06	 2.02613e+06	 
 0.01025	 9.54497e+07	 1.07363e+08	 1.07363e+08	   151530	 1.98521e+06	 1.98521e+06	 
  0.0103	 9.09898e+07	 1.02347e+08	 1.02347e+08	   143216	 1.9441e+06	 1.9441e+06	 
 0.01035	 8.67241e+07	 9.75488e+07	 9.75488e+07	   135366	 1.9034e+06	 1.9034e+06	 
  0.0104	 8.26412e+07	 9.29564e+07	 9.29564e+07	   127901	 1.86305e+06	 1.86305e+06	 
 0.01045	 7.87379e+07	 8.85661e+07	 8.85661e+07	   120990	 1.82343e+06	 1.82343e+06	 
  0.0105	 7.50038e+07	 8.43659e+07	 8.43659e+07	   114114	 1.78356e+06	 1.78356e+06	 
 0.01055	 7.14352e+07	 8.03521e+07	 8.03521e+07	   107390	 1.74358e+06	 1.74358e+06	 
  0.0106	 6.80259e+07	 7.65173e+07	 7.65173e+07	   101238	 1.70431e+06	 1.70431e+06	 
 0.01065	 6.47681e+07	 7.2853e+07	 7.2853e+07	  95595.9	 1.66612e+06	 1.66612e+06	 
  0.0107	 6.16572e+07	 6.93539e+07	 6.93539e+07	  90168.6	 1.62819e+06	 1.62819e+06	 
 0.01075	 5.86856e+07	 6.60115e+07	 6.60115e+07	  84848.7	 1.59032e+06	 1.59032e+06	 
  0.0108	 5.58486e+07	 6.28204e+07	 6.28204e+07	  79864.5	 1.553e+06	 1.553e+06	 
 0.01085	 5.31444e+07	 5.97787e+07	 5.97787e+07	  75372.8	 1.5166e+06	 1.5166e+06	 
  0.0109	 5.05616e+07	 5.68736e+07	 5.68736e+07	  71386.4	 1.48103e+06	 1.48103e+06	 
 0.01095	 4.80991e+07	 5.41037e+07	 5.41037e+07	  67517.3	 1.44565e+06	 1.44565e+06	 
   0.011	 4.57515e+07	 5.14631e+07	 5.14631e+07	  63891.2	 1.41097e+06	 1.41097e+06	 
 0.01105	 4.35131e+07	 4.89452e+07	 4.89452e+07	  60401.7	 1.37647e+06	 1.37647e+06	 
  0.0111	 4.13764e+07	 4.65418e+07	 4.65418e+07	  57048.5	 1.34268e+06	 1.34268e+06	 
 0.01115	 3.93419e+07	 4.42534e+07	 4.42534e+07	  53904.8	 1.30942e+06	 1.30942e+06	 
  0.0112	 3.74021e+07	 4.20715e+07	 4.20715e+07	    50815	 1.27646e+06	 1.27646e+06	 
 0.01125	 3.55553e+07	 3.99942e+07	 3.99942e+07	  47810.5	 1.24389e+06	 1.24389e+06	 
  0.0113	 3.37952e+07	 3.80143e+07	 3.80143e+07	  45067.6	 1.2121e+06	 1.2121e+06	 
 0.01135	 3.2118e+07	 3.61279e+07	 3.61279e+07	  42565.3	 1.18109e+06	 1.18109e+06	 
  0.0114	 3.05206e+07	 3.43311e+07	 3.43311e+07	  40109.9	 1.15042e+06	 1.15042e+06	 
 0.01145	 2.89998e+07	 3.26205e+07	 3.26205e+07	  37667.1	 1.12006e+06	 1.12006e+06	 
  0.0115	 2.75524e+07	 3.09924e+07	 3.09924e+07	  35325.1	 1.09018e+06	 1.09018e+06	 
 0.01155	 2.61741e+07	 2.9442e+07	 2.9442e+07	  33213.4	 1.06118e+06	 1.06118e+06	 
  0.0116	 2.48639e+07	 2.79683e+07	 2.79683e+07	  31401.2	 1.03302e+06	 1.03302e+06	 
 0.01165	 2.36164e+07	 2.65651e+07	 2.65651e+07	    29740	 1.00548e+06	 1.00548e+06	 
  0.0117	 2.24291e+07	 2.52295e+07	 2.52295e+07	  28137.9	   978467	   978467	 
 0.01175	 2.12997e+07	 2.39592e+07	 2.39592e+07	  26607.7	   951888	   951888	 
  0.0118	 2.02253e+07	 2.27505e+07	 2.27505e+07	  25138.7	   925804	   925804	 
 0.01185	 1.92032e+07	 2.16009e+07	 2.16009e+07	  23760.7	   900384	   900384	 
  0.0119	 1.82309e+07	 2.05072e+07	 2.05072e+07	  22398.7	   875397	   875397	 
 0.01195	 1.73065e+07	 1.94674e+07	 1.94674e+07	  21062.5	   850867	   850867	 
   0.012	 1.64276e+07	 1.84788e+07	 1.84788e+07	  19844.9	   826961	   826961	 
 0.01205	 1.5592e+07	 1.75388e+07	 1.75388e+07	  18712.3	   803687	   803687	 
  0.0121	 1.47973e+07	 1.6645e+07	 1.6645e+07	  17602.1	   780676	   780676	 
 0.01215	 1.40422e+07	 1.57956e+07	 1.57956e+07	  16524.5	   758263	   758263	 
  0.0122	 1.33242e+07	 1.4988e+07	 1.4988e+07	  15478.1	   736319	   736319	 
 0.01225	 1.26421e+07	 1.42207e+07	 1.42207e+07	  14544.7	   714989	   714989	 
  0.0123	 1.1994e+07	 1.34917e+07	 1.34917e+07	  13698.1	   694259	   694259	 
 0.01235	 1.13785e+07	 1.27994e+07	 1.27994e+07	  12971.8	   674126	   674126	 
  0.0124	 1.07937e+07	 1.21416e+07	 1.21416e+07	  12266.2	   654467	   654467	 
 0.01245	 1.0238e+07	 1.15165e+07	 1.15165e+07	  11603.1	   634998	   634998	 
  0.0125	 9.71023e+06	 1.09228e+07	 1.09228e+07	  10973.4	   616285	   616285	 
 0.01255	 9.20885e+06	 1.03588e+07	 1.03588e+07	    10365	   597982	   597982	 
  0.0126	 8.73276e+06	 9.82325e+06	 9.82325e+06	  9767.14	   580099	   580099	 
 0.01265	 8.28061e+06	 9.31464e+06	 9.31464e+06	  9158.47	   562626	   562626	 
  0.0127	 7.85145e+06	 8.83191e+06	 8.83191e+06	  8618.83	   545593	   545593	 
 0.01275	 7.44376e+06	 8.37331e+06	 8.37331e+06	  8125.22	   528849	   528849	 
  0.0128	 7.05691e+06	 7.93815e+06	 7.93815e+06	  7645.89	   512710	   512710	 
 0.01285	 6.68963e+06	 7.52502e+06	 7.52502e+06	  7168.26	   496921	   496921	 
  0.0129	 6.34095e+06	 7.13281e+06	 7.13281e+06	  6709.81	   481526	   481526	 
 0.01295	 6.00994e+06	 6.76047e+06	 6.76047e+06	  6289.88	   466575	   466575	 
   0.013	 5.69599e+06	 6.40732e+06	 6.40732e+06	  5910.92	   451790	   451790	 
 0.01305	 5.39806e+06	 6.07219e+06	 6.07219e+06	   5547.6	   437706	   437706	 
  0.0131	 5.11546e+06	 5.7543e+06	 5.7543e+06	   5257.1	   424017	   424017	 
 0.01315	 4.84726e+06	 5.45261e+06	 5.45261e+06	  4974.05	   410594	   410594	 
  0.0132	 4.59289e+06	 5.16647e+06	 5.16647e+06	  4704.58	   397456	   397456	 
 0.01325	 4.35155e+06	 4.89499e+06	 4.89499e+06	  4443.17	   384780	   384780	 
  0.0133	 4.12252e+06	 4.63736e+06	 4.63736e+06	  4186.56	   372447	   372447	 
 0.01335	 3.90539e+06	 4.39313e+06	 4.39313e+06	  3931.93	   360451	   360451	 
  0.0134	 3.69924e+06	 4.16124e+06	 4.16124e+06	  3666.35	   348653	   348653	 
 0.01345	 3.50403e+06	 3.94165e+06	 3.94165e+06	  3456.65	   337297	   337297	 
  0.0135	 3.31876e+06	 3.73324e+06	 3.73324e+06	  3251.44	   326255	   326255	 
 0.01355	 3.14304e+06	 3.53558e+06	 3.53558e+06	  3028.84	   315384	   315384	 
  0.0136	 2.97663e+06	 3.34839e+06	 3.34839e+06	  2835.33	   304941	   304941	 
 0.01365	 2.81857e+06	 3.1706e+06	 3.1706e+06	  2623.61	   294731	   294731	 
  0.0137	 2.66888e+06	 3.00222e+06	 3.00222e+06	  2455.25	   284783	   284783	 
 0.01375	 2.52716e+06	 2.84279e+06	 2.84279e+06	  2319.46	   275252	   275252	 
  0.0138	 2.39266e+06	 2.6915e+06	 2.6915e+06	  2164.76	   265985	   265985	 
 0.01385	 2.26528e+06	 2.54822e+06	 2.54822e+06	  2049.12	   256990	   256990	 
  0.0139	 2.14455e+06	 2.4124e+06	 2.4124e+06	  1938.55	   248254	   248254	 
 0.01395	 2.03014e+06	 2.2837e+06	 2.2837e+06	  1831.38	   239764	   239764	 
   0.014	 1.92169e+06	 2.16171e+06	 2.16171e+06	  1724.99	   231508	   231508	 
 0.01405	 1.81891e+06	 2.04609e+06	 2.04609e+06	  1600.78	   223473	   223473	 
  0.0141	 1.72154e+06	 1.93657e+06	 1.93657e+06	   1498.7	   215687	   215687	 
 0.01415	 1.62932e+06	 1.83283e+06	 1.83283e+06	   1413.8	   208130	   208130	 
  0.0142	 1.54189e+06	 1.73448e+06	 1.73448e+06	  1310.98	   200794	   200794	 
 0.01425	 1.45913e+06	 1.64139e+06	 1.64139e+06	  1231.68	   193669	   193669	 
  0.0143	 1.3807e+06	 1.55316e+06	 1.55316e+06	  1144.71	   186687	   186687	 
 0.01435	 1.30639e+06	 1.46958e+06	 1.46958e+06	  1047.43	   179977	   179977	 
  0.0144	 1.23606e+06	 1.39046e+06	 1.39046e+06	  984.229	   173495	   173495	 
 0.01445	 1.16947e+06	 1.31556e+06	 1.31556e+06	  925.224	   167208	   167208	 
  0.0145	 1.10642e+06	 1.24463e+06	 1.24463e+06	  876.997	   161132	   161132	 
 0.01455	 1.04673e+06	 1.17748e+06	 1.17748e+06	    830.3	   155237	   155237	 
  0.0146	   990173	 1.11386e+06	 1.11386e+06	  786.482	   149502	   149502	 
 0.01465	   936660	 1.05366e+06	 1.05366e+06	  743.637	   143966	   143966	 
  0.0147	   885972	   996642	   996642	  701.324	   138560	   138560	 
 0.01475	   837995	   942673	   942673	  659.265	   133360	   133360	 
  0.0148	   792563	   891566	   891566	  616.964	   128306	   128306	 
 0.01485	   749564	   843196	   843196	  583.017	   123404	   123404	 
  0.0149	   708863	   797412	   797412	  546.992	   118691	   118691	 
 0.01495	   670290	   754022	   754022	  498.717	   114120	   114120	 
   0.015	   633834	   713012	   713012	  467.155	   109688	   109688	 
 0.01505	   599332	   674202	   674202	  436.041	   105393	   105393	 
  0.0151	   566673	   637463	   637463	  408.261	   101254	   101254	 
 0.01515	   535773	   602703	   602703	  382.774	  97245.4	  97245.4	 
  0.0152	   506536	   569815	   569815	  361.822	  93379.2	  93379.2	 
 0.01525	   478865	   538687	   538687	  338.043	    89585	    89585	 
  0.0153	   452703	   509257	   509257	  320.631	  85992.9	  85992.9	 
 0.01535	   427938	   481399	   481399	  294.937	  82517.3	  82517.3	 
  0.0154	   404515	   455050	   455050	   278.28	  79166.9	  79166.9	 
 0.01545	   382359	   430126	   430126	  261.606	  75928.2	  75928.2	 
  0.0155	   361388	   406536	   406536	  242.651	  72785.1	  72785.1	 
 0.01555	   341551	   384222	   384222	   222.31	  69769.5	  69769.5	 
  0.0156	   322798	   363125	   363125	  209.715	  66866.4	  66866.4	 
 0.01565	   305073	   343186	   343186	  197.113	  64062.8	  64062.8	 
  0.0157	   288284	   324300	   324300	   181.93	  61357.5	  61357.5	 
 0.01575	   272421	   306457	   306457	  165.875	  58748.4	  58748.4	 
  0.0158	   257407	   289567	   289567	  152.727	  56238.2	  56238.2	 
 0.01585	   243217	   273605	   273605	  139.581	    53821	    53821	 
  0.0159	   229799	   258510	   258510	  128.261	  51493.5	  51493.5	 
 0.01595	   217085	   244211	   244211	  105.113	    49253	    49253	 
   0.016	   205102	   230729	   230729	  99.9368	  47102.8	  47102.8	 
 0.01605	   193774	   217986	   217986	  94.7575	  45034.2	  45034.2	 
  0.0161	   183060	   205934	   205934	  89.5748	    43044	    43044	 
 0.01615	   172934	   194542	   194542	  84.3881	  41132.3	  41132.3	 
  0.0162	   163361	   183773	   183773	  79.3045	  39293.1	  39293.1	 
 0.01625	   154310	   173592	   173592	  75.0735	  37483.9	  37483.9	 
  0.0163	   145757	   163970	   163970	  70.8891	  35790.9	  35790.9	 
 0.01635	   137672	   154875	   154875	  66.7022	  34167.2	  34167.2	 
  0.0164	   130029	   146277	   146277	   62.512	  32606.9	  32606.9	 
 0.01645	   122806	   138151	   138151	  58.3181	    31113	    31113	 
  0.0165	   115979	   130471	   130471	  54.1542	    29674	    29674	 
 0.01655	   109530	   123216	   123216	  50.7998	  28282.9	  28282.9	 
  0.0166	   103433	   116357	   116357	  47.6057	  26957.5	  26957.5	 
 0.01665	  97675.3	   109880	   109880	  45.2229	    25698	    25698	 
  0.0167	  92232.3	   103757	   103757	  43.0111	  24491.5	  24491.5	 
 0.01675	    87092	  97974.5	  97974.5	   40.798	  23336.9	  23336.9	 
  0.0168	  82233.9	  92509.4	  92509.4	  38.5834	  22231.3	  22231.3	 
 0.01685	  77643.3	  87345.2	  87345.2	  36.3669	  21173.6	  21173.6	 
  0.0169	  73303.1	  82462.9	  82462.9	  32.6757	  20160.7	  20160.7	 
 0.01695	  69180.6	  77826.6	  77826.6	  19.4089	  19187.7	  19187.7	 
   0.017	  65310.8	  73473.2	  73473.2	  18.2983	  18262.8	  18262.8	 
 0.01705	    61656	  69361.7	  69361.7	  17.1877	  17379.2	  17379.2	 
  0.0171	  58203.6	  65477.8	  65477.8	   16.077	  16534.8	  16534.8	 
 0.01715	  54943.1	  61809.8	  61809.8	  14.9662	  15728.2	  15728.2	 
  0.0172	  51862.7	  58344.5	  58344.5	  13.8553	  14958.1	  14958.1	 
 0.01725	  48940.6	  55057.8	  55057.8	  7.80197	  14220.5	  14220.5	 
  0.0173	  46195.1	  51969.2	  51969.2	   7.1592	  13518.8	  13518.8	 
 0.01735	  43600.3	  49050.1	  49050.1	  6.68346	  12844.9	  12844.9	 
  0.0174	  41150.4	  46293.9	  46293.9	  6.40978	    12207	    12207	 
 0.01745	  38837.5	    43692	    43692	  6.13611	    11599	    11599	 
  0.0175	    36654	  41235.4	  41235.4	  5.86243	  11019.1	  11019.1	 
 0.01755	  34590.3	  38913.8	  38913.8	  5.58876	  10466.6	  10466.6	 
  0.0176	  32643.3	  36723.5	  36723.5	  5.31508	  9940.39	  9940.39	 
 0.01765	  30803.6	  34653.9	  34653.9	   5.0414	  9438.62	  9438.62	 
  0.0177	    29068	  32701.3	  32701.3	  4.76771	  8960.98	  8960.98	 
 0.01775	  27427.6	  30855.9	  30855.9	  4.49403	  8506.28	  8506.28	 
  0.0178	    25879	  29113.7	  29113.7	  4.22034	  8073.32	  8073.32	 
 0.01785	  24418.4	  27470.5	  27470.5	  3.94665	  7661.17	  7661.17	 
  0.0179	  23038.6	  25918.2	  25918.2	  3.67296	  7269.25	  7269.25	 
 0.01795	  21736.2	  24453.1	  24453.1	  3.39926	  6896.34	  6896.34	 
   0.018	  20506.7	  23069.9	  23069.9	  3.12556	  6541.53	  6541.53	 
 0.01805	  19343.6	  21761.6	  21761.6	  1.84033	  6203.18	  6203.18	 
  0.0181	  18245.2	    20526	    20526	 0.385246	  5881.94	  5881.94	 
 0.01815	  17211.8	  19363.4	  19363.4	 0.368848	  5577.11	  5577.11	 
  0.0182	  16236.3	  18266.1	  18266.1	 0.352449	  5287.68	  5287.68	 
 0.01825	  15315.7	  17230.3	  17230.3	 0.336051	  5012.43	  5012.43	 
  0.0183	  14446.8	  16252.8	  16252.8	 0.319652	  4751.07	  4751.07	 
 0.01835	  13626.9	  15330.3	  15330.3	 0.303254	  4502.98	  4502.98	 
  0.0184	  12852.9	  14459.7	  14459.7	 0.286855	  4267.27	  4267.27	 
 0.01845	  12122.6	  13638.1	  13638.1	 0.270456	  4043.32	  4043.32	 
  0.0185	  11433.4	  12862.7	  12862.7	 0.254057	  3830.85	  3830.85	 
 0.01855	  10783.1	  12131.1	  12131.1	 0.237657	  3629.24	  3629.24	 
  0.0186	  10169.5	  11440.8	  11440.8	 0.221258	  3437.59	  3437.59	 
 0.01865	  9590.54	  10789.5	  10789.5	 0.204859	   3256.2	   3256.2	 
  0.0187	   9044.3	  10174.9	  10174.9	 0.188459	  3083.57	  3083.57	 
 0.01875	  8528.85	  9595.06	  9595.06	  0.08324	  2920.18	  2920.18	 
  0.0188	  8042.25	  9047.64	  9047.64	 6.8802e-35	  2765.07	  2765.07	 
 0.01885	  7583.52	  8531.56	  8531.56	 6.8802e-35	  2618.04	  2618.04	 
  0.0189	  7150.65	  8044.57	  8044.57	 6.8802e-35	  2478.58	  2478.58	 
 0.01895	  6742.42	   7585.3	   7585.3	 6.8802e-35	  2346.36	  2346.36	 
   0.019	  6357.38	  7152.13	  7152.13	 6.8802e-35	  2221.02	  2221.02	 
 0.01905	  5994.07	  6743.41	  6743.41	 6.8802e-35	   2102.2	   2102.2	 
  0.0191	  5651.27	  6357.75	  6357.75	 6.8802e-35	  1989.57	  1989.57	 
 0.01915	  5328.13	  5994.22	  5994.22	 6.8802e-35	  1882.86	  1882.86	 
  0.0192	  5023.26	  5651.23	  5651.23	 6.8802e-35	  1781.73	  1781.73	 
 0.01925	  4735.65	  5327.67	  5327.67	 6.8802e-35	   1685.9	   1685.9	 
  0.0193	  4464.33	  5022.43	  5022.43	 6.8802e-35	  1595.12	  1595.12	 
 0.01935	  4208.52	  4734.64	  4734.64	 6.8802e-35	  1509.11	  1509.11	 
  0.0194	  3967.21	  4463.16	  4463.16	 6.8802e-35	  1427.66	  1427.66	 
 0.01945	   3739.7	  4207.21	  4207.21	 6.8802e-35	  1350.49	  1350.49	 
  0.0195	  3525.03	   3965.7	   3965.7	 6.8802e-35	  1277.42	  1277.42	 
 0.01955	  3322.82	  3738.21	  3738.21	 6.8802e-35	  1208.22	  1208.22	 
  0.0196	  3131.97	  3523.51	  3523.51	 6.8802e-35	  1142.73	  1142.73	 
 0.01965	  2951.97	     3321	     3321	 6.8802e-35	  1080.68	  1080.68	 
  0.0197	  2782.28	   3130.1	   3130.1	 6.8802e-35	  1021.95	  1021.95	 
 0.01975	  2622.39	  2950.22	  2950.22	 6.8802e-35	  966.357	  966.357	 
  0.0198	  2471.42	  2780.38	  2780.38	 6.8802e-35	  913.724	  913.724	 
 0.01985	  2329.21	  2620.39	  2620.39	 6.8802e-35	  863.927	  863.927	 
  0.0199	   2195.1	  2469.52	  2469.52	 6.8802e-35	  816.787	  816.787	 
 0.01995	  2068.65	  2327.25	  2327.25	 6.8802e-35	   772.15	   772.15	 
    0.02	  1949.47	  2193.18	  2193.18	 6.8802e-35	  729.959	  729.959	 
 0.02005	  1837.07	  2066.73	  2066.73	 6.8802e-35	  690.001	  690.001	 
  0.0201	  1731.12	  1947.53	  1947.53	 6.8802e-35	  652.216	  652.216	 
 0.02015	  1631.26	  1835.18	  1835.18	 6.8802e-35	  616.453	  616.453	 
  0.0202	   1537.1	  1729.25	  1729.25	 6.8802e-35	  582.621	  582.621	 
 0.02025	  1448.32	  1629.38	  1629.38	 6.8802e-35	   550.63	   550.63	 
  0.0203	  1364.67	  1535.28	  1535.28	 6.8802e-35	  520.361	  520.361	 
 0.02035	   1285.8	  1446.54	  1446.54	 6.8802e-35	   491.72	   491.72	 
  0.0204	  1211.45	   1362.9	   1362.9	 6.8802e-35	  464.648	  464.648	 
 0.02045	   1141.4	  1284.09	  1284.09	 6.8802e-35	  439.026	  439.026	 
  0.0205	  1075.36	  1209.79	  1209.79	 6.8802e-35	  414.822	  414.822	 
 0.02055	  1013.12	  1139.78	  1139.78	 6.8802e-35	  391.915	  391.915	 
  0.0206	  954.455	  1073.77	  1073.77	 6.8802e-35	  370.276	  370.276	 
 0.02065	  899.166	  1011.57	  1011.57	 6.8802e-35	  349.784	  349.784	 
  0.0207	  847.071	  952.966	  952.966	 6.8802e-35	  330.439	  330.439	 
 0.02075	  797.948	  897.702	  897.702	 6.8802e-35	   312.12	   312.12	 
  0.0208	  751.681	  845.651	  845.651	 6.8802e-35	  294.833	  294.833	 
 0.02085	  708.072	   796.59	   796.59	 6.8802e-35	  278.478	  278.478	 
  0.0209	   666.98	  750.361	  750.361	 6.8802e-35	   263.02	   263.02	 
 0.02095	  628.259	  706.799	  706.799	 6.8802e-35	  248.407	  248.407	 
   0.021	  591.763	  665.741	  665.741	 6.8802e-35	    234.6	    234.6	 
 0.02105	   557.39	  627.071	  627.071	 6.8802e-35	  221.547	  221.547	 
  0.0211	  524.995	  590.626	  590.626	 6.8802e-35	  209.213	  209.213	 
 0.02115	   494.46	  556.274	  556.274	 6.8802e-35	  197.557	  197.557	 
  0.0212	  465.705	  523.924	  523.924	 6.8802e-35	  186.541	  186.541	 
 0.02125	  438.609	   493.44	   493.44	 6.8802e-35	  176.132	  176.132	 
  0.0213	  413.076	  464.716	  464.716	 6.8802e-35	    166.3	    166.3	 
 0.02135	  389.029	  437.662	  437.662	 6.8802e-35	  157.007	  157.007	 
  0.0214	  366.354	  412.153	  412.153	 6.8802e-35	  148.231	  148.231	 
 0.02145	  345.013	  388.144	  388.144	 6.8802e-35	  139.938	  139.938	 
  0.0215	  324.896	  365.512	  365.512	 6.8802e-35	  132.103	  132.103	 
 0.02155	  305.947	  344.194	  344.194	 6.8802e-35	  124.703	  124.703	 
  0.0216	  288.116	  324.134	  324.134	 6.8802e-35	   117.71	   117.71	 
 0.02165	  271.289	  305.204	  305.204	 6.8802e-35	  111.107	  111.107	 
  0.0217	  255.458	  287.394	  287.394	 6.8802e-35	  104.872	  104.872	 
 0.02175	  240.543	  270.614	  270.614	 6.8802e-35	  98.9807	  98.9807	 
  0.0218	  226.492	  254.806	  254.806	 6.8802e-35	  93.4186	  93.4186	 
 0.02185	  213.257	  239.917	  239.917	 6.8802e-35	  88.1643	  88.1643	 
  0.0219	  200.792	  225.893	  225.893	 6.8802e-35	  83.2027	  83.2027	 
 0.02195	   189.05	  212.684	  212.684	 6.8802e-35	  78.5158	  78.5158	 
   0.022	  177.993	  200.244	  200.244	 6.8802e-35	  74.0944	  74.0944	 
 0.02205	  167.577	  188.527	  188.527	 6.8802e-35	  69.9146	  69.9146	 
  0.0221	   157.77	  177.493	  177.493	 6.8802e-35	  65.9731	  65.9731	 
 0.02215	  148.532	    167.1	    167.1	 6.8802e-35	  62.2489	  62.2489	 
  0.0222	  139.833	  157.313	  157.313	 6.8802e-35	   58.733	   58.733	 
 0.02225	  131.639	  148.095	  148.095	 6.8802e-35	  55.4132	  55.4132	 
  0.0223	  123.924	  139.416	  139.416	 6.8802e-35	  52.2805	  52.2805	 
 0.02235	  116.657	   131.24	   131.24	 6.8802e-35	  49.3198	  49.3198	 
  0.0224	  109.816	  123.545	  123.545	 6.8802e-35	  46.5282	  46.5282	 
 0.02245	  103.374	  116.297	  116.297	 6.8802e-35	  43.8935	  43.8935	 
  0.0225	  97.3064	  109.471	  109.471	 6.8802e-35	  41.4067	  41.4067	 
 0.02255	  91.5955	  103.046	  103.046	 6.8802e-35	  39.0557	  39.0557	 
  0.0226	  86.2151	  96.9931	  96.9931	 6.8802e-35	  36.8405	  36.8405	 
 0.02265	  81.1524	  91.2975	  91.2975	 6.8802e-35	   34.749	   34.749	 
  0.0227	  76.3839	  85.9328	  85.9328	 6.8802e-35	  32.7753	  32.7753	 
 0.02275	  71.8929	  80.8805	  80.8805	 6.8802e-35	  30.9132	  30.9132	 
  0.0228	  67.6659	   76.125	   76.125	 6.8802e-35	  29.1546	  29.1546	 
 0.02285	  63.6863	  71.6479	  71.6479	 6.8802e-35	  27.4956	  27.4956	 
  0.0229	  59.9396	  67.4328	  67.4328	 6.8802e-35	  25.9305	  25.9305	 
 0.02295	  56.4132	  63.4655	  63.4655	 6.8802e-35	  24.4535	  24.4535	 
   0.023	  53.0908	  59.7278	  59.7278	 6.8802e-35	  23.0598	  23.0598	 
 0.02305	  49.9646	  56.2108	  56.2108	 6.8802e-35	  21.7449	  21.7449	 
  0.0231	   47.022	  52.9003	  52.9003	 6.8802e-35	  20.5045	  20.5045	 
 0.02315	  44.2518	  49.7838	  49.7838	 6.8802e-35	  19.3341	  19.3341	 
  0.0232	  41.6437	  46.8497	  46.8497	 6.8802e-35	  18.2298	  18.2298	 
 0.02325	  39.1883	  44.0873	  44.0873	 6.8802e-35	  17.1883	  17.1883	 
  0.0233	  36.8761	  41.4861	  41.4861	 6.8802e-35	  16.2056	  16.2056	 
 0.02335	  34.7013	  39.0394	  39.0394	 6.8802e-35	  15.2788	  15.2788	 
  0.0234	  32.6528	  36.7348	  36.7348	 6.8802e-35	  14.4045	  14.4045	 
 0.02345	   30.725	  34.5661	  34.5661	 6.8802e-35	  13.5797	  13.5797	 
  0.0235	  28.9109	  32.5252	  32.5252	 6.8802e-35	   12.802	   12.802	 
 0.02355	  27.2032	   30.604	   30.604	 6.8802e-35	  12.0683	  12.0683	 
  0.0236	  25.5969	  28.7969	  28.7969	 6.8802e-35	  11.3763	  11.3763	 
 0.02365	   24.085	  27.0959	  27.0959	 6.8802e-35	  10.7238	  10.7238	 
  0.0237	  22.6603	  25.4931	  25.4931	 6.8802e-35	  10.1081	  10.1081	 
 0.02375	  21.3205	  23.9859	  23.9859	 6.8802e-35	  9.52777	  9.52777	 
  0.0238	  20.0593	   22.567	   22.567	 6.8802e-35	   8.9803	   8.9803	 
 0.02385	  18.8725	  21.2318	  21.2318	 6.8802e-35	  8.46423	  8.46423	 
  0.0239	  17.7556	  19.9753	  19.9753	 6.8802e-35	  7.97743	  7.97743	 
 0.02395	  16.7044	  18.7927	  18.7927	 6.8802e-35	   7.5187	   7.5187	 
   0.024	  15.7153	  17.6799	  17.6799	 6.8802e-35	  7.08591	  7.08591	 
 0.02405	  14.7846	  16.6329	  16.6329	 6.8802e-35	  6.67788	  6.67788	 
  0.0241	  13.9086	  15.6474	  15.6474	 6.8802e-35	   6.2931	   6.2931	 
 0.02415	  13.0844	  14.7201	  14.7201	 6.8802e-35	  5.93034	  5.93034	 
  0.0242	  12.3086	  13.8474	  13.8474	 6.8802e-35	   5.5884	   5.5884	 
 0.02425	  11.5787	  13.0262	  13.0262	 6.8802e-35	  5.26607	  5.26607	 
  0.0243	  10.8921	  12.2538	  12.2538	 6.8802e-35	  4.96216	  4.96216	 
 0.02435	  10.2458	  11.5267	  11.5267	 6.8802e-35	  4.67576	  4.67576	 
  0.0244	  9.63778	  10.8426	  10.8426	 6.8802e-35	  4.40565	  4.40565	 
 0.02445	  9.06557	  10.1989	  10.1989	 6.8802e-35	  4.15093	  4.15093	 
  0.0245	  8.52735	  9.59338	  9.59338	 6.8802e-35	    3.911	    3.911	 
 0.02455	  8.02089	  9.02361	  9.02361	 6.8802e-35	  3.68465	  3.68465	 
  0.0246	  7.54441	  8.48756	  8.48756	 6.8802e-35	  3.47158	  3.47158	 
 0.02465	  7.09614	  7.98325	  7.98325	 6.8802e-35	  3.27059	  3.27059	 
  0.0247	  6.67437	  7.50875	  7.50875	 6.8802e-35	  3.08106	  3.08106	 
 0.02475	  6.27744	   7.0622	   7.0622	 6.8802e-35	  2.90269	  2.90269	 
  0.0248	   5.9043	  6.64241	  6.64241	 6.8802e-35	  2.73444	  2.73444	 
 0.02485	  5.55289	  6.24707	  6.24707	 6.8802e-35	  2.57588	  2.57588	 
  0.0249	  5.22263	  5.87552	  5.87552	 6.8802e-35	  2.42643	  2.42643	 
 0.02495	  4.91168	   5.5257	   5.5257	 6.8802e-35	  2.28564	  2.28564	 
   0.025	  4.61943	  5.19691	  5.19691	 6.8802e-35	  2.15294	  2.15294	 
       0	        0	        0	        0	        0	        0	        0	 
