0.000000e+00 0.000000e+00 0.000000e+00 0.000000e+00 0.000000e+00 0.000000e+00 0.000000e+00 
5.000000e-05 2.238040e+07 2.746057e+03 2.746057e+03 2.525899e+07 3.794848e+03 3.794848e+03 
1.000000e-04 9.132372e+07 1.275962e+05 1.275962e+05 1.003041e+08 1.606868e+05 1.606868e+05 
1.500000e-04 2.126263e+08 7.866720e+05 7.866720e+05 2.277567e+08 9.419642e+05 9.419642e+05 
2.000000e-04 3.985500e+08 3.445269e+06 3.445269e+06 4.220279e+08 4.064499e+06 4.064499e+06 
2.500000e-04 6.625206e+08 9.578704e+06 9.578704e+06 6.920967e+08 1.109922e+07 1.109922e+07 
3.000000e-04 1.009664e+09 2.099354e+07 2.099354e+07 1.042988e+09 2.402707e+07 2.402707e+07 
3.500000e-04 1.432712e+09 3.838687e+07 3.838687e+07 1.465769e+09 4.345327e+07 4.345327e+07 
4.000000e-04 1.925164e+09 6.184510e+07 6.184510e+07 1.948713e+09 6.931416e+07 6.931416e+07 
4.500000e-04 2.480190e+09 9.150805e+07 9.150805e+07 2.480108e+09 1.015331e+08 1.015331e+08 
5.000000e-04 3.085646e+09 1.257385e+08 1.257385e+08 3.044370e+09 1.383168e+08 1.383168e+08 
5.500000e-04 3.728889e+09 1.625140e+08 1.625140e+08 3.626836e+09 1.775604e+08 1.775604e+08 
6.000000e-04 4.409348e+09 2.017099e+08 2.017099e+08 4.219996e+09 2.189874e+08 2.189874e+08 
6.500000e-04 5.106828e+09 2.416284e+08 2.416284e+08 4.813308e+09 2.610173e+08 2.610173e+08 
7.000000e-04 5.816502e+09 2.814209e+08 2.814209e+08 5.399229e+09 3.028146e+08 3.028146e+08 
7.500000e-04 6.530441e+09 3.205336e+08 3.205336e+08 5.970151e+09 3.437732e+08 3.437732e+08 
8.000000e-04 7.243924e+09 3.587745e+08 3.587745e+08 6.520901e+09 3.836392e+08 3.836392e+08 
8.500000e-04 7.948531e+09 3.955415e+08 3.955415e+08 7.043774e+09 4.217405e+08 4.217405e+08 
9.000000e-04 8.641863e+09 4.303620e+08 4.303620e+08 7.535380e+09 4.575583e+08 4.575583e+08 
9.500000e-04 9.317248e+09 4.627260e+08 4.627260e+08 7.993833e+09 4.907045e+08 4.907045e+08 
1.000000e-03 9.974646e+09 4.925332e+08 4.925332e+08 8.417673e+09 5.209107e+08 5.209107e+08 
1.050000e-03 1.060955e+10 5.196996e+08 5.196996e+08 8.804202e+09 5.480811e+08 5.480811e+08 
1.100000e-03 1.121827e+10 5.440408e+08 5.440408e+08 9.150395e+09 5.719618e+08 5.719618e+08 
1.150000e-03 1.179900e+10 5.655989e+08 5.655989e+08 9.458219e+09 5.927461e+08 5.927461e+08 
1.200000e-03 1.234916e+10 5.842084e+08 5.842084e+08 9.726674e+09 6.102843e+08 6.102843e+08 
1.250000e-03 1.286691e+10 5.998300e+08 5.998300e+08 9.957083e+09 6.246162e+08 6.246162e+08 
1.300000e-03 1.334798e+10 6.125053e+08 6.125053e+08 1.014814e+10 6.357334e+08 6.357334e+08 
1.350000e-03 1.379178e+10 6.221810e+08 6.221810e+08 1.030111e+10 6.438874e+08 6.438874e+08 
1.400000e-03 1.420045e+10 6.293143e+08 6.293143e+08 1.042010e+10 6.494300e+08 6.494300e+08 
1.450000e-03 1.457018e+10 6.341425e+08 6.341425e+08 1.050414e+10 6.525108e+08 6.525108e+08 
1.500000e-03 1.490315e+10 6.367025e+08 6.367025e+08 1.055535e+10 6.532074e+08 6.532074e+08 
1.550000e-03 1.519890e+10 6.370273e+08 6.370273e+08 1.057530e+10 6.517113e+08 6.517113e+08 
1.600000e-03 1.545405e+10 6.352785e+08 6.352785e+08 1.056433e+10 6.481023e+08 6.481023e+08 
1.650000e-03 1.567176e+10 6.317246e+08 6.317246e+08 1.052450e+10 6.427347e+08 6.427347e+08 
1.700000e-03 1.585206e+10 6.265141e+08 6.265141e+08 1.045746e+10 6.357293e+08 6.357293e+08 
1.750000e-03 1.599474e+10 6.197803e+08 6.197803e+08 1.036445e+10 6.271414e+08 6.271414e+08 
1.800000e-03 1.610068e+10 6.116925e+08 6.116925e+08 1.024773e+10 6.172302e+08 6.172302e+08 
1.850000e-03 1.617304e+10 6.023972e+08 6.023972e+08 1.010874e+10 6.061900e+08 6.061900e+08 
1.900000e-03 1.620870e+10 5.919193e+08 5.919193e+08 9.948914e+09 5.940803e+08 5.940803e+08 
1.950000e-03 1.621145e+10 5.805154e+08 5.805154e+08 9.770714e+09 5.811705e+08 5.811705e+08 
2.000000e-03 1.618245e+10 5.684235e+08 5.684235e+08 9.575791e+09 5.676137e+08 5.676137e+08 
2.050000e-03 1.612186e+10 5.555022e+08 5.555022e+08 9.364973e+09 5.533373e+08 5.533373e+08 
2.100000e-03 1.603274e+10 5.420326e+08 5.420326e+08 9.140815e+09 5.385861e+08 5.385861e+08 
2.150000e-03 1.591685e+10 5.282133e+08 5.282133e+08 8.905453e+09 5.234941e+08 5.234941e+08 
2.200000e-03 1.577425e+10 5.138897e+08 5.138897e+08 8.658283e+09 5.079985e+08 5.079985e+08 
2.250000e-03 1.560889e+10 4.994241e+08 4.994241e+08 8.404404e+09 4.925053e+08 4.925053e+08 
2.300000e-03 1.542062e+10 4.847152e+08 4.847152e+08 8.142590e+09 4.768894e+08 4.768894e+08 
2.350000e-03 1.521188e+10 4.697278e+08 4.697278e+08 7.874596e+09 4.610483e+08 4.610483e+08 
2.400000e-03 1.498433e+10 4.549301e+08 4.549301e+08 7.602571e+09 4.454154e+08 4.454154e+08 
2.450000e-03 1.474045e+10 4.400838e+08 4.400838e+08 7.327976e+09 4.299050e+08 4.299050e+08 
2.500000e-03 1.448081e+10 4.251926e+08 4.251926e+08 7.051598e+09 4.144443e+08 4.144443e+08 
2.550000e-03 1.420715e+10 4.104567e+08 4.104567e+08 6.774454e+09 3.991159e+08 3.991159e+08 
2.600000e-03 1.392076e+10 3.956274e+08 3.956274e+08 6.496783e+09 3.838609e+08 3.838609e+08 
2.650000e-03 1.362444e+10 3.810758e+08 3.810758e+08 6.221000e+09 3.689031e+08 3.689031e+08 
2.700000e-03 1.331919e+10 3.667589e+08 3.667589e+08 5.947827e+09 3.542223e+08 3.542223e+08 
2.750000e-03 1.300413e+10 3.524447e+08 3.524447e+08 5.677056e+09 3.396885e+08 3.396885e+08 
2.800000e-03 1.268625e+10 3.386692e+08 3.386692e+08 5.412345e+09 3.257816e+08 3.257816e+08 
2.850000e-03 1.236222e+10 3.251718e+08 3.251718e+08 5.152595e+09 3.122315e+08 3.122315e+08 
2.900000e-03 1.203520e+10 3.121074e+08 3.121074e+08 4.898645e+09 2.991079e+08 2.991079e+08 
2.950000e-03 1.170593e+10 2.994286e+08 2.994286e+08 4.651344e+09 2.864067e+08 2.864067e+08 
3.000000e-03 1.137535e+10 2.870270e+08 2.870270e+08 4.410342e+09 2.740300e+08 2.740300e+08 
3.050000e-03 1.104340e+10 2.749309e+08 2.749309e+08 4.176156e+09 2.619982e+08 2.619982e+08 
3.100000e-03 1.071146e+10 2.630536e+08 2.630536e+08 3.948627e+09 2.502249e+08 2.502249e+08 
3.150000e-03 1.038092e+10 2.515889e+08 2.515889e+08 3.729050e+09 2.388857e+08 2.388857e+08 
3.200000e-03 1.005268e+10 2.405802e+08 2.405802e+08 3.517939e+09 2.280283e+08 2.280283e+08 
3.250000e-03 9.726912e+09 2.298477e+08 2.298477e+08 3.314339e+09 2.174765e+08 2.174765e+08 
3.300000e-03 9.403844e+09 2.194389e+08 2.194389e+08 3.118748e+09 2.072634e+08 2.072634e+08 
3.350000e-03 9.084925e+09 2.094177e+08 2.094177e+08 2.931482e+09 1.974594e+08 1.974594e+08 
3.400000e-03 8.769882e+09 1.997098e+08 1.997098e+08 2.752200e+09 1.879851e+08 1.879851e+08 
3.450000e-03 8.459235e+09 1.903072e+08 1.903072e+08 2.580835e+09 1.788415e+08 1.788415e+08 
3.500000e-03 8.153243e+09 1.811689e+08 1.811689e+08 2.417012e+09 1.699472e+08 1.699472e+08 
3.550000e-03 7.853166e+09 1.724582e+08 1.724582e+08 2.261508e+09 1.614940e+08 1.614940e+08 
3.600000e-03 7.559792e+09 1.642450e+08 1.642450e+08 2.114610e+09 1.535357e+08 1.535357e+08 
3.650000e-03 7.272233e+09 1.563294e+08 1.563294e+08 1.975034e+09 1.458743e+08 1.458743e+08 
3.700000e-03 6.991109e+09 1.487963e+08 1.487963e+08 1.843254e+09 1.386058e+08 1.386058e+08 
3.750000e-03 6.716728e+09 1.415816e+08 1.415816e+08 1.718808e+09 1.316678e+08 1.316678e+08 
3.800000e-03 6.449342e+09 1.347279e+08 1.347279e+08 1.601645e+09 1.250883e+08 1.250883e+08 
3.850000e-03 6.187558e+09 1.279627e+08 1.279627e+08 1.490322e+09 1.186089e+08 1.186089e+08 
3.900000e-03 5.932171e+09 1.213859e+08 1.213859e+08 1.385066e+09 1.123212e+08 1.123212e+08 
3.950000e-03 5.684413e+09 1.152206e+08 1.152206e+08 1.286862e+09 1.064533e+08 1.064533e+08 
4.000000e-03 5.443373e+09 1.092605e+08 1.092605e+08 1.194611e+09 1.008090e+08 1.008090e+08 
4.050000e-03 5.209795e+09 1.036059e+08 1.036059e+08 1.108451e+09 9.546785e+07 9.546785e+07 
4.100000e-03 4.982872e+09 9.817953e+07 9.817953e+07 1.027705e+09 9.035528e+07 9.035528e+07 
4.150000e-03 4.763059e+09 9.300981e+07 9.300981e+07 9.523060e+08 8.549117e+07 8.549117e+07 
4.200000e-03 4.551127e+09 8.821456e+07 8.821456e+07 8.824192e+08 8.098367e+07 8.098367e+07 
4.250000e-03 4.346063e+09 8.358951e+07 8.358951e+07 8.168682e+08 7.663907e+07 7.663907e+07 
4.300000e-03 4.147493e+09 7.908788e+07 7.908788e+07 7.554049e+08 7.241226e+07 7.241226e+07 
4.350000e-03 3.955760e+09 7.476113e+07 7.476113e+07 6.980139e+08 6.835854e+07 6.835854e+07 
4.400000e-03 3.771401e+09 7.073331e+07 7.073331e+07 6.449484e+08 6.458813e+07 6.458813e+07 
4.450000e-03 3.593578e+09 6.685792e+07 6.685792e+07 5.954539e+08 6.096331e+07 6.096331e+07 
4.500000e-03 3.422611e+09 6.320124e+07 6.320124e+07 5.496627e+08 5.755269e+07 5.755269e+07 
4.550000e-03 3.258242e+09 5.973186e+07 5.973186e+07 5.072363e+08 5.432561e+07 5.432561e+07 
4.600000e-03 3.100403e+09 5.646188e+07 5.646188e+07 4.679702e+08 5.129106e+07 5.129106e+07 
4.650000e-03 2.948702e+09 5.333419e+07 5.333419e+07 4.317025e+08 4.840018e+07 4.840018e+07 
4.700000e-03 2.803286e+09 5.038906e+07 5.038906e+07 3.983409e+08 4.568892e+07 4.568892e+07 
4.750000e-03 2.663837e+09 4.759819e+07 4.759819e+07 3.674670e+08 4.312331e+07 4.312331e+07 
4.800000e-03 2.530038e+09 4.490025e+07 4.490025e+07 3.387698e+08 4.064395e+07 4.064395e+07 
4.850000e-03 2.401682e+09 4.229424e+07 4.229424e+07 3.120614e+08 3.825088e+07 3.825088e+07 
4.900000e-03 2.279268e+09 3.989193e+07 3.989193e+07 2.826907e+08 3.604757e+07 3.604757e+07 
4.950000e-03 2.162103e+09 3.757219e+07 3.757219e+07 2.612727e+08 3.392097e+07 3.392097e+07 
5.000000e-03 2.049936e+09 3.534666e+07 3.534666e+07 2.412584e+08 3.188298e+07 3.188298e+07 
5.050000e-03 1.943034e+09 3.327370e+07 3.327370e+07 2.227878e+08 2.998574e+07 2.998574e+07 
5.100000e-03 1.841207e+09 3.133940e+07 3.133940e+07 2.057729e+08 2.821551e+07 2.821551e+07 
5.150000e-03 1.744106e+09 2.951008e+07 2.951008e+07 1.900212e+08 2.654329e+07 2.654329e+07 
5.200000e-03 1.651771e+09 2.781666e+07 2.781666e+07 1.754809e+08 2.499857e+07 2.499857e+07 
5.250000e-03 1.563838e+09 2.623108e+07 2.623108e+07 1.622443e+08 2.355734e+07 2.355734e+07 
5.300000e-03 1.479854e+09 2.468714e+07 2.468714e+07 1.498298e+08 2.215575e+07 2.215575e+07 
5.350000e-03 1.400009e+09 2.323357e+07 2.323357e+07 1.383128e+08 2.083797e+07 2.083797e+07 
5.400000e-03 1.323991e+09 2.185174e+07 2.185174e+07 1.276948e+08 1.958627e+07 1.958627e+07 
5.450000e-03 1.251569e+09 2.052051e+07 2.052051e+07 1.177697e+08 1.838110e+07 1.838110e+07 
5.500000e-03 1.182688e+09 1.925280e+07 1.925280e+07 1.084937e+08 1.723464e+07 1.723464e+07 
5.550000e-03 1.117307e+09 1.806363e+07 1.806363e+07 1.000469e+08 1.616105e+07 1.616105e+07 
5.600000e-03 1.055290e+09 1.694922e+07 1.694922e+07 9.226585e+07 1.515498e+07 1.515498e+07 
5.650000e-03 9.964941e+08 1.591465e+07 1.591465e+07 8.512257e+07 1.422238e+07 1.422238e+07 
5.700000e-03 9.407586e+08 1.493474e+07 1.493474e+07 7.853553e+07 1.333942e+07 1.333942e+07 
5.750000e-03 8.879057e+08 1.402663e+07 1.402663e+07 7.251533e+07 1.252174e+07 1.252174e+07 
5.800000e-03 8.378382e+08 1.316664e+07 1.316664e+07 6.693059e+07 1.174673e+07 1.174673e+07 
5.850000e-03 7.905948e+08 1.239537e+07 1.239537e+07 6.181530e+07 1.105318e+07 1.105318e+07 
5.900000e-03 7.456712e+08 1.164152e+07 1.164152e+07 5.718325e+07 1.037567e+07 1.037567e+07 
5.950000e-03 7.031136e+08 1.092142e+07 1.092142e+07 5.284575e+07 9.729388e+06 9.729388e+06 
6.000000e-03 6.627089e+08 1.022419e+07 1.022419e+07 4.875019e+07 9.104035e+06 9.104035e+06 
6.050000e-03 6.245319e+08 9.579703e+06 9.579703e+06 4.505194e+07 8.527058e+06 8.527058e+06 
6.100000e-03 5.883849e+08 8.967119e+06 8.967119e+06 4.161988e+07 7.979128e+06 7.979128e+06 
6.150000e-03 5.542165e+08 8.393619e+06 8.393619e+06 3.831200e+07 7.466949e+06 7.466949e+06 
6.200000e-03 5.218436e+08 7.841727e+06 7.841727e+06 3.540453e+07 6.974060e+06 6.974060e+06 
6.250000e-03 4.913562e+08 7.342925e+06 7.342925e+06 3.278956e+07 6.528986e+06 6.528986e+06 
6.300000e-03 4.625323e+08 6.869900e+06 6.869900e+06 3.034162e+07 6.107342e+06 6.107342e+06 
6.350000e-03 4.353893e+08 6.440594e+06 6.440594e+06 2.816064e+07 5.724565e+06 5.724565e+06 
6.400000e-03 4.097970e+08 6.043415e+06 6.043415e+06 2.615875e+07 5.369330e+06 5.369330e+06 
6.450000e-03 3.856206e+08 5.666607e+06 5.666607e+06 2.419631e+07 5.032342e+06 5.032342e+06 
6.500000e-03 3.627541e+08 5.304558e+06 5.304558e+06 2.247507e+07 4.708789e+06 4.708789e+06 
6.550000e-03 3.411815e+08 4.964763e+06 4.964763e+06 2.089529e+07 4.405852e+06 4.405852e+06 
6.600000e-03 3.208290e+08 4.645744e+06 4.645744e+06 1.943023e+07 4.121699e+06 4.121699e+06 
6.650000e-03 3.015933e+08 4.339620e+06 4.339620e+06 1.806467e+07 3.849552e+06 3.849552e+06 
6.700000e-03 2.834355e+08 4.048731e+06 4.048731e+06 1.679390e+07 3.591125e+06 3.591125e+06 
6.750000e-03 2.663119e+08 3.775226e+06 3.775226e+06 1.558195e+07 3.348468e+06 3.348468e+06 
6.800000e-03 2.502329e+08 3.528860e+06 3.528860e+06 1.454659e+07 3.130110e+06 3.130110e+06 
6.850000e-03 2.350606e+08 3.294270e+06 3.294270e+06 1.358575e+07 2.922426e+06 2.922426e+06 
6.900000e-03 2.207812e+08 3.076294e+06 3.076294e+06 1.269556e+07 2.728975e+06 2.728975e+06 
6.950000e-03 2.073493e+08 2.874301e+06 2.874301e+06 1.188323e+07 2.549693e+06 2.549693e+06 
7.000000e-03 1.947383e+08 2.690555e+06 2.690555e+06 1.114512e+07 2.385650e+06 2.385650e+06 
7.050000e-03 1.828716e+08 2.520278e+06 2.520278e+06 1.047565e+07 2.233986e+06 2.233986e+06 
7.100000e-03 1.716904e+08 2.358827e+06 2.358827e+06 9.831594e+06 2.090377e+06 2.090377e+06 
7.150000e-03 1.611547e+08 2.204458e+06 2.204458e+06 9.262688e+06 1.953255e+06 1.953255e+06 
7.200000e-03 1.512044e+08 2.053673e+06 2.053673e+06 8.714389e+06 1.819373e+06 1.819373e+06 
7.250000e-03 1.418403e+08 1.911311e+06 1.911311e+06 8.207454e+06 1.693137e+06 1.693137e+06 
7.300000e-03 1.330566e+08 1.783237e+06 1.783237e+06 7.765629e+06 1.579984e+06 1.579984e+06 
7.350000e-03 1.247990e+08 1.663138e+06 1.663138e+06 7.358333e+06 1.473824e+06 1.473824e+06 
7.400000e-03 1.170283e+08 1.548691e+06 1.548691e+06 6.953806e+06 1.372671e+06 1.372671e+06 
7.450000e-03 1.097196e+08 1.442123e+06 1.442123e+06 6.615136e+06 1.278543e+06 1.278543e+06 
7.500000e-03 1.028565e+08 1.342336e+06 1.342336e+06 6.302320e+06 1.190311e+06 1.190311e+06 
7.550000e-03 9.644074e+07 1.255030e+06 1.255030e+06 6.033162e+06 1.112831e+06 1.112831e+06 
7.600000e-03 9.043005e+07 1.175363e+06 1.175363e+06 5.790771e+06 1.041850e+06 1.041850e+06 
7.650000e-03 8.476824e+07 1.098979e+06 1.098979e+06 5.564771e+06 9.738727e+05 9.738727e+05 
7.700000e-03 7.943947e+07 1.024719e+06 1.024719e+06 5.340051e+06 9.078286e+05 9.078286e+05 
7.750000e-03 7.442496e+07 9.537496e+05 9.537496e+05 5.141246e+06 8.448487e+05 8.448487e+05 
7.800000e-03 6.973839e+07 8.891042e+05 8.891042e+05 4.965764e+06 7.876664e+05 7.876664e+05 
7.850000e-03 6.532632e+07 8.280870e+05 8.280870e+05 4.806420e+06 7.337448e+05 7.337448e+05 
7.900000e-03 6.118253e+07 7.704265e+05 7.704265e+05 4.659283e+06 6.828162e+05 6.828162e+05 
7.950000e-03 5.729806e+07 7.171793e+05 7.171793e+05 4.527909e+06 6.358056e+05 6.358056e+05 
8.000000e-03 5.364182e+07 6.651804e+05 6.651804e+05 4.399100e+06 5.899502e+05 5.899502e+05 
8.050000e-03 5.022457e+07 6.189205e+05 6.189205e+05 4.290789e+06 5.491076e+05 5.491076e+05 
8.100000e-03 4.702164e+07 5.759400e+05 5.759400e+05 4.193678e+06 5.111134e+05 5.111134e+05 
8.150000e-03 4.403325e+07 5.383025e+05 5.383025e+05 4.109841e+06 4.775721e+05 4.775721e+05 
8.200000e-03 4.122844e+07 5.025468e+05 5.025468e+05 4.031449e+06 4.456614e+05 4.456614e+05 
8.250000e-03 3.859663e+07 4.687934e+05 4.687934e+05 3.956105e+06 4.156439e+05 4.156439e+05 
8.300000e-03 3.612734e+07 4.369778e+05 4.369778e+05 3.889001e+06 3.874325e+05 3.874325e+05 
8.350000e-03 3.381202e+07 4.070951e+05 4.070951e+05 3.826253e+06 3.609695e+05 3.609695e+05 
8.400000e-03 3.163998e+07 3.787870e+05 3.787870e+05 3.766671e+06 3.359256e+05 3.359256e+05 
8.450000e-03 2.960187e+07 3.518682e+05 3.518682e+05 3.710632e+06 3.121371e+05 3.121371e+05 
8.500000e-03 2.769460e+07 3.272714e+05 3.272714e+05 3.659434e+06 2.903947e+05 2.903947e+05 
8.550000e-03 2.590277e+07 3.032888e+05 3.032888e+05 3.607787e+06 2.692341e+05 2.692341e+05 
8.600000e-03 2.422696e+07 2.814101e+05 2.814101e+05 3.560185e+06 2.499096e+05 2.499096e+05 
8.650000e-03 2.265609e+07 2.607666e+05 2.607666e+05 3.513992e+06 2.316539e+05 2.316539e+05 
8.700000e-03 2.119178e+07 2.427096e+05 2.427096e+05 3.470244e+06 2.156258e+05 2.156258e+05 
8.750000e-03 1.982778e+07 2.270789e+05 2.270789e+05 3.432518e+06 2.016840e+05 2.016840e+05 
8.800000e-03 1.854654e+07 2.118400e+05 2.118400e+05 3.393446e+06 1.881074e+05 1.881074e+05 
8.850000e-03 1.734593e+07 1.974841e+05 1.974841e+05 3.353870e+06 1.753517e+05 1.753517e+05 
8.900000e-03 1.622118e+07 1.839871e+05 1.839871e+05 3.314064e+06 1.633806e+05 1.633806e+05 
8.950000e-03 1.516612e+07 1.710477e+05 1.710477e+05 3.272824e+06 1.519115e+05 1.519115e+05 
9.000000e-03 1.417702e+07 1.587324e+05 1.587324e+05 3.230440e+06 1.410026e+05 1.410026e+05 
9.050000e-03 1.325302e+07 1.475348e+05 1.475348e+05 3.188744e+06 1.310909e+05 1.310909e+05 
9.100000e-03 1.238484e+07 1.365476e+05 1.365476e+05 3.144672e+06 1.213590e+05 1.213590e+05 
9.150000e-03 1.157250e+07 1.262457e+05 1.262457e+05 3.099519e+06 1.122533e+05 1.122533e+05 
9.200000e-03 1.081422e+07 1.170940e+05 1.170940e+05 3.055264e+06 1.041669e+05 1.041669e+05 
9.250000e-03 1.010470e+07 1.085338e+05 1.085338e+05 3.009022e+06 9.659811e+04 9.659811e+04 
9.300000e-03 9.446052e+06 1.013992e+05 1.013992e+05 2.965283e+06 9.023788e+04 9.023788e+04 
9.350000e-03 8.829488e+06 9.471569e+04 9.471569e+04 2.919791e+06 8.427555e+04 8.427555e+04 
9.400000e-03 8.251494e+06 8.834984e+04 8.834984e+04 2.873404e+06 7.860820e+04 7.860820e+04 
9.450000e-03 7.710246e+06 8.225274e+04 8.225274e+04 2.825531e+06 7.318289e+04 7.318289e+04 
9.500000e-03 7.202637e+06 7.634326e+04 7.634326e+04 2.776113e+06 6.792317e+04 6.792317e+04 
9.550000e-03 6.728181e+06 7.090614e+04 7.090614e+04 2.725325e+06 6.309814e+04 6.309814e+04 
9.600000e-03 6.284444e+06 6.582747e+04 6.582747e+04 2.674523e+06 5.859185e+04 5.859185e+04 
9.650000e-03 5.868773e+06 6.097010e+04 6.097010e+04 2.622637e+06 5.428317e+04 5.428317e+04 
9.700000e-03 5.479216e+06 5.629985e+04 5.629985e+04 2.569724e+06 5.015038e+04 5.015038e+04 
9.750000e-03 5.115984e+06 5.212901e+04 5.212901e+04 2.517091e+06 4.645279e+04 4.645279e+04 
9.800000e-03 4.776037e+06 4.817297e+04 4.817297e+04 2.463582e+06 4.295273e+04 4.295273e+04 
9.850000e-03 4.459996e+06 4.481981e+04 4.481981e+04 2.408883e+06 3.997659e+04 3.997659e+04 
9.900000e-03 4.165705e+06 4.189658e+04 4.189658e+04 2.356309e+06 3.736308e+04 3.736308e+04 
9.950000e-03 3.890121e+06 3.906993e+04 3.906993e+04 2.303115e+06 3.483747e+04 3.483747e+04 
1.000000e-02 3.631627e+06 3.627841e+04 3.627841e+04 2.249424e+06 3.233898e+04 3.233898e+04 
1.005000e-02 3.390285e+06 3.373533e+04 3.373533e+04 2.195683e+06 3.007325e+04 3.007325e+04 
1.010000e-02 3.164553e+06 3.133404e+04 3.133404e+04 2.140891e+06 2.793597e+04 2.793597e+04 
1.015000e-02 2.953184e+06 2.902052e+04 2.902052e+04 2.085908e+06 2.587531e+04 2.587531e+04 
1.020000e-02 2.756096e+06 2.694555e+04 2.694555e+04 2.032265e+06 2.403395e+04 2.403395e+04 
1.025000e-02 2.571291e+06 2.490226e+04 2.490226e+04 1.978860e+06 2.222166e+04 2.222166e+04 
1.030000e-02 2.397735e+06 2.281512e+04 2.281512e+04 1.925821e+06 2.035387e+04 2.035387e+04 
1.035000e-02 2.236630e+06 2.108599e+04 2.108599e+04 1.872250e+06 1.882211e+04 1.882211e+04 
1.040000e-02 2.086481e+06 1.953541e+04 1.953541e+04 1.820394e+06 1.745010e+04 1.745010e+04 
1.045000e-02 1.946882e+06 1.821033e+04 1.821033e+04 1.769380e+06 1.626658e+04 1.626658e+04 
1.050000e-02 1.816530e+06 1.698197e+04 1.698197e+04 1.717546e+06 1.516636e+04 1.516636e+04 
1.055000e-02 1.694202e+06 1.571617e+04 1.571617e+04 1.667698e+06 1.402706e+04 1.402706e+04 
1.060000e-02 1.580343e+06 1.462945e+04 1.462945e+04 1.618434e+06 1.305723e+04 1.305723e+04 
1.065000e-02 1.473181e+06 1.344365e+04 1.344365e+04 1.568937e+06 1.198841e+04 1.198841e+04 
1.070000e-02 1.373747e+06 1.247259e+04 1.247259e+04 1.520322e+06 1.112511e+04 1.112511e+04 
1.075000e-02 1.280953e+06 1.158294e+04 1.158294e+04 1.473304e+06 1.033443e+04 1.033443e+04 
1.080000e-02 1.194097e+06 1.070993e+04 1.070993e+04 1.426226e+06 9.559137e+03 9.559137e+03 
1.085000e-02 1.112367e+06 9.767530e+03 9.767530e+03 1.380670e+06 8.714838e+03 8.714838e+03 
1.090000e-02 1.036855e+06 9.045556e+03 9.045556e+03 1.336133e+06 8.075395e+03 8.075395e+03 
1.095000e-02 9.661661e+05 8.332592e+03 8.332592e+03 1.292433e+06 7.443069e+03 7.443069e+03 
1.100000e-02 8.999097e+05 7.608645e+03 7.608645e+03 1.249719e+06 6.790400e+03 6.790400e+03 
1.105000e-02 8.389927e+05 7.104877e+03 7.104877e+03 1.207965e+06 6.339749e+03 6.339749e+03 
1.110000e-02 7.821059e+05 6.630025e+03 6.630025e+03 1.166557e+06 5.915598e+03 5.915598e+03 
1.115000e-02 7.285174e+05 6.090904e+03 6.090904e+03 1.126693e+06 5.429471e+03 5.429471e+03 
1.120000e-02 6.785447e+05 5.592467e+03 5.592467e+03 1.087659e+06 4.979793e+03 4.979793e+03 
1.125000e-02 6.321902e+05 5.184281e+03 5.184281e+03 1.049504e+06 4.617104e+03 4.617104e+03 
1.130000e-02 5.890182e+05 4.817475e+03 4.817475e+03 1.012279e+06 4.291411e+03 4.291411e+03 
1.135000e-02 5.483357e+05 4.391314e+03 4.391314e+03 9.759654e+05 3.907584e+03 3.907584e+03 
1.140000e-02 5.106160e+05 4.042462e+03 4.042462e+03 9.402928e+05 3.598826e+03 3.598826e+03 
1.145000e-02 4.755428e+05 3.738423e+03 3.738423e+03 9.057547e+05 3.330101e+03 3.330101e+03 
1.150000e-02 4.428280e+05 3.453642e+03 3.453642e+03 8.718601e+05 3.078649e+03 3.078649e+03 
1.155000e-02 4.122667e+05 3.176952e+03 3.176952e+03 8.391279e+05 2.833499e+03 2.833499e+03 
1.160000e-02 3.836850e+05 2.897362e+03 2.897362e+03 8.072655e+05 2.581315e+03 2.581315e+03 
1.165000e-02 3.574092e+05 2.709022e+03 2.709022e+03 7.761910e+05 2.413442e+03 2.413442e+03 
1.170000e-02 3.328819e+05 2.528602e+03 2.528602e+03 7.461793e+05 2.252784e+03 2.252784e+03 
1.175000e-02 3.099806e+05 2.353279e+03 2.353279e+03 7.168807e+05 2.096739e+03 2.096739e+03 
1.180000e-02 2.886167e+05 2.184898e+03 2.184898e+03 6.884046e+05 1.947020e+03 1.947020e+03 
1.185000e-02 2.687090e+05 2.031279e+03 2.031279e+03 6.607134e+05 1.810583e+03 1.810583e+03 
1.190000e-02 2.500639e+05 1.867841e+03 1.867841e+03 6.340292e+05 1.664651e+03 1.664651e+03 
1.195000e-02 2.327237e+05 1.723068e+03 1.723068e+03 6.079853e+05 1.536302e+03 1.536302e+03 
1.200000e-02 2.164227e+05 1.560852e+03 1.560852e+03 5.825930e+05 1.391094e+03 1.391094e+03 
1.205000e-02 2.014116e+05 1.443745e+03 1.443745e+03 5.582742e+05 1.287566e+03 1.287566e+03 
1.210000e-02 1.873351e+05 1.316191e+03 1.316191e+03 5.347456e+05 1.174119e+03 1.174119e+03 
1.215000e-02 1.741946e+05 1.192006e+03 1.192006e+03 5.119023e+05 1.062788e+03 1.062788e+03 
1.220000e-02 1.621573e+05 1.114764e+03 1.114764e+03 4.897238e+05 9.939107e+02 9.939107e+02 
1.225000e-02 1.509348e+05 1.041480e+03 1.041480e+03 4.683591e+05 9.285624e+02 9.285624e+02 
1.230000e-02 1.404234e+05 9.606615e+02 9.606615e+02 4.475739e+05 8.561161e+02 8.561161e+02 
1.235000e-02 1.306008e+05 8.793559e+02 8.793559e+02 4.277474e+05 7.831538e+02 7.831538e+02 
1.240000e-02 1.214177e+05 7.970743e+02 7.970743e+02 4.086079e+05 7.091788e+02 7.091788e+02 
1.245000e-02 1.129720e+05 7.405289e+02 7.405289e+02 3.901394e+05 6.590769e+02 6.590769e+02 
1.250000e-02 1.050305e+05 6.736449e+02 6.736449e+02 3.723185e+05 5.993515e+02 5.993515e+02 
1.255000e-02 9.749971e+04 5.839705e+02 5.839705e+02 3.551351e+05 5.185174e+02 5.185174e+02 
1.260000e-02 9.069274e+04 5.405590e+02 5.405590e+02 3.386019e+05 4.802673e+02 4.802673e+02 
1.265000e-02 8.434010e+04 4.973358e+02 4.973358e+02 3.226778e+05 4.421851e+02 4.421851e+02 
1.270000e-02 7.837118e+04 4.467695e+02 4.467695e+02 3.073627e+05 3.971448e+02 3.971448e+02 
1.275000e-02 7.284678e+04 4.047753e+02 4.047753e+02 2.926539e+05 3.595490e+02 3.595490e+02 
1.280000e-02 6.765659e+04 3.561525e+02 3.561525e+02 2.785290e+05 3.156065e+02 3.156065e+02 
1.285000e-02 6.278736e+04 3.034736e+02 3.034736e+02 2.649584e+05 2.680555e+02 2.680555e+02 
1.290000e-02 5.840043e+04 2.828716e+02 2.828716e+02 2.519275e+05 2.498769e+02 2.498769e+02 
1.295000e-02 5.431398e+04 2.629675e+02 2.629675e+02 2.391999e+05 2.323276e+02 2.323276e+02 
1.300000e-02 5.051260e+04 2.446626e+02 2.446626e+02 2.272380e+05 2.162202e+02 2.162202e+02 
1.305000e-02 4.696773e+04 2.263398e+02 2.263398e+02 2.157814e+05 2.000969e+02 2.000969e+02 
1.310000e-02 4.366265e+04 2.079946e+02 2.079946e+02 2.048105e+05 1.839537e+02 1.839537e+02 
1.315000e-02 4.059129e+04 1.917240e+02 1.917240e+02 1.941371e+05 1.696614e+02 1.696614e+02 
1.320000e-02 3.773563e+04 1.769050e+02 1.769050e+02 1.841177e+05 1.566644e+02 1.566644e+02 
1.325000e-02 3.507469e+04 1.624398e+02 1.624398e+02 1.744709e+05 1.439785e+02 1.439785e+02 
1.330000e-02 3.260775e+04 1.504676e+02 1.504676e+02 1.652494e+05 1.334728e+02 1.334728e+02 
1.335000e-02 3.032305e+04 1.412827e+02 1.412827e+02 1.565416e+05 1.253439e+02 1.253439e+02 
1.340000e-02 2.819703e+04 1.324887e+02 1.324887e+02 1.482319e+05 1.175468e+02 1.175468e+02 
1.345000e-02 2.621523e+04 1.236894e+02 1.236894e+02 1.403147e+05 1.097449e+02 1.097449e+02 
1.350000e-02 2.422469e+04 8.698152e+01 8.698152e+01 1.327703e+05 7.652748e+01 7.652748e+01 
1.355000e-02 2.251932e+04 8.105531e+01 8.105531e+01 1.255842e+05 7.132959e+01 7.132959e+01 
1.360000e-02 2.093071e+04 7.512755e+01 7.512755e+01 1.187463e+05 6.613032e+01 6.613032e+01 
1.365000e-02 1.945101e+04 6.919777e+01 6.919777e+01 1.122421e+05 6.092928e+01 6.092928e+01 
1.370000e-02 1.795628e+04 4.109313e+01 4.109313e+01 1.060617e+05 3.580983e+01 3.580983e+01 
1.375000e-02 1.668506e+04 3.758402e+01 3.758402e+01 1.001854e+05 3.276997e+01 3.276997e+01 
1.380000e-02 1.550162e+04 3.407470e+01 3.407470e+01 9.460359e+04 2.972991e+01 2.972991e+01 
1.385000e-02 1.435577e+04 2.234153e+01 2.234153e+01 8.930139e+04 1.938835e+01 1.938835e+01 
1.390000e-02 1.328118e+04 9.772408e+00 9.772408e+00 8.424484e+04 8.393462e+00 8.393462e+00 
1.395000e-02 1.234233e+04 9.273830e+00 9.273830e+00 7.948089e+04 7.966975e+00 7.966975e+00 
1.400000e-02 1.146907e+04 8.775249e+00 8.775249e+00 7.496226e+04 7.540486e+00 7.540486e+00 
1.405000e-02 1.065665e+04 8.276665e+00 8.276665e+00 7.067912e+04 7.113995e+00 7.113995e+00 
1.410000e-02 9.901490e+03 7.778078e+00 7.778078e+00 6.662167e+04 6.687500e+00 6.687500e+00 
1.415000e-02 9.199510e+03 7.279487e+00 7.279487e+00 6.278009e+04 6.261003e+00 6.261003e+00 
1.420000e-02 8.546348e+03 6.780892e+00 6.780892e+00 5.913967e+04 5.834502e+00 5.834502e+00 
1.425000e-02 7.939009e+03 6.282293e+00 6.282293e+00 5.570040e+04 5.407997e+00 5.407997e+00 
1.430000e-02 7.374649e+03 5.783689e+00 5.783689e+00 5.244266e+04 4.981488e+00 4.981488e+00 
1.435000e-02 6.849587e+03 5.285080e+00 5.285080e+00 4.936645e+04 4.554975e+00 4.554975e+00 
1.440000e-02 6.361323e+03 4.786465e+00 4.786465e+00 4.645705e+04 4.128457e+00 4.128457e+00 
1.445000e-02 5.902922e+03 3.466628e+00 3.466628e+00 4.370750e+04 2.927783e+00 2.927783e+00 
1.450000e-02 5.465524e+03 1.153273e-01 1.153273e-01 4.111064e+04 2.859435e-02 2.859435e-02 
1.455000e-02 5.075887e+03 1.090995e-01 1.090995e-01 3.865802e+04 2.705172e-02 2.705172e-02 
1.460000e-02 4.713823e+03 1.028716e-01 1.028716e-01 3.634278e+04 2.550908e-02 2.550908e-02 
1.465000e-02 4.377418e+03 9.664363e-02 9.664363e-02 3.415804e+04 2.396641e-02 2.396641e-02 
1.470000e-02 4.064858e+03 9.041560e-02 9.041560e-02 3.209645e+04 2.242373e-02 2.242373e-02 
1.475000e-02 3.774424e+03 8.418751e-02 8.418751e-02 3.015212e+04 2.088104e-02 2.088104e-02 
1.480000e-02 3.504597e+03 7.795934e-02 7.795934e-02 2.831916e+04 1.933832e-02 1.933832e-02 
1.485000e-02 3.253855e+03 7.173108e-02 7.173108e-02 2.659070e+04 1.779558e-02 1.779558e-02 
1.490000e-02 3.020971e+03 6.550275e-02 6.550275e-02 2.496233e+04 1.625282e-02 1.625282e-02 
1.495000e-02 2.804670e+03 5.927431e-02 5.927431e-02 2.342815e+04 1.471004e-02 1.471004e-02 
1.500000e-02 2.603726e+03 5.304577e-02 5.304577e-02 2.198327e+04 1.316722e-02 1.316722e-02 
1.505000e-02 2.416801e+03 6.265617e-34 6.265617e-34 2.062278e+04 6.265617e-34 6.265617e-34 
1.510000e-02 2.243464e+03 6.265617e-34 6.265617e-34 1.934226e+04 6.265617e-34 6.265617e-34 
1.515000e-02 2.082492e+03 6.265617e-34 6.265617e-34 1.813680e+04 6.265617e-34 6.265617e-34 
1.520000e-02 1.932950e+03 6.265617e-34 6.265617e-34 1.700298e+04 6.265617e-34 6.265617e-34 
1.525000e-02 1.794119e+03 6.265617e-34 6.265617e-34 1.593686e+04 6.265617e-34 6.265617e-34 
1.530000e-02 1.665184e+03 6.265617e-34 6.265617e-34 1.493402e+04 6.265617e-34 6.265617e-34 
1.535000e-02 1.545457e+03 6.265617e-34 6.265617e-34 1.399154e+04 6.265617e-34 6.265617e-34 
1.540000e-02 1.434273e+03 6.265617e-34 6.265617e-34 1.310548e+04 6.265617e-34 6.265617e-34 
1.545000e-02 1.331026e+03 6.265617e-34 6.265617e-34 1.227339e+04 6.265617e-34 6.265617e-34 
1.550000e-02 1.235223e+03 6.265617e-34 6.265617e-34 1.149183e+04 6.265617e-34 6.265617e-34 
1.555000e-02 1.146224e+03 6.265617e-34 6.265617e-34 1.075786e+04 6.265617e-34 6.265617e-34 
1.560000e-02 1.063608e+03 6.265617e-34 6.265617e-34 1.006853e+04 6.265617e-34 6.265617e-34 
1.565000e-02 9.869095e+02 6.265617e-34 6.265617e-34 9.421893e+03 6.265617e-34 6.265617e-34 
1.570000e-02 9.157105e+02 6.265617e-34 6.265617e-34 8.814995e+03 6.265617e-34 6.265617e-34 
1.575000e-02 8.496238e+02 6.265617e-34 6.265617e-34 8.245874e+03 6.265617e-34 6.265617e-34 
1.580000e-02 7.882471e+02 6.265617e-34 6.265617e-34 7.712078e+03 6.265617e-34 6.265617e-34 
1.585000e-02 7.313006e+02 6.265617e-34 6.265617e-34 7.211644e+03 6.265617e-34 6.265617e-34 
1.590000e-02 6.784460e+02 6.265617e-34 6.265617e-34 6.742119e+03 6.265617e-34 6.265617e-34 
1.595000e-02 6.293986e+02 6.265617e-34 6.265617e-34 6.302523e+03 6.265617e-34 6.265617e-34 
1.600000e-02 5.838689e+02 6.265617e-34 6.265617e-34 5.890891e+03 6.265617e-34 6.265617e-34 
1.605000e-02 5.416166e+02 6.265617e-34 6.265617e-34 5.504772e+03 6.265617e-34 6.265617e-34 
1.610000e-02 5.024012e+02 6.265617e-34 6.265617e-34 5.143184e+03 6.265617e-34 6.265617e-34 
1.615000e-02 4.660118e+02 6.265617e-34 6.265617e-34 4.804901e+03 6.265617e-34 6.265617e-34 
1.620000e-02 4.322375e+02 6.265617e-34 6.265617e-34 4.488156e+03 6.265617e-34 6.265617e-34 
1.625000e-02 4.009015e+02 6.265617e-34 6.265617e-34 4.191624e+03 6.265617e-34 6.265617e-34 
1.630000e-02 3.718272e+02 6.265617e-34 6.265617e-34 3.914178e+03 6.265617e-34 6.265617e-34 
1.635000e-02 3.448480e+02 6.265617e-34 6.265617e-34 3.654639e+03 6.265617e-34 6.265617e-34 
1.640000e-02 3.198165e+02 6.265617e-34 6.265617e-34 3.411830e+03 6.265617e-34 6.265617e-34 
1.645000e-02 2.965954e+02 6.265617e-34 6.265617e-34 3.184722e+03 6.265617e-34 6.265617e-34 
1.650000e-02 2.750424e+02 6.265617e-34 6.265617e-34 2.972430e+03 6.265617e-34 6.265617e-34 
1.655000e-02 2.550593e+02 6.265617e-34 6.265617e-34 2.773924e+03 6.265617e-34 6.265617e-34 
1.660000e-02 2.365139e+02 6.265617e-34 6.265617e-34 2.588371e+03 6.265617e-34 6.265617e-34 
1.665000e-02 2.193127e+02 6.265617e-34 6.265617e-34 2.414937e+03 6.265617e-34 6.265617e-34 
1.670000e-02 2.033528e+02 6.265617e-34 6.265617e-34 2.252884e+03 6.265617e-34 6.265617e-34 
1.675000e-02 1.885507e+02 6.265617e-34 6.265617e-34 2.101479e+03 6.265617e-34 6.265617e-34 
1.680000e-02 1.748187e+02 6.265617e-34 6.265617e-34 1.960033e+03 6.265617e-34 6.265617e-34 
1.685000e-02 1.620841e+02 6.265617e-34 6.265617e-34 1.827957e+03 6.265617e-34 6.265617e-34 
1.690000e-02 1.502690e+02 6.265617e-34 6.265617e-34 1.704566e+03 6.265617e-34 6.265617e-34 
1.695000e-02 1.393159e+02 6.265617e-34 6.265617e-34 1.589368e+03 6.265617e-34 6.265617e-34 
1.700000e-02 1.291551e+02 6.265617e-34 6.265617e-34 1.481824e+03 6.265617e-34 6.265617e-34 
1.705000e-02 1.197317e+02 6.265617e-34 6.265617e-34 1.381443e+03 6.265617e-34 6.265617e-34 
1.710000e-02 1.109918e+02 6.265617e-34 6.265617e-34 1.287685e+03 6.265617e-34 6.265617e-34 
1.715000e-02 1.028882e+02 6.265617e-34 6.265617e-34 1.200207e+03 6.265617e-34 6.265617e-34 
1.720000e-02 9.537386e+01 6.265617e-34 6.265617e-34 1.118617e+03 6.265617e-34 6.265617e-34 
1.725000e-02 8.840262e+01 6.265617e-34 6.265617e-34 1.042423e+03 6.265617e-34 6.265617e-34 
1.730000e-02 8.194064e+01 6.265617e-34 6.265617e-34 9.713813e+02 6.265617e-34 6.265617e-34 
1.735000e-02 7.594721e+01 6.265617e-34 6.265617e-34 9.050984e+02 6.265617e-34 6.265617e-34 
1.740000e-02 7.039485e+01 6.265617e-34 6.265617e-34 8.432310e+02 6.265617e-34 6.265617e-34 
1.745000e-02 6.524185e+01 6.265617e-34 6.265617e-34 7.855830e+02 6.265617e-34 6.265617e-34 
1.750000e-02 6.046565e+01 6.265617e-34 6.265617e-34 7.318109e+02 6.265617e-34 6.265617e-34 
1.755000e-02 5.603780e+01 6.265617e-34 6.265617e-34 6.816203e+02 6.265617e-34 6.265617e-34 
1.760000e-02 5.193228e+01 6.265617e-34 6.265617e-34 6.348641e+02 6.265617e-34 6.265617e-34 
1.765000e-02 4.812702e+01 6.265617e-34 6.265617e-34 5.912969e+02 6.265617e-34 6.265617e-34 
1.770000e-02 4.459847e+01 6.265617e-34 6.265617e-34 5.506244e+02 6.265617e-34 6.265617e-34 
1.775000e-02 4.132798e+01 6.265617e-34 6.265617e-34 5.127484e+02 6.265617e-34 6.265617e-34 
1.780000e-02 3.829643e+01 6.265617e-34 6.265617e-34 4.774286e+02 6.265617e-34 6.265617e-34 
1.785000e-02 3.548566e+01 6.265617e-34 6.265617e-34 4.445128e+02 6.265617e-34 6.265617e-34 
1.790000e-02 3.288047e+01 6.265617e-34 6.265617e-34 4.138392e+02 6.265617e-34 6.265617e-34 
1.795000e-02 3.046612e+01 6.265617e-34 6.265617e-34 3.852556e+02 6.265617e-34 6.265617e-34 
1.800000e-02 2.822790e+01 6.265617e-34 6.265617e-34 3.586246e+02 6.265617e-34 6.265617e-34 
1.805000e-02 2.615356e+01 6.265617e-34 6.265617e-34 3.338090e+02 6.265617e-34 6.265617e-34 
1.810000e-02 2.423081e+01 6.265617e-34 6.265617e-34 3.106958e+02 6.265617e-34 6.265617e-34 
1.815000e-02 2.244887e+01 6.265617e-34 6.265617e-34 2.891624e+02 6.265617e-34 6.265617e-34 
1.820000e-02 2.079793e+01 6.265617e-34 6.265617e-34 2.691009e+02 6.265617e-34 6.265617e-34 
1.825000e-02 1.926719e+01 6.265617e-34 6.265617e-34 2.504181e+02 6.265617e-34 6.265617e-34 
1.830000e-02 1.784910e+01 6.265617e-34 6.265617e-34 2.330206e+02 6.265617e-34 6.265617e-34 
1.835000e-02 1.653502e+01 6.265617e-34 6.265617e-34 2.168154e+02 6.265617e-34 6.265617e-34 
1.840000e-02 1.531720e+01 6.265617e-34 6.265617e-34 2.017239e+02 6.265617e-34 6.265617e-34 
1.845000e-02 1.418848e+01 6.265617e-34 6.265617e-34 1.876774e+02 6.265617e-34 6.265617e-34 
1.850000e-02 1.314257e+01 6.265617e-34 6.265617e-34 1.745925e+02 6.265617e-34 6.265617e-34 
1.855000e-02 1.217345e+01 6.265617e-34 6.265617e-34 1.624153e+02 6.265617e-34 6.265617e-34 
1.860000e-02 1.127580e+01 6.265617e-34 6.265617e-34 1.510721e+02 6.265617e-34 6.265617e-34 
1.865000e-02 1.044420e+01 6.265617e-34 6.265617e-34 1.405189e+02 6.265617e-34 6.265617e-34 
1.870000e-02 9.673043e+00 6.265617e-34 6.265617e-34 1.306917e+02 6.265617e-34 6.265617e-34 
1.875000e-02 8.959090e+00 6.265617e-34 6.265617e-34 1.215465e+02 6.265617e-34 6.265617e-34 
1.880000e-02 8.297389e+00 6.265617e-34 6.265617e-34 1.130392e+02 6.265617e-34 6.265617e-34 
1.885000e-02 7.684848e+00 6.265617e-34 6.265617e-34 1.051156e+02 6.265617e-34 6.265617e-34 
1.890000e-02 7.116709e+00 6.265617e-34 6.265617e-34 9.774650e+01 6.265617e-34 6.265617e-34 
1.895000e-02 6.590763e+00 6.265617e-34 6.265617e-34 9.088761e+01 6.265617e-34 6.265617e-34 
1.900000e-02 6.103477e+00 6.265617e-34 6.265617e-34 8.450463e+01 6.265617e-34 6.265617e-34 
1.905000e-02 5.652057e+00 6.265617e-34 6.265617e-34 7.856321e+01 6.265617e-34 6.265617e-34 
1.910000e-02 5.233949e+00 6.265617e-34 6.265617e-34 7.303881e+01 6.265617e-34 6.265617e-34 
1.915000e-02 4.846604e+00 6.265617e-34 6.265617e-34 6.789710e+01 6.265617e-34 6.265617e-34 
1.920000e-02 4.487812e+00 6.265617e-34 6.265617e-34 6.311844e+01 6.265617e-34 6.265617e-34 
1.925000e-02 4.155514e+00 6.265617e-34 6.265617e-34 5.866851e+01 6.265617e-34 6.265617e-34 
1.930000e-02 3.847747e+00 6.265617e-34 6.265617e-34 5.453257e+01 6.265617e-34 6.265617e-34 
1.935000e-02 3.562647e+00 6.265617e-34 6.265617e-34 5.068610e+01 6.265617e-34 6.265617e-34 
1.940000e-02 3.298644e+00 6.265617e-34 6.265617e-34 4.710603e+01 6.265617e-34 6.265617e-34 
1.945000e-02 3.054069e+00 6.265617e-34 6.265617e-34 4.377766e+01 6.265617e-34 6.265617e-34 
1.950000e-02 2.827598e+00 6.265617e-34 6.265617e-34 4.068282e+01 6.265617e-34 6.265617e-34 
1.955000e-02 2.617858e+00 6.265617e-34 6.265617e-34 3.780434e+01 6.265617e-34 6.265617e-34 
1.960000e-02 2.423621e+00 6.265617e-34 6.265617e-34 3.512849e+01 6.265617e-34 6.265617e-34 
1.965000e-02 2.243710e+00 6.265617e-34 6.265617e-34 3.264006e+01 6.265617e-34 6.265617e-34 
1.970000e-02 2.077144e+00 6.265617e-34 6.265617e-34 3.032678e+01 6.265617e-34 6.265617e-34 
1.975000e-02 1.922892e+00 6.265617e-34 6.265617e-34 2.817590e+01 6.265617e-34 6.265617e-34 
1.980000e-02 1.780058e+00 6.265617e-34 6.265617e-34 2.617612e+01 6.265617e-34 6.265617e-34 
1.985000e-02 1.647816e+00 6.265617e-34 6.265617e-34 2.431765e+01 6.265617e-34 6.265617e-34 
1.990000e-02 1.525322e+00 6.265617e-34 6.265617e-34 2.258968e+01 6.265617e-34 6.265617e-34 
1.995000e-02 1.411896e+00 6.265617e-34 6.265617e-34 2.098388e+01 6.265617e-34 6.265617e-34 
2.000000e-02 1.306917e+00 6.265617e-34 6.265617e-34 1.949092e+01 6.265617e-34 6.265617e-34 
2.005000e-02 1.209681e+00 6.265617e-34 6.265617e-34 1.810344e+01 6.265617e-34 6.265617e-34 
2.010000e-02 1.119696e+00 6.265617e-34 6.265617e-34 1.681409e+01 6.265617e-34 6.265617e-34 
2.015000e-02 1.036374e+00 6.265617e-34 6.265617e-34 1.561599e+01 6.265617e-34 6.265617e-34 
2.020000e-02 9.591992e-01 6.265617e-34 6.265617e-34 1.450277e+01 6.265617e-34 6.265617e-34 
2.025000e-02 8.877991e-01 6.265617e-34 6.265617e-34 1.346805e+01 6.265617e-34 6.265617e-34 
2.030000e-02 8.216682e-01 6.265617e-34 6.265617e-34 1.250643e+01 6.265617e-34 6.265617e-34 
2.035000e-02 7.604141e-01 6.265617e-34 6.265617e-34 1.161350e+01 6.265617e-34 6.265617e-34 
2.040000e-02 7.037424e-01 6.265617e-34 6.265617e-34 1.078337e+01 6.265617e-34 6.265617e-34 
2.045000e-02 6.512901e-01 6.265617e-34 6.265617e-34 1.001211e+01 6.265617e-34 6.265617e-34 
2.050000e-02 6.027235e-01 6.265617e-34 6.265617e-34 9.296294e+00 6.265617e-34 6.265617e-34 
2.055000e-02 5.577728e-01 6.265617e-34 6.265617e-34 8.630521e+00 6.265617e-34 6.265617e-34 
2.060000e-02 5.161632e-01 6.265617e-34 6.265617e-34 8.012338e+00 6.265617e-34 6.265617e-34 
2.065000e-02 4.776396e-01 6.265617e-34 6.265617e-34 7.438311e+00 6.265617e-34 6.265617e-34 
2.070000e-02 4.419910e-01 6.265617e-34 6.265617e-34 6.905006e+00 6.265617e-34 6.265617e-34 
2.075000e-02 4.089869e-01 6.265617e-34 6.265617e-34 6.409969e+00 6.265617e-34 6.265617e-34 
2.080000e-02 3.784457e-01 6.265617e-34 6.265617e-34 5.949766e+00 6.265617e-34 6.265617e-34 
2.085000e-02 3.501712e-01 6.265617e-34 6.265617e-34 5.522435e+00 6.265617e-34 6.265617e-34 
2.090000e-02 3.240113e-01 6.265617e-34 6.265617e-34 5.125522e+00 6.265617e-34 6.265617e-34 
2.095000e-02 2.997942e-01 6.265617e-34 6.265617e-34 4.757261e+00 6.265617e-34 6.265617e-34 
2.100000e-02 2.773826e-01 6.265617e-34 6.265617e-34 4.415102e+00 6.265617e-34 6.265617e-34 
2.105000e-02 2.566391e-01 6.265617e-34 6.265617e-34 4.097425e+00 6.265617e-34 6.265617e-34 
2.110000e-02 2.374460e-01 6.265617e-34 6.265617e-34 3.802463e+00 6.265617e-34 6.265617e-34 
2.115000e-02 2.196757e-01 6.265617e-34 6.265617e-34 3.528549e+00 6.265617e-34 6.265617e-34 
2.120000e-02 2.032399e-01 6.265617e-34 6.265617e-34 3.274309e+00 6.265617e-34 6.265617e-34 
2.125000e-02 1.880292e-01 6.265617e-34 6.265617e-34 3.038222e+00 6.265617e-34 6.265617e-34 
2.130000e-02 1.739513e-01 6.265617e-34 6.265617e-34 2.819062e+00 6.265617e-34 6.265617e-34 
2.135000e-02 1.609238e-01 6.265617e-34 6.265617e-34 2.615601e+00 6.265617e-34 6.265617e-34 
2.140000e-02 1.488673e-01 6.265617e-34 6.265617e-34 2.426761e+00 6.265617e-34 6.265617e-34 
2.145000e-02 1.377140e-01 6.265617e-34 6.265617e-34 2.251462e+00 6.265617e-34 6.265617e-34 
2.150000e-02 1.273967e-01 6.265617e-34 6.265617e-34 2.088723e+00 6.265617e-34 6.265617e-34 
2.155000e-02 1.178458e-01 6.265617e-34 6.265617e-34 1.937709e+00 6.265617e-34 6.265617e-34 
2.160000e-02 1.090117e-01 6.265617e-34 6.265617e-34 1.797539e+00 6.265617e-34 6.265617e-34 
2.165000e-02 1.008355e-01 6.265617e-34 6.265617e-34 1.667475e+00 6.265617e-34 6.265617e-34 
2.170000e-02 9.327105e-02 6.265617e-34 6.265617e-34 1.546733e+00 6.265617e-34 6.265617e-34 
2.175000e-02 8.627136e-02 6.265617e-34 6.265617e-34 1.434675e+00 6.265617e-34 6.265617e-34 
2.180000e-02 7.980104e-02 6.265617e-34 6.265617e-34 1.330712e+00 6.265617e-34 6.265617e-34 
2.185000e-02 7.381056e-02 6.265617e-34 6.265617e-34 1.234207e+00 6.265617e-34 6.265617e-34 
2.190000e-02 6.826604e-02 6.265617e-34 6.265617e-34 1.144718e+00 6.265617e-34 6.265617e-34 
2.195000e-02 6.314003e-02 6.265617e-34 6.265617e-34 1.061607e+00 6.265617e-34 6.265617e-34 
2.200000e-02 5.839719e-02 6.265617e-34 6.265617e-34 9.845790e-01 6.265617e-34 6.265617e-34 
2.205000e-02 5.400957e-02 6.265617e-34 6.265617e-34 9.130464e-01 6.265617e-34 6.265617e-34 
2.210000e-02 4.995066e-02 6.265617e-34 6.265617e-34 8.467144e-01 6.265617e-34 6.265617e-34 
2.215000e-02 4.619642e-02 6.265617e-34 6.265617e-34 7.851414e-01 6.265617e-34 6.265617e-34 
2.220000e-02 4.272282e-02 6.265617e-34 6.265617e-34 7.280331e-01 6.265617e-34 6.265617e-34 
2.225000e-02 3.951023e-02 6.265617e-34 6.265617e-34 6.750951e-01 6.265617e-34 6.265617e-34 
2.230000e-02 3.653805e-02 6.265617e-34 6.265617e-34 6.259348e-01 6.265617e-34 6.265617e-34 
2.235000e-02 3.378910e-02 6.265617e-34 6.265617e-34 5.803561e-01 6.265617e-34 6.265617e-34 
2.240000e-02 3.124621e-02 6.265617e-34 6.265617e-34 5.380645e-01 6.265617e-34 6.265617e-34 
2.245000e-02 2.889466e-02 6.265617e-34 6.265617e-34 4.988638e-01 6.265617e-34 6.265617e-34 
2.250000e-02 2.671924e-02 6.265617e-34 6.265617e-34 4.624892e-01 6.265617e-34 6.265617e-34 
2.255000e-02 2.470720e-02 6.265617e-34 6.265617e-34 4.287540e-01 6.265617e-34 6.265617e-34 
2.260000e-02 2.284677e-02 6.265617e-34 6.265617e-34 3.974671e-01 6.265617e-34 6.265617e-34 
2.265000e-02 2.112567e-02 6.265617e-34 6.265617e-34 3.684567e-01 6.265617e-34 6.265617e-34 
2.270000e-02 1.953360e-02 6.265617e-34 6.265617e-34 3.415461e-01 6.265617e-34 6.265617e-34 
2.275000e-02 1.806134e-02 6.265617e-34 6.265617e-34 3.165931e-01 6.265617e-34 6.265617e-34 
2.280000e-02 1.669972e-02 6.265617e-34 6.265617e-34 2.934554e-01 6.265617e-34 6.265617e-34 
2.285000e-02 1.544074e-02 6.265617e-34 6.265617e-34 2.719956e-01 6.265617e-34 6.265617e-34 
2.290000e-02 1.427605e-02 6.265617e-34 6.265617e-34 2.521009e-01 6.265617e-34 6.265617e-34 
2.295000e-02 1.319933e-02 6.265617e-34 6.265617e-34 2.336535e-01 6.265617e-34 6.265617e-34 
2.300000e-02 1.220357e-02 6.265617e-34 6.265617e-34 2.165505e-01 6.265617e-34 6.265617e-34 
2.305000e-02 1.128272e-02 6.265617e-34 6.265617e-34 2.006936e-01 6.265617e-34 6.265617e-34 
2.310000e-02 1.043086e-02 6.265617e-34 6.265617e-34 1.859897e-01 6.265617e-34 6.265617e-34 
2.315000e-02 9.643703e-03 6.265617e-34 6.265617e-34 1.723602e-01 6.265617e-34 6.265617e-34 
2.320000e-02 8.915670e-03 6.265617e-34 6.265617e-34 1.597218e-01 6.265617e-34 6.265617e-34 
2.325000e-02 8.242047e-03 6.265617e-34 6.265617e-34 1.480107e-01 6.265617e-34 6.265617e-34 
2.330000e-02 7.619399e-03 6.265617e-34 6.265617e-34 1.371483e-01 6.265617e-34 6.265617e-34 
2.335000e-02 7.043704e-03 6.265617e-34 6.265617e-34 1.270857e-01 6.265617e-34 6.265617e-34 
2.340000e-02 6.511478e-03 6.265617e-34 6.265617e-34 1.177540e-01 6.265617e-34 6.265617e-34 
2.345000e-02 6.019287e-03 6.265617e-34 6.265617e-34 1.091044e-01 6.265617e-34 6.265617e-34 
2.350000e-02 5.564235e-03 6.265617e-34 6.265617e-34 1.010876e-01 6.265617e-34 6.265617e-34 
2.355000e-02 5.143528e-03 6.265617e-34 6.265617e-34 9.365963e-02 6.265617e-34 6.265617e-34 
2.360000e-02 4.754514e-03 6.265617e-34 6.265617e-34 8.677130e-02 6.265617e-34 6.265617e-34 
2.365000e-02 4.394888e-03 6.265617e-34 6.265617e-34 8.038832e-02 6.265617e-34 6.265617e-34 
2.370000e-02 4.062345e-03 6.265617e-34 6.265617e-34 7.447142e-02 6.265617e-34 6.265617e-34 
2.375000e-02 3.754922e-03 6.265617e-34 6.265617e-34 6.899118e-02 6.265617e-34 6.265617e-34 
2.380000e-02 3.470754e-03 6.265617e-34 6.265617e-34 6.390834e-02 6.265617e-34 6.265617e-34 
2.385000e-02 3.207977e-03 6.265617e-34 6.265617e-34 5.920328e-02 6.265617e-34 6.265617e-34 
2.390000e-02 2.965070e-03 6.265617e-34 6.265617e-34 5.484166e-02 6.265617e-34 6.265617e-34 
2.395000e-02 2.740513e-03 6.265617e-34 6.265617e-34 5.079894e-02 6.265617e-34 6.265617e-34 
2.400000e-02 2.532931e-03 6.265617e-34 6.265617e-34 4.705305e-02 6.265617e-34 6.265617e-34 
2.405000e-02 2.341000e-03 6.265617e-34 6.265617e-34 4.358239e-02 6.265617e-34 6.265617e-34 
2.410000e-02 2.163640e-03 6.265617e-34 6.265617e-34 4.036637e-02 6.265617e-34 6.265617e-34 
2.415000e-02 1.999626e-03 6.265617e-34 6.265617e-34 3.738682e-02 6.265617e-34 6.265617e-34 
2.420000e-02 1.848053e-03 6.265617e-34 6.265617e-34 3.462659e-02 6.265617e-34 6.265617e-34 
2.425000e-02 1.707927e-03 6.265617e-34 6.265617e-34 3.206898e-02 6.265617e-34 6.265617e-34 
2.430000e-02 1.578437e-03 6.265617e-34 6.265617e-34 2.969977e-02 6.265617e-34 6.265617e-34 
2.435000e-02 1.458686e-03 6.265617e-34 6.265617e-34 2.750424e-02 6.265617e-34 6.265617e-34 
2.440000e-02 1.348046e-03 6.265617e-34 6.265617e-34 2.547110e-02 6.265617e-34 6.265617e-34 
2.445000e-02 1.245747e-03 6.265617e-34 6.265617e-34 2.358711e-02 6.265617e-34 6.265617e-34 
2.450000e-02 1.151233e-03 6.265617e-34 6.265617e-34 2.184246e-02 6.265617e-34 6.265617e-34 
2.455000e-02 1.063814e-03 6.265617e-34 6.265617e-34 2.022587e-02 6.265617e-34 6.265617e-34 
2.460000e-02 9.830581e-04 6.265617e-34 6.265617e-34 1.872849e-02 6.265617e-34 6.265617e-34 
2.465000e-02 9.084395e-04 6.265617e-34 6.265617e-34 1.734150e-02 6.265617e-34 6.265617e-34 
2.470000e-02 8.394532e-04 6.265617e-34 6.265617e-34 1.605706e-02 6.265617e-34 6.265617e-34 
2.475000e-02 7.756823e-04 6.265617e-34 6.265617e-34 1.486730e-02 6.265617e-34 6.265617e-34 
2.480000e-02 7.167439e-04 6.265617e-34 6.265617e-34 1.376536e-02 6.265617e-34 6.265617e-34 
2.485000e-02 6.622898e-04 6.265617e-34 6.265617e-34 1.274487e-02 6.265617e-34 6.265617e-34 
2.490000e-02 6.119472e-04 6.265617e-34 6.265617e-34 1.179944e-02 6.265617e-34 6.265617e-34 
2.495000e-02 5.654363e-04 6.265617e-34 6.265617e-34 1.092418e-02 6.265617e-34 6.265617e-34 
2.500000e-02 5.224529e-04 6.265617e-34 6.265617e-34 1.011318e-02 6.265617e-34 6.265617e-34 
