0.000000e+00 0.000000e+00 0.000000e+00 0.000000e+00 0.000000e+00 0.000000e+00 0.000000e+00 
5.000000e-05 4.458516e+04 1.068658e+03 1.068658e+03 4.232693e+04 1.361932e+03 1.361932e+03 
1.000000e-04 5.200157e+06 1.954247e+05 1.954247e+05 6.396523e+06 2.670762e+05 2.670762e+05 
1.500000e-04 9.922716e+07 4.592675e+06 4.592675e+06 1.214464e+08 5.893859e+06 5.893859e+06 
2.000000e-04 7.299068e+08 3.920217e+07 3.920217e+07 8.602519e+08 4.686395e+07 4.686395e+07 
2.500000e-04 2.766602e+09 1.824801e+08 1.824801e+08 3.223760e+09 2.092823e+08 2.092823e+08 
3.000000e-04 6.523734e+09 5.118118e+08 5.118118e+08 7.582408e+09 5.737454e+08 5.737454e+08 
3.500000e-04 1.085670e+10 9.159496e+08 9.159496e+08 1.266455e+10 1.021682e+09 1.021682e+09 
4.000000e-04 1.568333e+10 1.384363e+09 1.384363e+09 1.833260e+10 1.538914e+09 1.538914e+09 
4.500000e-04 2.103651e+10 1.921044e+09 1.921044e+09 2.454587e+10 2.125757e+09 2.125757e+09 
5.000000e-04 2.673593e+10 2.550385e+09 2.550385e+09 3.106707e+10 2.802940e+09 2.802940e+09 
5.500000e-04 3.238704e+10 3.253439e+09 3.253439e+09 3.739712e+10 3.545990e+09 3.545990e+09 
6.000000e-04 3.746683e+10 3.945659e+09 3.945659e+09 4.297944e+10 4.268333e+09 4.268333e+09 
6.500000e-04 4.175720e+10 4.600052e+09 4.600052e+09 4.760488e+10 4.941747e+09 4.941747e+09 
7.000000e-04 4.519741e+10 5.186718e+09 5.186718e+09 5.117515e+10 5.535473e+09 5.535473e+09 
7.500000e-04 4.770952e+10 5.690598e+09 5.690598e+09 5.361091e+10 6.034294e+09 6.034294e+09 
8.000000e-04 4.939191e+10 6.097868e+09 6.097868e+09 5.507430e+10 6.429138e+09 6.429138e+09 
8.500000e-04 5.025070e+10 6.404599e+09 6.404599e+09 5.554714e+10 6.716122e+09 6.716122e+09 
9.000000e-04 5.038738e+10 6.614059e+09 6.614059e+09 5.528661e+10 6.897490e+09 6.897490e+09 
9.500000e-04 4.995598e+10 6.736007e+09 6.736007e+09 5.432328e+10 6.990819e+09 6.990819e+09 
1.000000e-03 4.896228e+10 6.759680e+09 6.759680e+09 5.276083e+10 6.984045e+09 6.984045e+09 
1.050000e-03 4.772015e+10 6.729969e+09 6.729969e+09 5.096231e+10 6.915116e+09 6.915116e+09 
1.100000e-03 4.629119e+10 6.638097e+09 6.638097e+09 4.894095e+10 6.794146e+09 6.794146e+09 
1.150000e-03 4.466253e+10 6.504910e+09 6.504910e+09 4.672123e+10 6.625921e+09 6.625921e+09 
1.200000e-03 4.283002e+10 6.331375e+09 6.331375e+09 4.430893e+10 6.419237e+09 6.419237e+09 
1.250000e-03 4.090210e+10 6.127115e+09 6.127115e+09 4.181747e+10 6.181900e+09 6.181900e+09 
1.300000e-03 3.891408e+10 5.900268e+09 5.900268e+09 3.930188e+10 5.924483e+09 5.924483e+09 
1.350000e-03 3.690221e+10 5.658731e+09 5.658731e+09 3.679529e+10 5.651762e+09 5.651762e+09 
1.400000e-03 3.490174e+10 5.411545e+09 5.411545e+09 3.433968e+10 5.372745e+09 5.372745e+09 
1.450000e-03 3.294268e+10 5.153443e+09 5.153443e+09 3.196596e+10 5.093909e+09 5.093909e+09 
1.500000e-03 3.103364e+10 4.894743e+09 4.894743e+09 2.968220e+10 4.812277e+09 4.812277e+09 
1.550000e-03 2.917044e+10 4.634677e+09 4.634677e+09 2.748614e+10 4.533927e+09 4.533927e+09 
1.600000e-03 2.734909e+10 4.375558e+09 4.375558e+09 2.537363e+10 4.258310e+09 4.258310e+09 
1.650000e-03 2.561465e+10 4.121900e+09 4.121900e+09 2.339516e+10 3.991752e+09 3.991752e+09 
1.700000e-03 2.395292e+10 3.874617e+09 3.874617e+09 2.152998e+10 3.732471e+09 3.732471e+09 
1.750000e-03 2.238748e+10 3.636633e+09 3.636633e+09 1.980082e+10 3.485800e+09 3.485800e+09 
1.800000e-03 2.088114e+10 3.405026e+09 3.405026e+09 1.817760e+10 3.247479e+09 3.247479e+09 
1.850000e-03 1.945785e+10 3.183518e+09 3.183518e+09 1.666990e+10 3.021196e+09 3.021196e+09 
1.900000e-03 1.808439e+10 2.968352e+09 2.968352e+09 1.525240e+10 2.802937e+09 2.802937e+09 
1.950000e-03 1.679985e+10 2.765254e+09 2.765254e+09 1.395088e+10 2.598331e+09 2.598331e+09 
2.000000e-03 1.560143e+10 2.574198e+09 2.574198e+09 1.276082e+10 2.407323e+09 2.407323e+09 
2.050000e-03 1.446516e+10 2.392847e+09 2.392847e+09 1.165633e+10 2.226507e+09 2.226507e+09 
2.100000e-03 1.339639e+10 2.222023e+09 2.222023e+09 1.063999e+10 2.056933e+09 2.056933e+09 
2.150000e-03 1.237216e+10 2.057313e+09 2.057313e+09 9.677746e+09 1.894654e+09 1.894654e+09 
2.200000e-03 1.144837e+10 1.906820e+09 1.906820e+09 8.826298e+09 1.748343e+09 1.748343e+09 
2.250000e-03 1.058095e+10 1.763919e+09 1.763919e+09 8.041568e+09 1.611270e+09 1.611270e+09 
2.300000e-03 9.766543e+09 1.629007e+09 1.629007e+09 7.319994e+09 1.482975e+09 1.482975e+09 
2.350000e-03 8.998258e+09 1.501492e+09 1.501492e+09 6.653889e+09 1.362543e+09 1.362543e+09 
2.400000e-03 8.276678e+09 1.381856e+09 1.381856e+09 6.043689e+09 1.250215e+09 1.250215e+09 
2.450000e-03 7.607902e+09 1.271163e+09 1.271163e+09 5.494479e+09 1.146887e+09 1.146887e+09 
2.500000e-03 6.980778e+09 1.167301e+09 1.167301e+09 4.987858e+09 1.050303e+09 1.050303e+09 
2.550000e-03 6.403995e+09 1.071474e+09 1.071474e+09 4.527073e+09 9.614365e+08 9.614365e+08 
2.600000e-03 5.859985e+09 9.810724e+08 9.810724e+08 4.097050e+09 8.777691e+08 8.777691e+08 
2.650000e-03 5.362021e+09 8.982433e+08 8.982433e+08 3.709355e+09 8.013505e+08 8.013505e+08 
2.700000e-03 4.904558e+09 8.221913e+08 8.221913e+08 3.360975e+09 7.316168e+08 7.316168e+08 
2.750000e-03 4.477380e+09 7.512090e+08 7.512090e+08 3.042166e+09 6.669097e+08 6.669097e+08 
2.800000e-03 4.081302e+09 6.855102e+08 6.855102e+08 2.754389e+09 6.074644e+08 6.074644e+08 
2.850000e-03 3.711207e+09 6.240666e+08 6.240666e+08 2.488429e+09 5.520491e+08 5.520491e+08 
2.900000e-03 3.369164e+09 5.671938e+08 5.671938e+08 2.245307e+09 5.009416e+08 5.009416e+08 
2.950000e-03 3.059168e+09 5.154807e+08 5.154807e+08 2.026670e+09 4.546389e+08 4.546389e+08 
3.000000e-03 2.777550e+09 4.684323e+08 4.684323e+08 1.830149e+09 4.126500e+08 4.126500e+08 
3.050000e-03 2.516926e+09 4.248547e+08 4.248547e+08 1.649668e+09 3.738579e+08 3.738579e+08 
3.100000e-03 2.277677e+09 3.847985e+08 3.847985e+08 1.484808e+09 3.382575e+08 3.382575e+08 
3.150000e-03 2.064150e+09 3.490861e+08 3.490861e+08 1.340379e+09 3.066803e+08 3.066803e+08 
3.200000e-03 1.865151e+09 3.157982e+08 3.157982e+08 1.206822e+09 2.772930e+08 2.772930e+08 
3.250000e-03 1.687467e+09 2.860439e+08 2.860439e+08 1.088950e+09 2.510826e+08 2.510826e+08 
3.300000e-03 1.519781e+09 2.579344e+08 2.579344e+08 9.779837e+08 2.263224e+08 2.263224e+08 
3.350000e-03 1.366375e+09 2.321898e+08 2.321898e+08 8.768169e+08 2.036408e+08 2.036408e+08 
3.400000e-03 1.230388e+09 2.093450e+08 2.093450e+08 7.878967e+08 1.835379e+08 1.835379e+08 
3.450000e-03 1.107219e+09 1.886303e+08 1.886303e+08 7.077210e+08 1.653274e+08 1.653274e+08 
3.500000e-03 9.986210e+08 1.703286e+08 1.703286e+08 6.373304e+08 1.492545e+08 1.492545e+08 
3.550000e-03 8.987551e+08 1.534777e+08 1.534777e+08 5.727707e+08 1.344622e+08 1.344622e+08 
3.600000e-03 8.068195e+08 1.379512e+08 1.379512e+08 5.135536e+08 1.208453e+08 1.208453e+08 
3.650000e-03 7.217416e+08 1.235753e+08 1.235753e+08 4.590433e+08 1.082531e+08 1.082531e+08 
3.700000e-03 6.471915e+08 1.109601e+08 1.109601e+08 4.115338e+08 9.721501e+07 9.721501e+07 
3.750000e-03 5.786013e+08 9.934093e+07 9.934093e+07 3.678774e+08 8.704998e+07 8.704998e+07 
3.800000e-03 5.186672e+08 8.916443e+07 8.916443e+07 3.296708e+08 7.813934e+07 7.813934e+07 
3.850000e-03 4.653950e+08 8.010410e+07 8.010410e+07 2.957344e+08 7.020587e+07 7.020587e+07 
3.900000e-03 4.175936e+08 7.196278e+07 7.196278e+07 2.653438e+08 6.307784e+07 6.307784e+07 
3.950000e-03 3.721512e+08 6.422352e+07 6.422352e+07 2.366059e+08 5.631098e+07 5.631098e+07 
4.000000e-03 3.321483e+08 5.740187e+07 5.740187e+07 2.113546e+08 5.034905e+07 5.034905e+07 
4.050000e-03 2.964484e+08 5.130278e+07 5.130278e+07 1.887649e+08 4.501454e+07 4.501454e+07 
4.100000e-03 2.637633e+08 4.571706e+07 4.571706e+07 1.681896e+08 4.013528e+07 4.013528e+07 
4.150000e-03 2.356192e+08 4.089501e+07 4.089501e+07 1.503898e+08 3.591760e+07 3.591760e+07 
4.200000e-03 2.109056e+08 3.664897e+07 3.664897e+07 1.346747e+08 3.219689e+07 3.219689e+07 
4.250000e-03 1.880753e+08 3.272212e+07 3.272212e+07 1.201442e+08 2.875493e+07 2.875493e+07 
4.300000e-03 1.674238e+08 2.916868e+07 2.916868e+07 1.070609e+08 2.564359e+07 2.564359e+07 
4.350000e-03 1.487540e+08 2.595422e+07 2.595422e+07 9.527054e+07 2.283102e+07 2.283102e+07 
4.400000e-03 1.322693e+08 2.311095e+07 2.311095e+07 8.484092e+07 2.034140e+07 2.034140e+07 
4.450000e-03 1.175050e+08 2.056348e+07 2.056348e+07 7.554162e+07 1.811326e+07 1.811326e+07 
4.500000e-03 1.043598e+08 1.828820e+07 1.828820e+07 6.719303e+07 1.611738e+07 1.611738e+07 
4.550000e-03 9.318332e+07 1.634736e+07 1.634736e+07 6.002170e+07 1.441091e+07 1.441091e+07 
4.600000e-03 8.287979e+07 1.455811e+07 1.455811e+07 5.344057e+07 1.283976e+07 1.283976e+07 
4.650000e-03 7.360227e+07 1.294529e+07 1.294529e+07 4.753180e+07 1.142318e+07 1.142318e+07 
4.700000e-03 6.526554e+07 1.149476e+07 1.149476e+07 4.222097e+07 1.014930e+07 1.014930e+07 
4.750000e-03 5.795139e+07 1.022127e+07 1.022127e+07 3.757496e+07 9.031661e+06 9.031661e+06 
4.800000e-03 5.110326e+07 9.027469e+06 9.027469e+06 3.320726e+07 7.982993e+06 7.982993e+06 
4.850000e-03 4.540666e+07 8.031430e+06 8.031430e+06 2.954382e+07 7.106299e+06 7.106299e+06 
4.900000e-03 4.045987e+07 7.164140e+06 7.164140e+06 2.635548e+07 6.341452e+06 6.341452e+06 
4.950000e-03 3.585701e+07 6.356509e+06 6.356509e+06 2.338089e+07 5.629011e+06 5.629011e+06 
5.000000e-03 3.174461e+07 5.634706e+06 5.634706e+06 2.074032e+07 4.992766e+06 4.992766e+06 
5.050000e-03 2.823049e+07 5.017141e+06 5.017141e+06 1.843946e+07 4.448373e+06 4.448373e+06 
5.100000e-03 2.485767e+07 4.424354e+06 4.424354e+06 1.628361e+07 3.926013e+06 3.926013e+06 
5.150000e-03 2.189213e+07 3.902102e+06 3.902102e+06 1.437796e+07 3.465106e+06 3.465106e+06 
5.200000e-03 1.946198e+07 3.473080e+06 3.473080e+06 1.280783e+07 3.085980e+06 3.085980e+06 
5.250000e-03 1.720360e+07 3.073020e+06 3.073020e+06 1.134392e+07 2.731195e+06 2.731195e+06 
5.300000e-03 1.529471e+07 2.734975e+06 2.734975e+06 1.008119e+07 2.431972e+06 2.431972e+06 
5.350000e-03 1.352964e+07 2.422319e+06 2.422319e+06 8.930344e+06 2.155320e+06 2.155320e+06 
5.400000e-03 1.199159e+07 2.149491e+06 2.149491e+06 7.931981e+06 1.913766e+06 1.913766e+06 
5.450000e-03 1.048876e+07 1.882932e+06 1.882932e+06 6.957697e+06 1.677828e+06 1.677828e+06 
5.500000e-03 9.269467e+06 1.666047e+06 1.666047e+06 6.173580e+06 1.485477e+06 1.485477e+06 
5.550000e-03 8.195370e+06 1.474716e+06 1.474716e+06 5.461673e+06 1.315664e+06 1.315664e+06 
5.600000e-03 7.261453e+06 1.307964e+06 1.307964e+06 4.848712e+06 1.167401e+06 1.167401e+06 
5.650000e-03 6.436178e+06 1.160504e+06 1.160504e+06 4.304791e+06 1.036307e+06 1.036307e+06 
5.700000e-03 5.701616e+06 1.029161e+06 1.029161e+06 3.820606e+06 9.195361e+05 9.195361e+05 
5.750000e-03 5.012596e+06 9.058578e+05 9.058578e+05 3.357563e+06 8.098531e+05 8.098531e+05 
5.800000e-03 4.394210e+06 7.952214e+05 7.952214e+05 2.954703e+06 7.115350e+05 7.115350e+05 
5.850000e-03 3.876872e+06 7.024766e+05 7.024766e+05 2.613454e+06 6.290121e+05 6.290121e+05 
5.900000e-03 3.421604e+06 6.206906e+05 6.206906e+05 2.301903e+06 5.561255e+05 5.561255e+05 
5.950000e-03 3.035273e+06 5.511003e+05 5.511003e+05 2.044858e+06 4.939752e+05 4.939752e+05 
6.000000e-03 2.677400e+06 4.865798e+05 4.865798e+05 1.809771e+06 4.363244e+05 4.363244e+05 
6.050000e-03 2.367721e+06 4.306914e+05 4.306914e+05 1.602839e+06 3.863678e+05 3.863678e+05 
6.100000e-03 2.079064e+06 3.786397e+05 3.786397e+05 1.405695e+06 3.399087e+05 3.399087e+05 
6.150000e-03 1.819636e+06 3.317911e+05 3.317911e+05 1.237484e+06 2.980496e+05 2.980496e+05 
6.200000e-03 1.602469e+06 2.925533e+05 2.925533e+05 1.090562e+06 2.630029e+05 2.630029e+05 
6.250000e-03 1.411306e+06 2.579271e+05 2.579271e+05 9.575920e+05 2.320078e+05 2.320078e+05 
6.300000e-03 1.252638e+06 2.291105e+05 2.291105e+05 8.491611e+05 2.061604e+05 2.061604e+05 
6.350000e-03 1.101074e+06 2.015454e+05 2.015454e+05 7.466759e+05 1.814048e+05 1.814048e+05 
6.400000e-03 9.729303e+05 1.782507e+05 1.782507e+05 6.567054e+05 1.605130e+05 1.605130e+05 
6.450000e-03 8.522884e+05 1.563233e+05 1.563233e+05 5.581641e+05 1.408586e+05 1.408586e+05 
6.500000e-03 7.454752e+05 1.368842e+05 1.368842e+05 4.912269e+05 1.234207e+05 1.234207e+05 
6.550000e-03 6.538174e+05 1.201935e+05 1.201935e+05 4.319834e+05 1.084476e+05 1.084476e+05 
6.600000e-03 5.757623e+05 1.059367e+05 1.059367e+05 3.822916e+05 9.562436e+04 9.562436e+04 
6.650000e-03 5.075818e+05 9.345174e+04 9.345174e+04 3.365517e+05 8.437123e+04 8.437123e+04 
6.700000e-03 4.463757e+05 8.223321e+04 8.223321e+04 2.888590e+05 7.425486e+04 7.425486e+04 
6.750000e-03 3.833235e+05 7.061608e+04 7.061608e+04 2.554221e+05 6.372729e+04 6.372729e+04 
6.800000e-03 3.356721e+05 6.191159e+04 6.191159e+04 2.152837e+05 5.591503e+04 5.591503e+04 
6.850000e-03 2.943507e+05 5.435355e+04 5.435355e+04 1.892572e+05 4.912583e+04 4.912583e+04 
6.900000e-03 2.575781e+05 4.761514e+04 4.761514e+04 1.538044e+05 4.306330e+04 4.306330e+04 
6.950000e-03 2.266742e+05 4.193131e+04 4.193131e+04 1.366278e+05 3.793441e+04 3.793441e+04 
7.000000e-03 1.946912e+05 3.601585e+04 3.601585e+04 1.207416e+05 3.256707e+04 3.256707e+04 
7.050000e-03 1.727618e+05 3.198135e+04 3.198135e+04 1.075316e+05 2.892896e+04 2.892896e+04 
7.100000e-03 1.473245e+05 2.727140e+04 2.727140e+04 9.518972e+04 2.465614e+04 2.465614e+04 
7.150000e-03 1.286793e+05 2.384764e+04 2.384764e+04 8.337398e+04 2.157710e+04 2.157710e+04 
7.200000e-03 1.123677e+05 2.084740e+04 2.084740e+04 7.310243e+04 1.887524e+04 1.887524e+04 
7.250000e-03 9.244830e+04 1.714314e+04 1.714314e+04 6.439075e+04 1.550528e+04 1.550528e+04 
7.300000e-03 8.173130e+04 1.516898e+04 1.516898e+04 5.702836e+04 1.372697e+04 1.372697e+04 
7.350000e-03 7.222189e+04 1.341346e+04 1.341346e+04 4.950901e+04 1.214258e+04 1.214258e+04 
7.400000e-03 6.418389e+04 1.192896e+04 1.192896e+04 3.784564e+04 1.080306e+04 1.080306e+04 
7.450000e-03 5.655882e+04 1.052156e+04 1.052156e+04 3.336516e+04 9.534231e+03 9.534231e+03 
7.500000e-03 4.926105e+04 9.174106e+03 9.174106e+03 2.910838e+04 8.319193e+03 8.319193e+03 
7.550000e-03 4.302118e+04 8.020376e+03 8.020376e+03 2.472079e+04 7.277771e+03 7.277771e+03 
7.600000e-03 3.786154e+04 7.065504e+03 7.065504e+03 1.825982e+04 6.415534e+03 6.415534e+03 
7.650000e-03 3.332773e+04 6.224400e+03 6.224400e+03 1.615388e+04 5.654389e+03 5.654389e+03 
7.700000e-03 2.883047e+04 5.384637e+03 5.384637e+03 8.935555e+03 4.890127e+03 4.890127e+03 
7.750000e-03 2.256070e+04 4.206451e+03 4.206451e+03 7.966349e+03 3.812071e+03 3.812071e+03 
7.800000e-03 1.975085e+04 3.685896e+03 3.685896e+03 6.997025e+03 3.342239e+03 3.342239e+03 
7.850000e-03 1.717942e+04 3.209330e+03 3.209330e+03 4.827679e+03 2.912044e+03 2.912044e+03 
7.900000e-03 1.241450e+04 2.314823e+03 2.314823e+03 2.723495e+03 2.095617e+03 2.095617e+03 
7.950000e-03 1.089938e+04 2.034332e+03 2.034332e+03 5.380729e+02 1.842923e+03 1.842923e+03 
8.000000e-03 6.097496e+03 1.133246e+03 1.133246e+03 1.122465e+01 1.022012e+03 1.022012e+03 
8.050000e-03 5.475810e+03 1.018279e+03 1.018279e+03 1.613986e-31 9.186528e+02 9.186528e+02 
8.100000e-03 4.861241e+03 9.045898e+02 9.045898e+02 1.613986e-31 8.164226e+02 8.164226e+02 
8.150000e-03 4.246647e+03 7.908844e+02 7.908844e+02 1.613986e-31 7.141779e+02 7.141779e+02 
8.200000e-03 2.696626e+03 5.013128e+02 5.013128e+02 1.613986e-31 4.519136e+02 4.519136e+02 
8.250000e-03 1.677368e+03 3.114788e+02 3.114788e+02 1.613986e-31 2.804857e+02 2.804857e+02 
8.300000e-03 3.397411e+02 6.254183e+01 6.254183e+01 1.613986e-31 5.612380e+01 5.612380e+01 
8.350000e-03 9.348099e+00 1.318632e+00 1.318632e+00 1.613986e-31 1.180724e+00 1.180724e+00 
8.400000e-03 1.968881e+00 1.613986e-31 1.613986e-31 1.613986e-31 1.613986e-31 1.613986e-31 
8.450000e-03 1.737384e+00 1.613986e-31 1.613986e-31 1.613986e-31 1.613986e-31 1.613986e-31 
8.500000e-03 1.532933e+00 1.613986e-31 1.613986e-31 1.613986e-31 1.613986e-31 1.613986e-31 
8.550000e-03 1.352423e+00 1.613986e-31 1.613986e-31 1.613986e-31 1.613986e-31 1.613986e-31 
8.600000e-03 1.192949e+00 1.613986e-31 1.613986e-31 1.613986e-31 1.613986e-31 1.613986e-31 
8.650000e-03 1.052307e+00 1.613986e-31 1.613986e-31 1.613986e-31 1.613986e-31 1.613986e-31 
8.700000e-03 9.280338e-01 1.613986e-31 1.613986e-31 1.613986e-31 1.613986e-31 1.613986e-31 
8.750000e-03 8.183755e-01 1.613986e-31 1.613986e-31 1.613986e-31 1.613986e-31 1.613986e-31 
8.800000e-03 7.215993e-01 1.613986e-31 1.613986e-31 1.613986e-31 1.613986e-31 1.613986e-31 
8.850000e-03 6.362026e-01 1.613986e-31 1.613986e-31 1.613986e-31 1.613986e-31 1.613986e-31 
8.900000e-03 5.608532e-01 1.613986e-31 1.613986e-31 1.613986e-31 1.613986e-31 1.613986e-31 
8.950000e-03 4.943790e-01 1.613986e-31 1.613986e-31 1.613986e-31 1.613986e-31 1.613986e-31 
9.000000e-03 4.357383e-01 1.613986e-31 1.613986e-31 1.613986e-31 1.613986e-31 1.613986e-31 
9.050000e-03 3.840195e-01 1.613986e-31 1.613986e-31 1.613986e-31 1.613986e-31 1.613986e-31 
9.100000e-03 3.384012e-01 1.613986e-31 1.613986e-31 1.613986e-31 1.613986e-31 1.613986e-31 
9.150000e-03 2.981721e-01 1.613986e-31 1.613986e-31 1.613986e-31 1.613986e-31 1.613986e-31 
9.200000e-03 2.627012e-01 1.613986e-31 1.613986e-31 1.613986e-31 1.613986e-31 1.613986e-31 
9.250000e-03 2.314274e-01 1.613986e-31 1.613986e-31 1.613986e-31 1.613986e-31 1.613986e-31 
9.300000e-03 2.038601e-01 1.613986e-31 1.613986e-31 1.613986e-31 1.613986e-31 1.613986e-31 
9.350000e-03 1.795484e-01 1.613986e-31 1.613986e-31 1.613986e-31 1.613986e-31 1.613986e-31 
9.400000e-03 1.581316e-01 1.613986e-31 1.613986e-31 1.613986e-31 1.613986e-31 1.613986e-31 
9.450000e-03 1.392592e-01 1.613986e-31 1.613986e-31 1.613986e-31 1.613986e-31 1.613986e-31 
9.500000e-03 1.226206e-01 1.613986e-31 1.613986e-31 1.613986e-31 1.613986e-31 1.613986e-31 
9.550000e-03 1.079654e-01 1.613986e-31 1.613986e-31 1.613986e-31 1.613986e-31 1.613986e-31 
9.600000e-03 9.504823e-02 1.613986e-31 1.613986e-31 1.613986e-31 1.613986e-31 1.613986e-31 
9.650000e-03 8.367170e-02 1.613986e-31 1.613986e-31 1.613986e-31 1.613986e-31 1.613986e-31 
9.700000e-03 7.364948e-02 1.613986e-31 1.613986e-31 1.613986e-31 1.613986e-31 1.613986e-31 
9.750000e-03 6.482333e-02 1.613986e-31 1.613986e-31 1.613986e-31 1.613986e-31 1.613986e-31 
9.800000e-03 5.704897e-02 1.613986e-31 1.613986e-31 1.613986e-31 1.613986e-31 1.613986e-31 
9.850000e-03 5.020322e-02 1.613986e-31 1.613986e-31 1.613986e-31 1.613986e-31 1.613986e-31 
9.900000e-03 4.417587e-02 1.613986e-31 1.613986e-31 1.613986e-31 1.613986e-31 1.613986e-31 
9.950000e-03 3.886775e-02 1.613986e-31 1.613986e-31 1.613986e-31 1.613986e-31 1.613986e-31 
1.000000e-02 3.419573e-02 1.613986e-31 1.613986e-31 1.613986e-31 1.613986e-31 1.613986e-31 
1.005000e-02 3.008166e-02 1.613986e-31 1.613986e-31 1.613986e-31 1.613986e-31 1.613986e-31 
1.010000e-02 2.646144e-02 1.613986e-31 1.613986e-31 1.613986e-31 1.613986e-31 1.613986e-31 
1.015000e-02 2.327497e-02 1.613986e-31 1.613986e-31 1.613986e-31 1.613986e-31 1.613986e-31 
1.020000e-02 2.047016e-02 1.613986e-31 1.613986e-31 1.613986e-31 1.613986e-31 1.613986e-31 
1.025000e-02 1.800192e-02 1.613986e-31 1.613986e-31 1.613986e-31 1.613986e-31 1.613986e-31 
1.030000e-02 1.583019e-02 1.613986e-31 1.613986e-31 1.613986e-31 1.613986e-31 1.613986e-31 
1.035000e-02 1.391890e-02 1.613986e-31 1.613986e-31 1.613986e-31 1.613986e-31 1.613986e-31 
1.040000e-02 1.223802e-02 1.613986e-31 1.613986e-31 1.613986e-31 1.613986e-31 1.613986e-31 
1.045000e-02 1.075948e-02 1.613986e-31 1.613986e-31 1.613986e-31 1.613986e-31 1.613986e-31 
1.050000e-02 9.458544e-03 1.613986e-31 1.613986e-31 1.613986e-31 1.613986e-31 1.613986e-31 
1.055000e-02 8.314379e-03 1.613986e-31 1.613986e-31 1.613986e-31 1.613986e-31 1.613986e-31 
1.060000e-02 7.308051e-03 1.613986e-31 1.613986e-31 1.613986e-31 1.613986e-31 1.613986e-31 
1.065000e-02 6.423031e-03 1.613986e-31 1.613986e-31 1.613986e-31 1.613986e-31 1.613986e-31 
1.070000e-02 5.644794e-03 1.613986e-31 1.613986e-31 1.613986e-31 1.613986e-31 1.613986e-31 
1.075000e-02 4.960519e-03 1.613986e-31 1.613986e-31 1.613986e-31 1.613986e-31 1.613986e-31 
1.080000e-02 4.358886e-03 1.613986e-31 1.613986e-31 1.613986e-31 1.613986e-31 1.613986e-31 
1.085000e-02 3.829978e-03 1.613986e-31 1.613986e-31 1.613986e-31 1.613986e-31 1.613986e-31 
1.090000e-02 3.364979e-03 1.613986e-31 1.613986e-31 1.613986e-31 1.613986e-31 1.613986e-31 
1.095000e-02 2.956277e-03 1.613986e-31 1.613986e-31 1.613986e-31 1.613986e-31 1.613986e-31 
1.100000e-02 2.596960e-03 1.613986e-31 1.613986e-31 1.613986e-31 1.613986e-31 1.613986e-31 
1.105000e-02 2.281218e-03 1.613986e-31 1.613986e-31 1.613986e-31 1.613986e-31 1.613986e-31 
1.110000e-02 2.003741e-03 1.613986e-31 1.613986e-31 1.613986e-31 1.613986e-31 1.613986e-31 
1.115000e-02 1.759822e-03 1.613986e-31 1.613986e-31 1.613986e-31 1.613986e-31 1.613986e-31 
1.120000e-02 1.545554e-03 1.613986e-31 1.613986e-31 1.613986e-31 1.613986e-31 1.613986e-31 
1.125000e-02 1.357331e-03 1.613986e-31 1.613986e-31 1.613986e-31 1.613986e-31 1.613986e-31 
1.130000e-02 1.191847e-03 1.613986e-31 1.613986e-31 1.613986e-31 1.613986e-31 1.613986e-31 
1.135000e-02 1.046497e-03 1.613986e-31 1.613986e-31 1.613986e-31 1.613986e-31 1.613986e-31 
1.140000e-02 9.188680e-04 1.613986e-31 1.613986e-31 1.613986e-31 1.613986e-31 1.613986e-31 
1.145000e-02 8.067255e-04 1.613986e-31 1.613986e-31 1.613986e-31 1.613986e-31 1.613986e-31 
1.150000e-02 7.082263e-04 1.613986e-31 1.613986e-31 1.613986e-31 1.613986e-31 1.613986e-31 
1.155000e-02 6.217177e-04 1.613986e-31 1.613986e-31 1.613986e-31 1.613986e-31 1.613986e-31 
1.160000e-02 5.457372e-04 1.613986e-31 1.613986e-31 1.613986e-31 1.613986e-31 1.613986e-31 
1.165000e-02 4.790227e-04 1.613986e-31 1.613986e-31 1.613986e-31 1.613986e-31 1.613986e-31 
1.170000e-02 4.204320e-04 1.613986e-31 1.613986e-31 1.613986e-31 1.613986e-31 1.613986e-31 
1.175000e-02 3.689837e-04 1.613986e-31 1.613986e-31 1.613986e-31 1.613986e-31 1.613986e-31 
1.180000e-02 3.238161e-04 1.613986e-31 1.613986e-31 1.613986e-31 1.613986e-31 1.613986e-31 
1.185000e-02 2.841580e-04 1.613986e-31 1.613986e-31 1.613986e-31 1.613986e-31 1.613986e-31 
1.190000e-02 2.493382e-04 1.613986e-31 1.613986e-31 1.613986e-31 1.613986e-31 1.613986e-31 
1.195000e-02 2.187757e-04 1.613986e-31 1.613986e-31 1.613986e-31 1.613986e-31 1.613986e-31 
1.200000e-02 1.919497e-04 1.613986e-31 1.613986e-31 1.613986e-31 1.613986e-31 1.613986e-31 
1.205000e-02 1.684092e-04 1.613986e-31 1.613986e-31 1.613986e-31 1.613986e-31 1.613986e-31 
1.210000e-02 1.477437e-04 1.613986e-31 1.613986e-31 1.613986e-31 1.613986e-31 1.613986e-31 
1.215000e-02 1.296026e-04 1.613986e-31 1.613986e-31 1.613986e-31 1.613986e-31 1.613986e-31 
1.220000e-02 1.136852e-04 1.613986e-31 1.613986e-31 1.613986e-31 1.613986e-31 1.613986e-31 
1.225000e-02 9.971725e-05 1.613986e-31 1.613986e-31 1.613986e-31 1.613986e-31 1.613986e-31 
1.230000e-02 8.746120e-05 1.613986e-31 1.613986e-31 1.613986e-31 1.613986e-31 1.613986e-31 
1.235000e-02 7.670673e-05 1.613986e-31 1.613986e-31 1.613986e-31 1.613986e-31 1.613986e-31 
1.240000e-02 6.727153e-05 1.613986e-31 1.613986e-31 1.613986e-31 1.613986e-31 1.613986e-31 
1.245000e-02 5.899331e-05 1.613986e-31 1.613986e-31 1.613986e-31 1.613986e-31 1.613986e-31 
1.250000e-02 5.173184e-05 1.613986e-31 1.613986e-31 1.613986e-31 1.613986e-31 1.613986e-31 
1.255000e-02 4.536090e-05 1.613986e-31 1.613986e-31 1.613986e-31 1.613986e-31 1.613986e-31 
1.260000e-02 3.977331e-05 1.613986e-31 1.613986e-31 1.613986e-31 1.613986e-31 1.613986e-31 
1.265000e-02 3.487189e-05 1.613986e-31 1.613986e-31 1.613986e-31 1.613986e-31 1.613986e-31 
1.270000e-02 3.057250e-05 1.613986e-31 1.613986e-31 1.613986e-31 1.613986e-31 1.613986e-31 
1.275000e-02 2.680203e-05 1.613986e-31 1.613986e-31 1.613986e-31 1.613986e-31 1.613986e-31 
1.280000e-02 2.349535e-05 1.613986e-31 1.613986e-31 1.613986e-31 1.613986e-31 1.613986e-31 
1.285000e-02 2.059637e-05 1.613986e-31 1.613986e-31 1.613986e-31 1.613986e-31 1.613986e-31 
1.290000e-02 1.805300e-05 1.613986e-31 1.613986e-31 1.613986e-31 1.613986e-31 1.613986e-31 
1.295000e-02 1.582418e-05 1.613986e-31 1.613986e-31 1.613986e-31 1.613986e-31 1.613986e-31 
1.300000e-02 1.386882e-05 1.613986e-31 1.613986e-31 1.613986e-31 1.613986e-31 1.613986e-31 
1.305000e-02 1.215487e-05 1.613986e-31 1.613986e-31 1.613986e-31 1.613986e-31 1.613986e-31 
1.310000e-02 1.065229e-05 1.613986e-31 1.613986e-31 1.613986e-31 1.613986e-31 1.613986e-31 
1.315000e-02 9.335032e-06 1.613986e-31 1.613986e-31 1.613986e-31 1.613986e-31 1.613986e-31 
1.320000e-02 8.180249e-06 1.613986e-31 1.613986e-31 1.613986e-31 1.613986e-31 1.613986e-31 
1.325000e-02 7.167910e-06 1.613986e-31 1.613986e-31 1.613986e-31 1.613986e-31 1.613986e-31 
1.330000e-02 6.280586e-06 1.613986e-31 1.613986e-31 1.613986e-31 1.613986e-31 1.613986e-31 
1.335000e-02 5.502850e-06 1.613986e-31 1.613986e-31 1.613986e-31 1.613986e-31 1.613986e-31 
1.340000e-02 4.821280e-06 1.613986e-31 1.613986e-31 1.613986e-31 1.613986e-31 1.613986e-31 
1.345000e-02 4.223854e-06 1.613986e-31 1.613986e-31 1.613986e-31 1.613986e-31 1.613986e-31 
1.350000e-02 3.700255e-06 1.613986e-31 1.613986e-31 1.613986e-31 1.613986e-31 1.613986e-31 
1.355000e-02 3.241467e-06 1.613986e-31 1.613986e-31 1.613986e-31 1.613986e-31 1.613986e-31 
1.360000e-02 2.839476e-06 1.613986e-31 1.613986e-31 1.613986e-31 1.613986e-31 1.613986e-31 
1.365000e-02 2.487171e-06 1.613986e-31 1.613986e-31 1.613986e-31 1.613986e-31 1.613986e-31 
1.370000e-02 2.178541e-06 1.613986e-31 1.613986e-31 1.613986e-31 1.613986e-31 1.613986e-31 
1.375000e-02 1.908077e-06 1.613986e-31 1.613986e-31 1.613986e-31 1.613986e-31 1.613986e-31 
1.380000e-02 1.671170e-06 1.613986e-31 1.613986e-31 1.613986e-31 1.613986e-31 1.613986e-31 
1.385000e-02 1.463513e-06 1.613986e-31 1.613986e-31 1.613986e-31 1.613986e-31 1.613986e-31 
1.390000e-02 1.281701e-06 1.613986e-31 1.613986e-31 1.613986e-31 1.613986e-31 1.613986e-31 
1.395000e-02 1.122428e-06 1.613986e-31 1.613986e-31 1.613986e-31 1.613986e-31 1.613986e-31 
1.400000e-02 9.828379e-07 1.613986e-31 1.613986e-31 1.613986e-31 1.613986e-31 1.613986e-31 
1.405000e-02 8.606080e-07 1.613986e-31 1.613986e-31 1.613986e-31 1.613986e-31 1.613986e-31 
1.410000e-02 7.535441e-07 1.613986e-31 1.613986e-31 1.613986e-31 1.613986e-31 1.613986e-31 
1.415000e-02 6.597831e-07 1.613986e-31 1.613986e-31 1.613986e-31 1.613986e-31 1.613986e-31 
1.420000e-02 5.776520e-07 1.613986e-31 1.613986e-31 1.613986e-31 1.613986e-31 1.613986e-31 
1.425000e-02 5.057285e-07 1.613986e-31 1.613986e-31 1.613986e-31 1.613986e-31 1.613986e-31 
1.430000e-02 4.427504e-07 1.613986e-31 1.613986e-31 1.613986e-31 1.613986e-31 1.613986e-31 
1.435000e-02 3.875956e-07 1.613986e-31 1.613986e-31 1.613986e-31 1.613986e-31 1.613986e-31 
1.440000e-02 3.392927e-07 1.613986e-31 1.613986e-31 1.613986e-31 1.613986e-31 1.613986e-31 
1.445000e-02 2.970001e-07 1.613986e-31 1.613986e-31 1.613986e-31 1.613986e-31 1.613986e-31 
1.450000e-02 2.599665e-07 1.613986e-31 1.613986e-31 1.613986e-31 1.613986e-31 1.613986e-31 
1.455000e-02 2.275508e-07 1.613986e-31 1.613986e-31 1.613986e-31 1.613986e-31 1.613986e-31 
1.460000e-02 1.991620e-07 1.613986e-31 1.613986e-31 1.613986e-31 1.613986e-31 1.613986e-31 
1.465000e-02 1.743094e-07 1.613986e-31 1.613986e-31 1.613986e-31 1.613986e-31 1.613986e-31 
1.470000e-02 1.525520e-07 1.613986e-31 1.613986e-31 1.613986e-31 1.613986e-31 1.613986e-31 
1.475000e-02 1.335093e-07 1.613986e-31 1.613986e-31 1.613986e-31 1.613986e-31 1.613986e-31 
1.480000e-02 1.168306e-07 1.613986e-31 1.613986e-31 1.613986e-31 1.613986e-31 1.613986e-31 
1.485000e-02 1.022456e-07 1.613986e-31 1.613986e-31 1.613986e-31 1.613986e-31 1.613986e-31 
1.490000e-02 8.946665e-08 1.613986e-31 1.613986e-31 1.613986e-31 1.613986e-31 1.613986e-31 
1.495000e-02 7.828545e-08 1.613986e-31 1.613986e-31 1.613986e-31 1.613986e-31 1.613986e-31 
1.500000e-02 6.849864e-08 1.613986e-31 1.613986e-31 1.613986e-31 1.613986e-31 1.613986e-31 
1.505000e-02 5.993393e-08 1.613986e-31 1.613986e-31 1.613986e-31 1.613986e-31 1.613986e-31 
1.510000e-02 5.243705e-08 1.613986e-31 1.613986e-31 1.613986e-31 1.613986e-31 1.613986e-31 
1.515000e-02 4.587779e-08 1.613986e-31 1.613986e-31 1.613986e-31 1.613986e-31 1.613986e-31 
1.520000e-02 4.013693e-08 1.613986e-31 1.613986e-31 1.613986e-31 1.613986e-31 1.613986e-31 
1.525000e-02 3.511330e-08 1.613986e-31 1.613986e-31 1.613986e-31 1.613986e-31 1.613986e-31 
1.530000e-02 3.071675e-08 1.613986e-31 1.613986e-31 1.613986e-31 1.613986e-31 1.613986e-31 
1.535000e-02 2.687015e-08 1.613986e-31 1.613986e-31 1.613986e-31 1.613986e-31 1.613986e-31 
1.540000e-02 2.350437e-08 1.613986e-31 1.613986e-31 1.613986e-31 1.613986e-31 1.613986e-31 
1.545000e-02 2.056031e-08 1.613986e-31 1.613986e-31 1.613986e-31 1.613986e-31 1.613986e-31 
1.550000e-02 1.798288e-08 1.613986e-31 1.613986e-31 1.613986e-31 1.613986e-31 1.613986e-31 
1.555000e-02 1.572901e-08 1.613986e-31 1.613986e-31 1.613986e-31 1.613986e-31 1.613986e-31 
1.560000e-02 1.375763e-08 1.613986e-31 1.613986e-31 1.613986e-31 1.613986e-31 1.613986e-31 
1.565000e-02 1.203166e-08 1.613986e-31 1.613986e-31 1.613986e-31 1.613986e-31 1.613986e-31 
1.570000e-02 1.052307e-08 1.613986e-31 1.613986e-31 1.613986e-31 1.613986e-31 1.613986e-31 
1.575000e-02 9.202504e-09 1.613986e-31 1.613986e-31 1.613986e-31 1.613986e-31 1.613986e-31 
1.580000e-02 8.047721e-09 1.613986e-31 1.613986e-31 1.613986e-31 1.613986e-31 1.613986e-31 
1.585000e-02 7.037586e-09 1.613986e-31 1.613986e-31 1.613986e-31 1.613986e-31 1.613986e-31 
1.590000e-02 6.153969e-09 1.613986e-31 1.613986e-31 1.613986e-31 1.613986e-31 1.613986e-31 
1.595000e-02 5.381242e-09 1.613986e-31 1.613986e-31 1.613986e-31 1.613986e-31 1.613986e-31 
1.600000e-02 4.705281e-09 1.613986e-31 1.613986e-31 1.613986e-31 1.613986e-31 1.613986e-31 
1.605000e-02 4.114166e-09 1.613986e-31 1.613986e-31 1.613986e-31 1.613986e-31 1.613986e-31 
1.610000e-02 3.597178e-09 1.613986e-31 1.613986e-31 1.613986e-31 1.613986e-31 1.613986e-31 
1.615000e-02 3.145101e-09 1.613986e-31 1.613986e-31 1.613986e-31 1.613986e-31 1.613986e-31 
1.620000e-02 2.749722e-09 1.613986e-31 1.613986e-31 1.613986e-31 1.613986e-31 1.613986e-31 
1.625000e-02 2.403928e-09 1.613986e-31 1.613986e-31 1.613986e-31 1.613986e-31 1.613986e-31 
1.630000e-02 2.101609e-09 1.613986e-31 1.613986e-31 1.613986e-31 1.613986e-31 1.613986e-31 
1.635000e-02 1.837255e-09 1.613986e-31 1.613986e-31 1.613986e-31 1.613986e-31 1.613986e-31 
1.640000e-02 1.606058e-09 1.613986e-31 1.613986e-31 1.613986e-31 1.613986e-31 1.613986e-31 
1.645000e-02 1.404011e-09 1.613986e-31 1.613986e-31 1.613986e-31 1.613986e-31 1.613986e-31 
1.650000e-02 1.227208e-09 1.613986e-31 1.613986e-31 1.613986e-31 1.613986e-31 1.613986e-31 
1.655000e-02 1.072742e-09 1.613986e-31 1.613986e-31 1.613986e-31 1.613986e-31 1.613986e-31 
1.660000e-02 9.376503e-10 1.613986e-31 1.613986e-31 1.613986e-31 1.613986e-31 1.613986e-31 
1.665000e-02 8.195575e-10 1.613986e-31 1.613986e-31 1.613986e-31 1.613986e-31 1.613986e-31 
1.670000e-02 7.163102e-10 1.613986e-31 1.613986e-31 1.613986e-31 1.613986e-31 1.613986e-31 
1.675000e-02 6.260552e-10 1.613986e-31 1.613986e-31 1.613986e-31 1.613986e-31 1.613986e-31 
1.680000e-02 5.471497e-10 1.613986e-31 1.613986e-31 1.613986e-31 1.613986e-31 1.613986e-31 
1.685000e-02 4.781812e-10 1.613986e-31 1.613986e-31 1.613986e-31 1.613986e-31 1.613986e-31 
1.690000e-02 4.178977e-10 1.613986e-31 1.613986e-31 1.613986e-31 1.613986e-31 1.613986e-31 
1.695000e-02 3.651972e-10 1.613986e-31 1.613986e-31 1.613986e-31 1.613986e-31 1.613986e-31 
1.700000e-02 3.191381e-10 1.613986e-31 1.613986e-31 1.613986e-31 1.613986e-31 1.613986e-31 
1.705000e-02 2.788789e-10 1.613986e-31 1.613986e-31 1.613986e-31 1.613986e-31 1.613986e-31 
1.710000e-02 2.436885e-10 1.613986e-31 1.613986e-31 1.613986e-31 1.613986e-31 1.613986e-31 
1.715000e-02 2.129357e-10 1.613986e-31 1.613986e-31 1.613986e-31 1.613986e-31 1.613986e-31 
1.720000e-02 1.860595e-10 1.613986e-31 1.613986e-31 1.613986e-31 1.613986e-31 1.613986e-31 
1.725000e-02 1.625692e-10 1.613986e-31 1.613986e-31 1.613986e-31 1.613986e-31 1.613986e-31 
1.730000e-02 1.420439e-10 1.613986e-31 1.613986e-31 1.613986e-31 1.613986e-31 1.613986e-31 
1.735000e-02 1.241031e-10 1.613986e-31 1.613986e-31 1.613986e-31 1.613986e-31 1.613986e-31 
1.740000e-02 1.084262e-10 1.613986e-31 1.613986e-31 1.613986e-31 1.613986e-31 1.613986e-31 
1.745000e-02 9.472768e-11 1.613986e-31 1.613986e-31 1.613986e-31 1.613986e-31 1.613986e-31 
1.750000e-02 8.275813e-11 1.613986e-31 1.613986e-31 1.613986e-31 1.613986e-31 1.613986e-31 
1.755000e-02 7.229816e-11 1.613986e-31 1.613986e-31 1.613986e-31 1.613986e-31 1.613986e-31 
1.760000e-02 6.315847e-11 1.613986e-31 1.613986e-31 1.613986e-31 1.613986e-31 1.613986e-31 
1.765000e-02 5.517375e-11 1.613986e-31 1.613986e-31 1.613986e-31 1.613986e-31 1.613986e-31 
1.770000e-02 4.819677e-11 1.613986e-31 1.613986e-31 1.613986e-31 1.613986e-31 1.613986e-31 
1.775000e-02 4.210030e-11 1.613986e-31 1.613986e-31 1.613986e-31 1.613986e-31 1.613986e-31 
1.780000e-02 3.677516e-11 1.613986e-31 1.613986e-31 1.613986e-31 1.613986e-31 1.613986e-31 
1.785000e-02 3.212217e-11 1.613986e-31 1.613986e-31 1.613986e-31 1.613986e-31 1.613986e-31 
1.790000e-02 2.805718e-11 1.613986e-31 1.613986e-31 1.613986e-31 1.613986e-31 1.613986e-31 
1.795000e-02 2.450609e-11 1.613986e-31 1.613986e-31 1.613986e-31 1.613986e-31 1.613986e-31 
1.800000e-02 2.140376e-11 1.613986e-31 1.613986e-31 1.613986e-31 1.613986e-31 1.613986e-31 
1.805000e-02 1.869410e-11 1.613986e-31 1.613986e-31 1.613986e-31 1.613986e-31 1.613986e-31 
1.810000e-02 1.632704e-11 1.613986e-31 1.613986e-31 1.613986e-31 1.613986e-31 1.613986e-31 
1.815000e-02 1.425849e-11 1.613986e-31 1.613986e-31 1.613986e-31 1.613986e-31 1.613986e-31 
1.820000e-02 1.245239e-11 1.613986e-31 1.613986e-31 1.613986e-31 1.613986e-31 1.613986e-31 
1.825000e-02 1.087468e-11 1.613986e-31 1.613986e-31 1.613986e-31 1.613986e-31 1.613986e-31 
1.830000e-02 9.496810e-12 1.613986e-31 1.613986e-31 1.613986e-31 1.613986e-31 1.613986e-31 
1.835000e-02 8.293243e-12 1.613986e-31 1.613986e-31 1.613986e-31 1.613986e-31 1.613986e-31 
1.840000e-02 7.241937e-12 1.613986e-31 1.613986e-31 1.613986e-31 1.613986e-31 1.613986e-31 
1.845000e-02 6.323860e-12 1.613986e-31 1.613986e-31 1.613986e-31 1.613986e-31 1.613986e-31 
1.850000e-02 5.521983e-12 1.613986e-31 1.613986e-31 1.613986e-31 1.613986e-31 1.613986e-31 
1.855000e-02 4.821681e-12 1.613986e-31 1.613986e-31 1.613986e-31 1.613986e-31 1.613986e-31 
1.860000e-02 4.210030e-12 1.613986e-31 1.613986e-31 1.613986e-31 1.613986e-31 1.613986e-31 
1.865000e-02 3.675913e-12 1.613986e-31 1.613986e-31 1.613986e-31 1.613986e-31 1.613986e-31 
1.870000e-02 3.209512e-12 1.613986e-31 1.613986e-31 1.613986e-31 1.613986e-31 1.613986e-31 
1.875000e-02 2.802212e-12 1.613986e-31 1.613986e-31 1.613986e-31 1.613986e-31 1.613986e-31 
1.880000e-02 2.446602e-12 1.613986e-31 1.613986e-31 1.613986e-31 1.613986e-31 1.613986e-31 
1.885000e-02 2.135968e-12 1.613986e-31 1.613986e-31 1.613986e-31 1.613986e-31 1.613986e-31 
1.890000e-02 1.864803e-12 1.613986e-31 1.613986e-31 1.613986e-31 1.613986e-31 1.613986e-31 
1.895000e-02 1.627996e-12 1.613986e-31 1.613986e-31 1.613986e-31 1.613986e-31 1.613986e-31 
1.900000e-02 1.421241e-12 1.613986e-31 1.613986e-31 1.613986e-31 1.613986e-31 1.613986e-31 
1.905000e-02 1.240731e-12 1.613986e-31 1.613986e-31 1.613986e-31 1.613986e-31 1.613986e-31 
1.910000e-02 1.083060e-12 1.613986e-31 1.613986e-31 1.613986e-31 1.613986e-31 1.613986e-31 
1.915000e-02 9.454737e-13 1.613986e-31 1.613986e-31 1.613986e-31 1.613986e-31 1.613986e-31 
1.920000e-02 8.253274e-13 1.613986e-31 1.613986e-31 1.613986e-31 1.613986e-31 1.613986e-31 
1.925000e-02 7.204272e-13 1.613986e-31 1.613986e-31 1.613986e-31 1.613986e-31 1.613986e-31 
1.930000e-02 6.288500e-13 1.613986e-31 1.613986e-31 1.613986e-31 1.613986e-31 1.613986e-31 
1.935000e-02 5.489027e-13 1.613986e-31 1.613986e-31 1.613986e-31 1.613986e-31 1.613986e-31 
1.940000e-02 4.791028e-13 1.613986e-31 1.613986e-31 1.613986e-31 1.613986e-31 1.613986e-31 
1.945000e-02 4.181782e-13 1.613986e-31 1.613986e-31 1.613986e-31 1.613986e-31 1.613986e-31 
1.950000e-02 3.649868e-13 1.613986e-31 1.613986e-31 1.613986e-31 1.613986e-31 1.613986e-31 
1.955000e-02 3.185571e-13 1.613986e-31 1.613986e-31 1.613986e-31 1.613986e-31 1.613986e-31 
1.960000e-02 2.780275e-13 1.613986e-31 1.613986e-31 1.613986e-31 1.613986e-31 1.613986e-31 
1.965000e-02 2.426467e-13 1.613986e-31 1.613986e-31 1.613986e-31 1.613986e-31 1.613986e-31 
1.970000e-02 2.117637e-13 1.613986e-31 1.613986e-31 1.613986e-31 1.613986e-31 1.613986e-31 
1.975000e-02 1.848174e-13 1.613986e-31 1.613986e-31 1.613986e-31 1.613986e-31 1.613986e-31 
1.980000e-02 1.612870e-13 1.613986e-31 1.613986e-31 1.613986e-31 1.613986e-31 1.613986e-31 
1.985000e-02 1.407517e-13 1.613986e-31 1.613986e-31 1.613986e-31 1.613986e-31 1.613986e-31 
1.990000e-02 1.228309e-13 1.613986e-31 1.613986e-31 1.613986e-31 1.613986e-31 1.613986e-31 
1.995000e-02 1.071841e-13 1.613986e-31 1.613986e-31 1.613986e-31 1.613986e-31 1.613986e-31 
2.000000e-02 9.353263e-14 1.613986e-31 1.613986e-31 1.613986e-31 1.613986e-31 1.613986e-31 
2.005000e-02 8.161717e-14 1.613986e-31 1.613986e-31 1.613986e-31 1.613986e-31 1.613986e-31 
2.010000e-02 7.121931e-14 1.613986e-31 1.613986e-31 1.613986e-31 1.613986e-31 1.613986e-31 
2.015000e-02 6.214372e-14 1.613986e-31 1.613986e-31 1.613986e-31 1.613986e-31 1.613986e-31 
2.020000e-02 5.422412e-14 1.613986e-31 1.613986e-31 1.613986e-31 1.613986e-31 1.613986e-31 
2.025000e-02 4.731225e-14 1.613986e-31 1.613986e-31 1.613986e-31 1.613986e-31 1.613986e-31 
2.030000e-02 4.128190e-14 1.613986e-31 1.613986e-31 1.613986e-31 1.613986e-31 1.613986e-31 
2.035000e-02 3.601786e-14 1.613986e-31 1.613986e-31 1.613986e-31 1.613986e-31 1.613986e-31 
2.040000e-02 3.142597e-14 1.613986e-31 1.613986e-31 1.613986e-31 1.613986e-31 1.613986e-31 
2.045000e-02 2.741809e-14 1.613986e-31 1.613986e-31 1.613986e-31 1.613986e-31 1.613986e-31 
2.050000e-02 2.392108e-14 1.613986e-31 1.613986e-31 1.613986e-31 1.613986e-31 1.613986e-31 
2.055000e-02 2.086984e-14 1.613986e-31 1.613986e-31 1.613986e-31 1.613986e-31 1.613986e-31 
2.060000e-02 1.820727e-14 1.613986e-31 1.613986e-31 1.613986e-31 1.613986e-31 1.613986e-31 
2.065000e-02 1.588428e-14 1.613986e-31 1.613986e-31 1.613986e-31 1.613986e-31 1.613986e-31 
2.070000e-02 1.385680e-14 1.613986e-31 1.613986e-31 1.613986e-31 1.613986e-31 1.613986e-31 
2.075000e-02 1.208876e-14 1.613986e-31 1.613986e-31 1.613986e-31 1.613986e-31 1.613986e-31 
2.080000e-02 1.054511e-14 1.613986e-31 1.613986e-31 1.613986e-31 1.613986e-31 1.613986e-31 
2.085000e-02 9.199299e-15 1.613986e-31 1.613986e-31 1.613986e-31 1.613986e-31 1.613986e-31 
2.090000e-02 8.024782e-15 1.613986e-31 1.613986e-31 1.613986e-31 1.613986e-31 1.613986e-31 
2.095000e-02 7.000122e-15 1.613986e-31 1.613986e-31 1.613986e-31 1.613986e-31 1.613986e-31 
2.100000e-02 6.106086e-15 1.613986e-31 1.613986e-31 1.613986e-31 1.613986e-31 1.613986e-31 
2.105000e-02 5.326247e-15 1.613986e-31 1.613986e-31 1.613986e-31 1.613986e-31 1.613986e-31 
2.110000e-02 4.645879e-15 1.613986e-31 1.613986e-31 1.613986e-31 1.613986e-31 1.613986e-31 
2.115000e-02 4.052359e-15 1.613986e-31 1.613986e-31 1.613986e-31 1.613986e-31 1.613986e-31 
2.120000e-02 3.534570e-15 1.613986e-31 1.613986e-31 1.613986e-31 1.613986e-31 1.613986e-31 
2.125000e-02 3.082895e-15 1.613986e-31 1.613986e-31 1.613986e-31 1.613986e-31 1.613986e-31 
2.130000e-02 2.688918e-15 1.613986e-31 1.613986e-31 1.613986e-31 1.613986e-31 1.613986e-31 
2.135000e-02 2.345228e-15 1.613986e-31 1.613986e-31 1.613986e-31 1.613986e-31 1.613986e-31 
2.140000e-02 2.045413e-15 1.613986e-31 1.613986e-31 1.613986e-31 1.613986e-31 1.613986e-31 
2.145000e-02 1.783964e-15 1.613986e-31 1.613986e-31 1.613986e-31 1.613986e-31 1.613986e-31 
2.150000e-02 1.555872e-15 1.613986e-31 1.613986e-31 1.613986e-31 1.613986e-31 1.613986e-31 
2.155000e-02 1.356830e-15 1.613986e-31 1.613986e-31 1.613986e-31 1.613986e-31 1.613986e-31 
2.160000e-02 1.183332e-15 1.613986e-31 1.613986e-31 1.613986e-31 1.613986e-31 1.613986e-31 
2.165000e-02 1.031972e-15 1.613986e-31 1.613986e-31 1.613986e-31 1.613986e-31 1.613986e-31 
2.170000e-02 8.999756e-16 1.613986e-31 1.613986e-31 1.613986e-31 1.613986e-31 1.613986e-31 
2.175000e-02 7.848379e-16 1.613986e-31 1.613986e-31 1.613986e-31 1.613986e-31 1.613986e-31 
2.180000e-02 6.844154e-16 1.613986e-31 1.613986e-31 1.613986e-31 1.613986e-31 1.613986e-31 
2.185000e-02 5.968350e-16 1.613986e-31 1.613986e-31 1.613986e-31 1.613986e-31 1.613986e-31 
2.190000e-02 5.204438e-16 1.613986e-31 1.613986e-31 1.613986e-31 1.613986e-31 1.613986e-31 
2.195000e-02 4.538294e-16 1.613986e-31 1.613986e-31 1.613986e-31 1.613986e-31 1.613986e-31 
2.200000e-02 3.957396e-16 1.613986e-31 1.613986e-31 1.613986e-31 1.613986e-31 1.613986e-31 
2.205000e-02 3.450726e-16 1.613986e-31 1.613986e-31 1.613986e-31 1.613986e-31 1.613986e-31 
2.210000e-02 3.008968e-16 1.613986e-31 1.613986e-31 1.613986e-31 1.613986e-31 1.613986e-31 
2.215000e-02 2.623606e-16 1.613986e-31 1.613986e-31 1.613986e-31 1.613986e-31 1.613986e-31 
2.220000e-02 2.287629e-16 1.613986e-31 1.613986e-31 1.613986e-31 1.613986e-31 1.613986e-31 
2.225000e-02 1.994626e-16 1.613986e-31 1.613986e-31 1.613986e-31 1.613986e-31 1.613986e-31 
2.230000e-02 1.739087e-16 1.613986e-31 1.613986e-31 1.613986e-31 1.613986e-31 1.613986e-31 
2.235000e-02 1.516304e-16 1.613986e-31 1.613986e-31 1.613986e-31 1.613986e-31 1.613986e-31 
2.240000e-02 1.322070e-16 1.613986e-31 1.613986e-31 1.613986e-31 1.613986e-31 1.613986e-31 
2.245000e-02 1.152680e-16 1.613986e-31 1.613986e-31 1.613986e-31 1.613986e-31 1.613986e-31 
2.250000e-02 1.004926e-16 1.613986e-31 1.613986e-31 1.613986e-31 1.613986e-31 1.613986e-31 
2.255000e-02 8.761347e-17 1.613986e-31 1.613986e-31 1.613986e-31 1.613986e-31 1.613986e-31 
2.260000e-02 7.638318e-17 1.613986e-31 1.613986e-31 1.613986e-31 1.613986e-31 1.613986e-31 
2.265000e-02 6.659136e-17 1.613986e-31 1.613986e-31 1.613986e-31 1.613986e-31 1.613986e-31 
2.270000e-02 5.805470e-17 1.613986e-31 1.613986e-31 1.613986e-31 1.613986e-31 1.613986e-31 
2.275000e-02 5.061092e-17 1.613986e-31 1.613986e-31 1.613986e-31 1.613986e-31 1.613986e-31 
2.280000e-02 4.412077e-17 1.613986e-31 1.613986e-31 1.613986e-31 1.613986e-31 1.613986e-31 
2.285000e-02 3.846205e-17 1.613986e-31 1.613986e-31 1.613986e-31 1.613986e-31 1.613986e-31 
2.290000e-02 3.352958e-17 1.613986e-31 1.613986e-31 1.613986e-31 1.613986e-31 1.613986e-31 
2.295000e-02 2.922820e-17 1.613986e-31 1.613986e-31 1.613986e-31 1.613986e-31 1.613986e-31 
2.300000e-02 2.547876e-17 1.613986e-31 1.613986e-31 1.613986e-31 1.613986e-31 1.613986e-31 
2.305000e-02 2.221014e-17 1.613986e-31 1.613986e-31 1.613986e-31 1.613986e-31 1.613986e-31 
2.310000e-02 1.936025e-17 1.613986e-31 1.613986e-31 1.613986e-31 1.613986e-31 1.613986e-31 
2.315000e-02 1.687598e-17 1.613986e-31 1.613986e-31 1.613986e-31 1.613986e-31 1.613986e-31 
2.320000e-02 1.471026e-17 1.613986e-31 1.613986e-31 1.613986e-31 1.613986e-31 1.613986e-31 
2.325000e-02 1.282202e-17 1.613986e-31 1.613986e-31 1.613986e-31 1.613986e-31 1.613986e-31 
2.330000e-02 1.117619e-17 1.613986e-31 1.613986e-31 1.613986e-31 1.613986e-31 1.613986e-31 
2.335000e-02 9.741430e-18 1.613986e-31 1.613986e-31 1.613986e-31 1.613986e-31 1.613986e-31 
2.340000e-02 8.490682e-18 1.613986e-31 1.613986e-31 1.613986e-31 1.613986e-31 1.613986e-31 
2.345000e-02 7.400509e-18 1.613986e-31 1.613986e-31 1.613986e-31 1.613986e-31 1.613986e-31 
2.350000e-02 6.450177e-18 1.613986e-31 1.613986e-31 1.613986e-31 1.613986e-31 1.613986e-31 
2.355000e-02 5.621855e-18 1.613986e-31 1.613986e-31 1.613986e-31 1.613986e-31 1.613986e-31 
2.360000e-02 4.899715e-18 1.613986e-31 1.613986e-31 1.613986e-31 1.613986e-31 1.613986e-31 
2.365000e-02 4.270334e-18 1.613986e-31 1.613986e-31 1.613986e-31 1.613986e-31 1.613986e-31 
2.370000e-02 3.721792e-18 1.613986e-31 1.613986e-31 1.613986e-31 1.613986e-31 1.613986e-31 
2.375000e-02 3.243671e-18 1.613986e-31 1.613986e-31 1.613986e-31 1.613986e-31 1.613986e-31 
2.380000e-02 2.826855e-18 1.613986e-31 1.613986e-31 1.613986e-31 1.613986e-31 1.613986e-31 
2.385000e-02 2.463631e-18 1.613986e-31 1.613986e-31 1.613986e-31 1.613986e-31 1.613986e-31 
2.390000e-02 2.146987e-18 1.613986e-31 1.613986e-31 1.613986e-31 1.613986e-31 1.613986e-31 
2.395000e-02 1.871013e-18 1.613986e-31 1.613986e-31 1.613986e-31 1.613986e-31 1.613986e-31 
2.400000e-02 1.630600e-18 1.613986e-31 1.613986e-31 1.613986e-31 1.613986e-31 1.613986e-31 
2.405000e-02 1.420940e-18 1.613986e-31 1.613986e-31 1.613986e-31 1.613986e-31 1.613986e-31 
2.410000e-02 1.238227e-18 1.613986e-31 1.613986e-31 1.613986e-31 1.613986e-31 1.613986e-31 
2.415000e-02 1.079053e-18 1.613986e-31 1.613986e-31 1.613986e-31 1.613986e-31 1.613986e-31 
2.420000e-02 9.403149e-19 1.613986e-31 1.613986e-31 1.613986e-31 1.613986e-31 1.613986e-31 
2.425000e-02 8.193972e-19 1.613986e-31 1.613986e-31 1.613986e-31 1.613986e-31 1.613986e-31 
2.430000e-02 7.140162e-19 1.613986e-31 1.613986e-31 1.613986e-31 1.613986e-31 1.613986e-31 
2.435000e-02 6.221785e-19 1.613986e-31 1.613986e-31 1.613986e-31 1.613986e-31 1.613986e-31 
2.440000e-02 5.421411e-19 1.613986e-31 1.613986e-31 1.613986e-31 1.613986e-31 1.613986e-31 
2.445000e-02 4.724013e-19 1.613986e-31 1.613986e-31 1.613986e-31 1.613986e-31 1.613986e-31 
2.450000e-02 4.116269e-19 1.613986e-31 1.613986e-31 1.613986e-31 1.613986e-31 1.613986e-31 
2.455000e-02 3.586660e-19 1.613986e-31 1.613986e-31 1.613986e-31 1.613986e-31 1.613986e-31 
2.460000e-02 3.125067e-19 1.613986e-31 1.613986e-31 1.613986e-31 1.613986e-31 1.613986e-31 
2.465000e-02 2.722976e-19 1.613986e-31 1.613986e-31 1.613986e-31 1.613986e-31 1.613986e-31 
2.470000e-02 2.372474e-19 1.613986e-31 1.613986e-31 1.613986e-31 1.613986e-31 1.613986e-31 
2.475000e-02 2.067150e-19 1.613986e-31 1.613986e-31 1.613986e-31 1.613986e-31 1.613986e-31 
2.480000e-02 1.801093e-19 1.613986e-31 1.613986e-31 1.613986e-31 1.613986e-31 1.613986e-31 
2.485000e-02 1.569195e-19 1.613986e-31 1.613986e-31 1.613986e-31 1.613986e-31 1.613986e-31 
2.490000e-02 1.367148e-19 1.613986e-31 1.613986e-31 1.613986e-31 1.613986e-31 1.613986e-31 
2.495000e-02 1.191146e-19 1.613986e-31 1.613986e-31 1.613986e-31 1.613986e-31 1.613986e-31 
2.500000e-02 1.037782e-19 1.613986e-31 1.613986e-31 1.613986e-31 1.613986e-31 1.613986e-31 
