       0	        0	        0	        0	        0	        0	        0	 
   5e-05	  2746.06	 1.11916e+07	 1.11916e+07	 1.74879e+07	 3.88829e+06	 3.88829e+06	 
  0.0001	   127596	 4.57257e+07	 4.57257e+07	 6.94808e+07	 1.55392e+07	 1.55392e+07	 
 0.00015	   786672	 1.06706e+08	 1.06706e+08	 1.5792e+08	 3.57049e+07	 3.57049e+07	 
  0.0002	 3.44527e+06	 2.00998e+08	 2.00998e+08	 2.93234e+08	 6.78421e+07	 6.78421e+07	 
 0.00025	 9.5787e+06	 3.3605e+08	 3.3605e+08	 4.82093e+08	 1.14581e+08	 1.14581e+08	 
  0.0003	 2.09935e+07	 5.15329e+08	 5.15329e+08	 7.28531e+08	 1.78222e+08	 1.78222e+08	 
 0.00035	 3.83869e+07	 7.35549e+08	 7.35549e+08	 1.02658e+09	 2.57982e+08	 2.57982e+08	 
  0.0004	 6.18451e+07	 9.93505e+08	 9.93505e+08	 1.36814e+09	 3.5213e+08	 3.5213e+08	 
 0.00045	 9.1508e+07	 1.28585e+09	 1.28585e+09	 1.74516e+09	 4.58982e+08	 4.58982e+08	 
  0.0005	 1.25738e+08	 1.60569e+09	 1.60569e+09	 2.14634e+09	 5.74755e+08	 5.74755e+08	 
 0.00055	 1.62514e+08	 1.9457e+09	 1.9457e+09	 2.5609e+09	 6.95482e+08	 6.95482e+08	 
  0.0006	 2.0171e+08	 2.30553e+09	 2.30553e+09	 2.98361e+09	 8.19903e+08	 8.19903e+08	 
 0.00065	 2.41628e+08	 2.67423e+09	 2.67423e+09	 3.40665e+09	 9.44958e+08	 9.44958e+08	 
  0.0007	 2.81421e+08	 3.04896e+09	 3.04896e+09	 3.82453e+09	 1.06877e+09	 1.06877e+09	 
 0.00075	 3.20534e+08	 3.42549e+09	 3.42549e+09	 4.23182e+09	 1.1897e+09	 1.1897e+09	 
  0.0008	 3.58774e+08	 3.80135e+09	 3.80135e+09	 4.62488e+09	 1.30679e+09	 1.30679e+09	 
 0.00085	 3.95542e+08	 4.17204e+09	 4.17204e+09	 4.99818e+09	 1.41834e+09	 1.41834e+09	 
  0.0009	 4.30362e+08	 4.53611e+09	 4.53611e+09	 5.34924e+09	 1.52343e+09	 1.52343e+09	 
 0.00095	 4.62726e+08	 4.88999e+09	 4.88999e+09	 5.67659e+09	 1.62135e+09	 1.62135e+09	 
   0.001	 4.92533e+08	 5.23359e+09	 5.23359e+09	 5.97919e+09	 1.71178e+09	 1.71178e+09	 
 0.00105	 5.197e+08	 5.56462e+09	 5.56462e+09	 6.25514e+09	 1.79423e+09	 1.79423e+09	 
  0.0011	 5.44041e+08	 5.88116e+09	 5.88116e+09	 6.50231e+09	 1.86808e+09	 1.86808e+09	 
 0.00115	 5.65599e+08	 6.1823e+09	 6.1823e+09	 6.72205e+09	 1.93368e+09	 1.93368e+09	 
  0.0012	 5.84208e+08	 6.46668e+09	 6.46668e+09	 6.91363e+09	 1.99073e+09	 1.99073e+09	 
 0.00125	 5.9983e+08	 6.73337e+09	 6.73337e+09	 7.07795e+09	 2.0394e+09	 2.0394e+09	 
  0.0013	 6.12505e+08	 6.98024e+09	 6.98024e+09	 7.21412e+09	 2.07951e+09	 2.07951e+09	 
 0.00135	 6.22181e+08	 7.20698e+09	 7.20698e+09	 7.323e+09	 2.11124e+09	 2.11124e+09	 
  0.0014	 6.29314e+08	 7.41488e+09	 7.41488e+09	 7.40757e+09	 2.13558e+09	 2.13558e+09	 
 0.00145	 6.34142e+08	 7.60216e+09	 7.60216e+09	 7.46724e+09	 2.15259e+09	 2.15259e+09	 
  0.0015	 6.36702e+08	 7.76993e+09	 7.76993e+09	 7.50348e+09	 2.16264e+09	 2.16264e+09	 
 0.00155	 6.37027e+08	 7.91796e+09	 7.91796e+09	 7.51739e+09	 2.16598e+09	 2.16598e+09	 
  0.0016	 6.35278e+08	 8.04466e+09	 8.04466e+09	 7.50926e+09	 2.16281e+09	 2.16281e+09	 
 0.00165	 6.31725e+08	 8.15174e+09	 8.15174e+09	 7.48059e+09	 2.15368e+09	 2.15368e+09	 
  0.0017	 6.26514e+08	 8.23929e+09	 8.23929e+09	 7.43258e+09	 2.13896e+09	 2.13896e+09	 
 0.00175	 6.1978e+08	 8.30726e+09	 8.30726e+09	 7.36611e+09	 2.11895e+09	 2.11895e+09	 
  0.0018	 6.11692e+08	 8.35619e+09	 8.35619e+09	 7.28282e+09	 2.09415e+09	 2.09415e+09	 
 0.00185	 6.02397e+08	 8.38772e+09	 8.38772e+09	 7.18373e+09	 2.0649e+09	 2.0649e+09	 
  0.0019	 5.91919e+08	 8.40031e+09	 8.40031e+09	 7.06986e+09	 2.03145e+09	 2.03145e+09	 
 0.00195	 5.80515e+08	 8.39598e+09	 8.39598e+09	 6.94298e+09	 1.99438e+09	 1.99438e+09	 
   0.002	 5.68424e+08	 8.37544e+09	 8.37544e+09	 6.80431e+09	 1.95416e+09	 1.95416e+09	 
 0.00205	 5.55502e+08	 8.33868e+09	 8.33868e+09	 6.65439e+09	 1.91079e+09	 1.91079e+09	 
  0.0021	 5.42033e+08	 8.28739e+09	 8.28739e+09	 6.49506e+09	 1.86491e+09	 1.86491e+09	 
 0.00215	 5.28213e+08	 8.22253e+09	 8.22253e+09	 6.32786e+09	 1.81701e+09	 1.81701e+09	 
  0.0022	 5.1389e+08	 8.14407e+09	 8.14407e+09	 6.15234e+09	 1.76686e+09	 1.76686e+09	 
 0.00225	 4.99424e+08	 8.05416e+09	 8.05416e+09	 5.97212e+09	 1.71557e+09	 1.71557e+09	 
  0.0023	 4.84715e+08	 7.95267e+09	 7.95267e+09	 5.78634e+09	 1.66284e+09	 1.66284e+09	 
 0.00235	 4.69728e+08	 7.8408e+09	 7.8408e+09	 5.59619e+09	 1.60893e+09	 1.60893e+09	 
  0.0024	 4.5493e+08	 7.71963e+09	 7.71963e+09	 5.40331e+09	 1.55456e+09	 1.55456e+09	 
 0.00245	 4.40084e+08	 7.59027e+09	 7.59027e+09	 5.20864e+09	 1.49975e+09	 1.49975e+09	 
  0.0025	 4.25193e+08	 7.453e+09	 7.453e+09	 5.01272e+09	 1.44463e+09	 1.44463e+09	 
 0.00255	 4.10457e+08	 7.3088e+09	 7.3088e+09	 4.81632e+09	 1.38953e+09	 1.38953e+09	 
  0.0026	 3.95627e+08	 7.15819e+09	 7.15819e+09	 4.61952e+09	 1.33426e+09	 1.33426e+09	 
 0.00265	 3.81076e+08	 7.00276e+09	 7.00276e+09	 4.42411e+09	 1.27952e+09	 1.27952e+09	 
  0.0027	 3.66759e+08	 6.84297e+09	 6.84297e+09	 4.23059e+09	 1.22538e+09	 1.22538e+09	 
 0.00275	 3.52445e+08	 6.67829e+09	 6.67829e+09	 4.03873e+09	 1.17161e+09	 1.17161e+09	 
  0.0028	 3.38669e+08	 6.51246e+09	 6.51246e+09	 3.85123e+09	 1.11923e+09	 1.11923e+09	 
 0.00285	 3.25172e+08	 6.3437e+09	 6.3437e+09	 3.66725e+09	 1.06785e+09	 1.06785e+09	 
  0.0029	 3.12107e+08	 6.17365e+09	 6.17365e+09	 3.48741e+09	 1.01772e+09	 1.01772e+09	 
 0.00295	 2.99429e+08	 6.00268e+09	 6.00268e+09	 3.3123e+09	 9.68949e+08	 9.68949e+08	 
   0.003	 2.87027e+08	 5.83119e+09	 5.83119e+09	 3.14164e+09	 9.21378e+08	 9.21378e+08	 
 0.00305	 2.74931e+08	 5.65917e+09	 5.65917e+09	 2.97579e+09	 8.75115e+08	 8.75115e+08	 
  0.0031	 2.63054e+08	 5.48726e+09	 5.48726e+09	 2.81461e+09	 8.3006e+08	 8.3006e+08	 
 0.00315	 2.51589e+08	 5.31625e+09	 5.31625e+09	 2.65907e+09	 7.86579e+08	 7.86579e+08	 
  0.0032	 2.4058e+08	 5.14663e+09	 5.14663e+09	 2.50953e+09	 7.44785e+08	 7.44785e+08	 
 0.00325	 2.29848e+08	 4.97838e+09	 4.97838e+09	 2.36527e+09	 7.04381e+08	 7.04381e+08	 
  0.0033	 2.19439e+08	 4.81164e+09	 4.81164e+09	 2.22666e+09	 6.65483e+08	 6.65483e+08	 
 0.00335	 2.09418e+08	 4.64717e+09	 4.64717e+09	 2.09393e+09	 6.28194e+08	 6.28194e+08	 
  0.0034	 1.9971e+08	 4.4848e+09	 4.4848e+09	 1.96682e+09	 5.92398e+08	 5.92398e+08	 
 0.00345	 1.90307e+08	 4.32477e+09	 4.32477e+09	 1.84529e+09	 5.58078e+08	 5.58078e+08	 
  0.0035	 1.81169e+08	 4.16721e+09	 4.16721e+09	 1.72907e+09	 5.25142e+08	 5.25142e+08	 
 0.00355	 1.72458e+08	 4.01281e+09	 4.01281e+09	 1.61873e+09	 4.93848e+08	 4.93848e+08	 
  0.0036	 1.64245e+08	 3.86202e+09	 3.86202e+09	 1.5145e+09	 4.64299e+08	 4.64299e+08	 
 0.00365	 1.56329e+08	 3.71428e+09	 3.71428e+09	 1.41544e+09	 4.36128e+08	 4.36128e+08	 
  0.0037	 1.48796e+08	 3.56995e+09	 3.56995e+09	 1.32189e+09	 4.0948e+08	 4.0948e+08	 
 0.00375	 1.41582e+08	 3.42915e+09	 3.42915e+09	 1.23351e+09	 3.8423e+08	 3.8423e+08	 
  0.0038	 1.34728e+08	 3.29203e+09	 3.29203e+09	 1.15029e+09	 3.60406e+08	 3.60406e+08	 
 0.00385	 1.27963e+08	 3.15776e+09	 3.15776e+09	 1.07114e+09	 3.37555e+08	 3.37555e+08	 
  0.0039	 1.21386e+08	 3.02678e+09	 3.02678e+09	 9.96244e+08	 3.15797e+08	 3.15797e+08	 
 0.00395	 1.15221e+08	 2.89982e+09	 2.89982e+09	 9.2636e+08	 2.95472e+08	 2.95472e+08	 
   0.004	 1.0926e+08	 2.77632e+09	 2.77632e+09	 8.6066e+08	 2.76236e+08	 2.76236e+08	 
 0.00405	 1.03606e+08	 2.6567e+09	 2.6567e+09	 7.9927e+08	 2.58196e+08	 2.58196e+08	 
  0.0041	 9.81795e+07	 2.54053e+09	 2.54053e+09	 7.41699e+08	 2.41182e+08	 2.41182e+08	 
 0.00415	 9.30098e+07	 2.42803e+09	 2.42803e+09	 6.87909e+08	 2.25208e+08	 2.25208e+08	 
  0.0042	 8.82146e+07	 2.31967e+09	 2.31967e+09	 6.3805e+08	 2.10399e+08	 2.10399e+08	 
 0.00425	 8.35895e+07	 2.21483e+09	 2.21483e+09	 5.91246e+08	 1.96401e+08	 1.96401e+08	 
  0.0043	 7.90879e+07	 2.11329e+09	 2.11329e+09	 5.47309e+08	 1.83136e+08	 1.83136e+08	 
 0.00435	 7.47611e+07	 2.01526e+09	 2.01526e+09	 5.06245e+08	 1.70645e+08	 1.70645e+08	 
  0.0044	 7.07333e+07	 1.92107e+09	 1.92107e+09	 4.68268e+08	 1.59073e+08	 1.59073e+08	 
 0.00445	 6.68579e+07	 1.83022e+09	 1.83022e+09	 4.3281e+08	 1.4818e+08	 1.4818e+08	 
  0.0045	 6.32012e+07	 1.74291e+09	 1.74291e+09	 3.99983e+08	 1.38041e+08	 1.38041e+08	 
 0.00455	 5.97319e+07	 1.65899e+09	 1.65899e+09	 3.69544e+08	 1.28578e+08	 1.28578e+08	 
  0.0046	 5.64619e+07	 1.57843e+09	 1.57843e+09	 3.41353e+08	 1.1977e+08	 1.1977e+08	 
 0.00465	 5.33342e+07	 1.50102e+09	 1.50102e+09	 3.15282e+08	 1.11544e+08	 1.11544e+08	 
  0.0047	 5.03891e+07	 1.42684e+09	 1.42684e+09	 2.9128e+08	 1.0392e+08	 1.0392e+08	 
 0.00475	 4.75982e+07	 1.35572e+09	 1.35572e+09	 2.69047e+08	 9.68084e+07	 9.68084e+07	 
  0.0048	 4.49002e+07	 1.28747e+09	 1.28747e+09	 2.48349e+08	 9.01106e+07	 9.01106e+07	 
 0.00485	 4.22942e+07	 1.22199e+09	 1.22199e+09	 2.29057e+08	 8.37966e+07	 8.37966e+07	 
  0.0049	 3.98919e+07	 1.15958e+09	 1.15958e+09	 2.07984e+08	 7.72453e+07	 7.72453e+07	 
 0.00495	 3.75722e+07	 1.09984e+09	 1.09984e+09	 1.92442e+08	 7.19874e+07	 7.19874e+07	 
   0.005	 3.53467e+07	 1.04264e+09	 1.04264e+09	 1.77901e+08	 6.70251e+07	 6.70251e+07	 
 0.00505	 3.32737e+07	 9.88154e+08	 9.88154e+08	 1.64476e+08	 6.24295e+07	 6.24295e+07	 
  0.0051	 3.13394e+07	 9.36273e+08	 9.36273e+08	 1.52101e+08	 5.81751e+07	 5.81751e+07	 
 0.00515	 2.95101e+07	 8.86808e+08	 8.86808e+08	 1.40634e+08	 5.42039e+07	 5.42039e+07	 
  0.0052	 2.78167e+07	 8.39794e+08	 8.39794e+08	 1.30046e+08	 5.05341e+07	 5.05341e+07	 
 0.00525	 2.62311e+07	 7.95035e+08	 7.95035e+08	 1.20394e+08	 4.7156e+07	 4.7156e+07	 
  0.0053	 2.46871e+07	 7.52271e+08	 7.52271e+08	 1.11325e+08	 4.39397e+07	 4.39397e+07	 
 0.00535	 2.32336e+07	 7.11621e+08	 7.11621e+08	 1.02904e+08	 4.09379e+07	 4.09379e+07	 
  0.0054	 2.18517e+07	 6.72921e+08	 6.72921e+08	 9.5128e+07	 3.81352e+07	 3.81352e+07	 
 0.00545	 2.05205e+07	 6.36045e+08	 6.36045e+08	 8.78471e+07	 3.54818e+07	 3.54818e+07	 
  0.0055	 1.92528e+07	 6.0097e+08	 6.0097e+08	 8.10352e+07	 3.29821e+07	 3.29821e+07	 
 0.00555	 1.80636e+07	 5.67685e+08	 5.67685e+08	 7.48215e+07	 3.06763e+07	 3.06763e+07	 
  0.0056	 1.69492e+07	 5.3612e+08	 5.3612e+08	 6.90917e+07	 2.85363e+07	 2.85363e+07	 
 0.00565	 1.59146e+07	 5.06204e+08	 5.06204e+08	 6.3828e+07	 2.65619e+07	 2.65619e+07	 
  0.0057	 1.49347e+07	 4.77847e+08	 4.77847e+08	 5.89662e+07	 2.47194e+07	 2.47194e+07	 
 0.00575	 1.40266e+07	 4.50966e+08	 4.50966e+08	 5.45189e+07	 2.30248e+07	 2.30248e+07	 
  0.0058	 1.31666e+07	 4.25502e+08	 4.25502e+08	 5.0388e+07	 2.1438e+07	 2.1438e+07	 
 0.00585	 1.23954e+07	 4.01495e+08	 4.01495e+08	 4.66093e+07	 1.99984e+07	 1.99984e+07	 
  0.0059	 1.16415e+07	 3.78656e+08	 3.78656e+08	 4.31705e+07	 1.86479e+07	 1.86479e+07	 
 0.00595	 1.09214e+07	 3.57018e+08	 3.57018e+08	 3.99461e+07	 1.73713e+07	 1.73713e+07	 
   0.006	 1.02242e+07	 3.36467e+08	 3.36467e+08	 3.68961e+07	 1.61512e+07	 1.61512e+07	 
 0.00605	 9.5797e+06	 3.17056e+08	 3.17056e+08	 3.41375e+07	 1.50369e+07	 1.50369e+07	 
  0.0061	 8.96712e+06	 2.98676e+08	 2.98676e+08	 3.1573e+07	 1.39906e+07	 1.39906e+07	 
 0.00615	 8.39362e+06	 2.81305e+08	 2.81305e+08	 2.91064e+07	 1.29964e+07	 1.29964e+07	 
  0.0062	 7.84173e+06	 2.64843e+08	 2.64843e+08	 2.69237e+07	 1.20821e+07	 1.20821e+07	 
 0.00625	 7.34292e+06	 2.4935e+08	 2.4935e+08	 2.49599e+07	 1.12578e+07	 1.12578e+07	 
  0.0063	 6.8699e+06	 2.34701e+08	 2.34701e+08	 2.31196e+07	 1.04809e+07	 1.04809e+07	 
 0.00635	 6.44059e+06	 2.20915e+08	 2.20915e+08	 2.14776e+07	 9.78211e+06	 9.78211e+06	 
  0.0064	 6.04342e+06	 2.0792e+08	 2.0792e+08	 1.99695e+07	 9.13806e+06	 9.13806e+06	 
 0.00645	 5.66661e+06	 1.95644e+08	 1.95644e+08	 1.84949e+07	 8.51731e+06	 8.51731e+06	 
  0.0065	 5.30456e+06	 1.84029e+08	 1.84029e+08	 1.71919e+07	 7.94615e+06	 7.94615e+06	 
 0.00655	 4.96476e+06	 1.73073e+08	 1.73073e+08	 1.59936e+07	 7.41559e+06	 7.41559e+06	 
  0.0066	 4.64574e+06	 1.62737e+08	 1.62737e+08	 1.48812e+07	 6.92026e+06	 6.92026e+06	 
 0.00665	 4.33962e+06	 1.52966e+08	 1.52966e+08	 1.38416e+07	 6.45115e+06	 6.45115e+06	 
  0.0067	 4.04873e+06	 1.43742e+08	 1.43742e+08	 1.28723e+07	 6.00951e+06	 6.00951e+06	 
 0.00675	 3.77523e+06	 1.35044e+08	 1.35044e+08	 1.19491e+07	 5.59163e+06	 5.59163e+06	 
  0.0068	 3.52886e+06	 1.26881e+08	 1.26881e+08	 1.11565e+07	 5.22388e+06	 5.22388e+06	 
 0.00685	 3.29427e+06	 1.19177e+08	 1.19177e+08	 1.04192e+07	 4.87756e+06	 4.87756e+06	 
  0.0069	 3.07629e+06	 1.11929e+08	 1.11929e+08	 9.73581e+06	 4.55617e+06	 4.55617e+06	 
 0.00695	 2.8743e+06	 1.05112e+08	 1.05112e+08	 9.11127e+06	 4.26028e+06	 4.26028e+06	 
   0.007	 2.69056e+06	 9.87144e+07	 9.87144e+07	 8.54374e+06	 3.99125e+06	 3.99125e+06	 
 0.00705	 2.52028e+06	 9.26959e+07	 9.26959e+07	 8.02786e+06	 3.74417e+06	 3.74417e+06	 
  0.0071	 2.35883e+06	 8.70246e+07	 8.70246e+07	 7.5323e+06	 3.50847e+06	 3.50847e+06	 
 0.00715	 2.20446e+06	 8.16796e+07	 8.16796e+07	 7.09094e+06	 3.29033e+06	 3.29033e+06	 
  0.0072	 2.05367e+06	 7.6629e+07	 7.6629e+07	 6.66495e+06	 3.07839e+06	 3.07839e+06	 
 0.00725	 1.91131e+06	 7.18758e+07	 7.18758e+07	 6.27019e+06	 2.87994e+06	 2.87994e+06	 
  0.0073	 1.78324e+06	 6.74199e+07	 6.74199e+07	 5.92491e+06	 2.7036e+06	 2.7036e+06	 
 0.00735	 1.66314e+06	 6.32311e+07	 6.32311e+07	 5.60598e+06	 2.53932e+06	 2.53932e+06	 
  0.0074	 1.54869e+06	 5.92885e+07	 5.92885e+07	 5.29071e+06	 2.38024e+06	 2.38024e+06	 
 0.00745	 1.44212e+06	 5.55809e+07	 5.55809e+07	 5.02345e+06	 2.23796e+06	 2.23796e+06	 
  0.0075	 1.34234e+06	 5.20994e+07	 5.20994e+07	 4.77618e+06	 2.1054e+06	 2.1054e+06	 
 0.00755	 1.25503e+06	 4.88479e+07	 4.88479e+07	 4.56298e+06	 1.99012e+06	 1.99012e+06	 
  0.0076	 1.17536e+06	 4.58027e+07	 4.58027e+07	 4.37066e+06	 1.88542e+06	 1.88542e+06	 
 0.00765	 1.09898e+06	 4.29336e+07	 4.29336e+07	 4.19069e+06	 1.78602e+06	 1.78602e+06	 
  0.0077	 1.02472e+06	 4.02321e+07	 4.02321e+07	 4.01227e+06	 1.68861e+06	 1.68861e+06	 
 0.00775	   953750	 3.76894e+07	 3.76894e+07	 3.8528e+06	 1.59797e+06	 1.59797e+06	 
  0.0078	   889104	 3.53137e+07	 3.53137e+07	 3.71142e+06	 1.51628e+06	 1.51628e+06	 
 0.00785	   828087	 3.30772e+07	 3.30772e+07	 3.58233e+06	 1.44013e+06	 1.44013e+06	 
  0.0079	   770426	 3.09765e+07	 3.09765e+07	 3.46272e+06	 1.36871e+06	 1.36871e+06	 
 0.00795	   717179	 2.90076e+07	 2.90076e+07	 3.35539e+06	 1.30344e+06	 1.30344e+06	 
   0.008	   665180	 2.71535e+07	 2.71535e+07	 3.25021e+06	 1.23963e+06	 1.23963e+06	 
 0.00805	   618920	 2.54217e+07	 2.54217e+07	 3.16099e+06	 1.18382e+06	 1.18382e+06	 
  0.0081	   575940	 2.37988e+07	 2.37988e+07	 3.08054e+06	 1.13251e+06	 1.13251e+06	 
 0.00815	   538302	 2.22858e+07	 2.22858e+07	 3.01091e+06	 1.08777e+06	 1.08777e+06	 
  0.0082	   502547	 2.08655e+07	 2.08655e+07	 2.94564e+06	 1.04545e+06	 1.04545e+06	 
 0.00825	   468793	 1.95327e+07	 1.95327e+07	 2.88309e+06	 1.0053e+06	 1.0053e+06	 
  0.0083	   436978	 1.82822e+07	 1.82822e+07	 2.82685e+06	   968054	   968054	 
 0.00835	   407095	 1.71096e+07	 1.71096e+07	 2.77421e+06	   933115	   933115	 
  0.0084	   378787	 1.60094e+07	 1.60094e+07	 2.72425e+06	   899996	   899996	 
 0.00845	   351868	 1.49769e+07	 1.49769e+07	 2.67717e+06	   868597	   868597	 
  0.0085	   327271	 1.40109e+07	 1.40109e+07	 2.63416e+06	   839908	   839908	 
 0.00855	   303289	 1.3103e+07	 1.3103e+07	 2.59103e+06	   811669	   811669	 
  0.0086	   281410	 1.22542e+07	 1.22542e+07	 2.55134e+06	   785833	   785833	 
 0.00865	   260767	 1.14584e+07	 1.14584e+07	 2.51301e+06	   761259	   761259	 
  0.0087	   242710	 1.07172e+07	 1.07172e+07	 2.47716e+06	   739249	   739249	 
 0.00875	   227079	 1.00274e+07	 1.00274e+07	 2.44624e+06	   720220	   720220	 
  0.0088	   211840	 9.37919e+06	 9.37919e+06	 2.4145e+06	   701314	   701314	 
 0.00885	   197484	 8.77171e+06	 8.77171e+06	 2.38268e+06	   683078	   683078	 
  0.0089	   183987	 8.20258e+06	 8.20258e+06	 2.35097e+06	   665534	   665534	 
 0.00895	   171048	 7.66858e+06	 7.66858e+06	 2.31844e+06	   648240	   648240	 
   0.009	   158732	 7.16788e+06	 7.16788e+06	 2.28531e+06	   631299	   631299	 
 0.00905	   147535	 6.70028e+06	 6.70028e+06	 2.25299e+06	   615409	   615409	 
  0.0091	   136548	 6.26069e+06	 6.26069e+06	 2.2191e+06	   599332	   599332	 
 0.00915	   126246	 5.84937e+06	 5.84937e+06	 2.18467e+06	   583669	   583669	 
  0.0092	   117094	 5.46566e+06	 5.46566e+06	 2.15122e+06	   569117	   569117	 
 0.00925	   108534	 5.10662e+06	 5.10662e+06	 2.11657e+06	   554759	   554759	 
  0.0093	   101399	 4.77373e+06	 4.77373e+06	 2.08409e+06	   541993	   541993	 
 0.00935	  94715.7	 4.4621e+06	 4.4621e+06	 2.05054e+06	   529339	   529339	 
  0.0094	  88349.8	 4.16992e+06	 4.16992e+06	 2.01647e+06	   516816	   516816	 
 0.00945	  82252.7	 3.89625e+06	 3.89625e+06	 1.98145e+06	   504292	   504292	 
  0.0095	  76343.3	 3.63949e+06	 3.63949e+06	 1.94542e+06	   491689	   491689	 
 0.00955	  70906.1	 3.39954e+06	 3.39954e+06	 1.90859e+06	   479275	   479275	 
  0.0096	  65827.5	 3.17514e+06	 3.17514e+06	 1.87185e+06	   467162	   467162	 
 0.00965	  60970.1	 2.96487e+06	 2.96487e+06	 1.83444e+06	   455070	   455070	 
  0.0097	  56299.8	 2.76776e+06	 2.76776e+06	 1.79637e+06	   442977	   442977	 
 0.00975	    52129	 2.58406e+06	 2.58406e+06	 1.75865e+06	   431351	   431351	 
  0.0098	    48173	 2.4121e+06	 2.4121e+06	 1.72039e+06	   419771	   419771	 
 0.00985	  44819.8	 2.25241e+06	 2.25241e+06	 1.68148e+06	   408519	   408519	 
  0.0099	  41896.6	 2.1038e+06	 2.1038e+06	 1.64419e+06	   397957	   397957	 
 0.00995	  39069.9	 1.9646e+06	 1.9646e+06	 1.60649e+06	   387382	   387382	 
    0.01	  36278.4	 1.83395e+06	 1.83395e+06	 1.56846e+06	   376760	   376760	 
 0.01005	  33735.3	 1.71201e+06	 1.71201e+06	 1.53047e+06	   366340	   366340	 
  0.0101	    31334	 1.59794e+06	 1.59794e+06	 1.4918e+06	   355879	   355879	 
 0.01015	  29020.5	 1.4911e+06	 1.4911e+06	 1.45302e+06	   345462	   345462	 
  0.0102	  26945.5	 1.39152e+06	 1.39152e+06	 1.41525e+06	   335454	   335454	 
 0.01025	  24902.3	 1.2981e+06	 1.2981e+06	 1.37765e+06	   325509	   325509	 
  0.0103	  22815.1	 1.21028e+06	 1.21028e+06	 1.34029e+06	   315583	   315583	 
 0.01035	    21086	 1.12886e+06	 1.12886e+06	 1.30267e+06	   305878	   305878	 
  0.0104	  19535.4	 1.05301e+06	 1.05301e+06	 1.26629e+06	   296588	   296588	 
 0.01045	  18210.3	   982546	   982546	 1.23056e+06	   287619	   287619	 
  0.0105	    16982	   916756	   916756	 1.1943e+06	   278605	   278605	 
 0.01055	  15716.2	   854959	   854959	 1.1594e+06	   269865	   269865	 
  0.0106	  14629.5	   797486	   797486	 1.12496e+06	   261367	   261367	 
 0.01065	  13443.6	   743312	   743312	 1.09033e+06	   252748	   252748	 
  0.0107	  12472.6	   693110	   693110	 1.05637e+06	   244448	   244448	 
 0.01075	  11582.9	   646268	   646268	 1.02355e+06	   236461	   236461	 
  0.0108	  10709.9	   602403	   602403	   990686	   228480	   228480	 
 0.01085	  9767.53	   561067	   561067	   958857	   220674	   220674	 
  0.0109	  9045.56	   522950	   522950	   927802	   213211	   213211	 
 0.01095	  8332.59	   487249	   487249	   897328	   205885	   205885	 
   0.011	  7608.65	   453759	   453759	   867534	   198701	   198701	 
 0.01105	  7104.88	   423049	   423049	   838472	   191851	   191851	 
  0.0111	  6630.02	   394368	   394368	   809659	   185079	   185079	 
 0.01115	   6090.9	   367304	   367304	   781895	   178490	   178490	 
  0.0112	  5592.47	   342069	   342069	   754718	   172063	   172063	 
 0.01125	  5184.28	   318687	   318687	   728177	   165848	   165848	 
  0.0113	  4817.48	   296918	   296918	   702293	   159810	   159810	 
 0.01135	  4391.31	   276364	   276364	   677022	   153863	   153863	 
  0.0114	  4042.46	   257329	   257329	   652218	   148080	   148080	 
 0.01145	  3738.42	   239641	   239641	   628213	   142509	   142509	 
  0.0115	  3453.64	   223141	   223141	   604660	   137054	   137054	 
 0.01155	  3176.95	   207722	   207722	   581914	   131784	   131784	 
  0.0116	  2897.36	   193291	   193291	   559770	   126645	   126645	 
 0.01165	  2709.02	   180059	   180059	   538198	   121705	   121705	 
  0.0117	   2528.6	   167705	   167705	   517365	   116936	   116936	 
 0.01175	  2353.28	   156167	   156167	   497028	   112280	   112280	 
  0.0118	   2184.9	   145401	   145401	   477262	   107756	   107756	 
 0.01185	  2031.28	   135370	   135370	   458044	   103366	   103366	 
  0.0119	  1867.84	   125966	   125966	   439520	  99122.7	  99122.7	 
 0.01195	  1723.07	   117223	   117223	   421445	  94993.5	  94993.5	 
   0.012	  1560.85	   108992	   108992	   403815	  90949.7	  90949.7	 
 0.01205	  1443.74	   101428	   101428	   386943	  87109.3	  87109.3	 
  0.0121	  1316.19	  94325.6	  94325.6	   370615	  83381.6	  83381.6	 
 0.01215	  1192.01	  87693.3	  87693.3	   354762	  79762.2	  79762.2	 
  0.0122	  1114.76	    81636	    81636	   339384	  76284.8	  76284.8	 
 0.01225	  1041.48	  75988.1	  75988.1	   324570	  72935.9	  72935.9	 
  0.0123	  960.662	    70692	    70692	   310156	  69669.9	  69669.9	 
 0.01235	  879.356	  65740.1	  65740.1	   296404	  66550.8	  66550.8	 
  0.0124	  797.074	  61107.4	  61107.4	   283129	  63536.7	  63536.7	 
 0.01245	  740.529	  56856.3	  56856.3	   270325	  60647.6	  60647.6	 
  0.0125	  673.645	  52852.1	  52852.1	   257967	  57849.3	  57849.3	 
 0.01255	  583.971	  49041.8	  49041.8	   246043	  55129.9	  55129.9	 
  0.0126	  540.559	  45616.6	  45616.6	   234584	  52549.6	  52549.6	 
 0.01265	  497.336	  42418.7	  42418.7	   223546	  50063.2	  50063.2	 
  0.0127	  446.769	    39409	    39409	   212928	  47664.2	  47664.2	 
 0.01275	  404.775	  36625.8	  36625.8	   202732	  45365.8	  45365.8	 
  0.0128	  356.152	  34006.4	  34006.4	   192938	  43151.6	  43151.6	 
 0.01285	  303.474	  31545.4	  31545.4	   183527	  41019.3	  41019.3	 
  0.0129	  282.872	  29341.7	  29341.7	   174499	  38997.1	  38997.1	 
 0.01295	  262.967	  27288.5	  27288.5	   165681	  37022.2	  37022.2	 
   0.013	  244.663	  25378.6	  25378.6	   157394	  35166.4	  35166.4	 
 0.01305	   226.34	    23597	    23597	   149457	  33388.4	  33388.4	 
  0.0131	  207.995	  21935.3	  21935.3	   141856	  31685.1	  31685.1	 
 0.01315	  191.724	  20391.5	  20391.5	   134462	  30029.2	  30029.2	 
  0.0132	  176.905	  18956.3	  18956.3	   127521	  28475.3	  28475.3	 
 0.01325	   162.44	  17618.6	  17618.6	   120838	  26978.9	  26978.9	 
  0.0133	  150.468	  16379.1	  16379.1	   114450	  25550.1	  25550.1	 
 0.01335	  141.283	  15232.2	  15232.2	   108419	  24202.7	  24202.7	 
  0.0134	  132.489	  14164.8	  14164.8	   102663	  22916.8	  22916.8	 
 0.01345	  123.689	  13169.5	  13169.5	  97179.3	  21691.4	  21691.4	 
  0.0135	  86.9815	  12155.8	  12155.8	    91945	  20499.6	  20499.6	 
 0.01355	  81.0553	  11300.2	  11300.2	  86968.1	  19389.1	  19389.1	 
  0.0136	  75.1275	  10502.9	  10502.9	  82232.4	  18332.1	  18332.1	 
 0.01365	  69.1978	   9760.1	   9760.1	  77727.6	  17326.4	  17326.4	 
  0.0137	  41.0931	  8998.69	  8998.69	  73440.2	  16351.8	  16351.8	 
 0.01375	   37.584	  8361.32	  8361.32	  69370.9	  15444.8	  15444.8	 
  0.0138	  34.0747	  7767.85	  7767.85	  65505.5	  14583.1	  14583.1	 
 0.01385	  22.3415	  7189.06	  7189.06	  61831.1	  13757.5	  13757.5	 
  0.0139	  9.77241	  6645.48	  6645.48	  58326.6	  12968.9	  12968.9	 
 0.01395	  9.27383	   6175.8	   6175.8	  55028.3	  12235.6	  12235.6	 
   0.014	  8.77525	  5738.92	  5738.92	  51899.8	    11540	    11540	 
 0.01405	  8.27666	  5332.46	  5332.46	  48934.4	  10880.6	  10880.6	 
  0.0141	  7.77808	  4954.63	  4954.63	  46125.2	    10256	    10256	 
 0.01415	  7.27949	  4603.39	  4603.39	  43465.5	  9664.56	  9664.56	 
  0.0142	  6.78089	  4276.56	  4276.56	  40945.1	  9104.08	  9104.08	 
 0.01425	  6.28229	  3972.65	  3972.65	  38563.9	  8574.54	  8574.54	 
  0.0143	  5.78369	  3690.22	  3690.22	  36308.4	  8072.93	  8072.93	 
 0.01435	  5.28508	  3427.44	  3427.44	  34178.5	  7599.25	  7599.25	 
  0.0144	  4.78646	  3183.05	  3183.05	  32164.2	  7151.23	  7151.23	 
 0.01445	  3.46663	  2953.19	  2953.19	  30260.2	  6727.11	  6727.11	 
  0.0145	 0.115327	  2732.82	  2732.82	  28461.3	  6324.76	  6324.76	 
 0.01455	   0.1091	     2538	     2538	  26763.4	  5947.43	  5947.43	 
  0.0146	 0.102872	  2356.96	  2356.96	  25160.5	  5591.24	  5591.24	 
 0.01465	 0.0966436	  2188.76	  2188.76	    23648	  5255.12	  5255.12	 
  0.0147	 0.0904156	  2032.47	  2032.47	  22220.7	  4937.95	  4937.95	 
 0.01475	 0.0841875	  1887.25	  1887.25	  20874.6	  4638.82	  4638.82	 
  0.0148	 0.0779593	  1752.34	  1752.34	  19605.7	  4356.83	  4356.83	 
 0.01485	 0.0717311	  1626.96	  1626.96	    18409	  4090.91	  4090.91	 
  0.0149	 0.0655027	  1510.52	  1510.52	  17281.7	  3840.38	  3840.38	 
 0.01495	 0.0592743	  1402.36	  1402.36	  16219.6	  3604.35	  3604.35	 
   0.015	 0.0530458	  1301.89	  1301.89	  15219.3	  3382.06	  3382.06	 
 0.01505	 6.26562e-34	   1208.4	   1208.4	  14277.4	  3172.71	  3172.71	 
  0.0151	 6.26562e-34	  1121.73	  1121.73	  13390.8	  2975.71	  2975.71	 
 0.01515	 6.26562e-34	  1041.25	  1041.25	  12556.3	  2790.26	  2790.26	 
  0.0152	 6.26562e-34	  966.475	  966.475	  11771.3	  2615.82	  2615.82	 
 0.01525	 6.26562e-34	  897.059	  897.059	  11033.2	  2451.81	  2451.81	 
  0.0153	 6.26562e-34	  832.592	  832.592	    10339	  2297.52	  2297.52	 
 0.01535	 6.26562e-34	  772.729	  772.729	  9686.48	  2152.53	  2152.53	 
  0.0154	 6.26562e-34	  717.136	  717.136	  9073.06	  2016.21	  2016.21	 
 0.01545	 6.26562e-34	  665.513	  665.513	  8496.99	   1888.2	   1888.2	 
  0.0155	 6.26562e-34	  617.611	  617.611	  7955.91	  1767.96	  1767.96	 
 0.01555	 6.26562e-34	  573.112	  573.112	  7447.78	  1655.04	  1655.04	 
  0.0156	 6.26562e-34	  531.804	  531.804	  6970.54	  1548.99	  1548.99	 
 0.01565	 6.26562e-34	  493.455	  493.455	  6522.87	  1449.51	  1449.51	 
  0.0157	 6.26562e-34	  457.855	  457.855	  6102.71	  1356.14	  1356.14	 
 0.01575	 6.26562e-34	  424.812	  424.812	   5708.7	  1268.59	  1268.59	 
  0.0158	 6.26562e-34	  394.124	  394.124	  5339.15	  1186.46	  1186.46	 
 0.01585	 6.26562e-34	   365.65	   365.65	  4992.69	  1109.48	  1109.48	 
  0.0159	 6.26562e-34	  339.223	  339.223	  4667.64	  1037.24	  1037.24	 
 0.01595	 6.26562e-34	  314.699	  314.699	   4363.3	  969.611	  969.611	 
   0.016	 6.26562e-34	  291.934	  291.934	  4078.32	  906.284	  906.284	 
 0.01605	 6.26562e-34	  270.808	  270.808	  3811.01	  846.881	  846.881	 
  0.0161	 6.26562e-34	  251.201	  251.201	  3560.68	  791.253	  791.253	 
 0.01615	 6.26562e-34	  233.006	  233.006	  3326.48	   739.21	   739.21	 
  0.0162	 6.26562e-34	  216.119	  216.119	   3107.2	   690.48	   690.48	 
 0.01625	 6.26562e-34	  200.451	  200.451	   2901.9	   644.86	   644.86	 
  0.0163	 6.26562e-34	  185.914	  185.914	  2709.82	  602.177	  602.177	 
 0.01635	 6.26562e-34	  172.424	  172.424	  2530.14	  562.248	  562.248	 
  0.0164	 6.26562e-34	  159.908	  159.908	  2362.04	  524.893	  524.893	 
 0.01645	 6.26562e-34	  148.298	  148.298	  2204.82	  489.953	  489.953	 
  0.0165	 6.26562e-34	  137.521	  137.521	  2057.84	  457.293	  457.293	 
 0.01655	 6.26562e-34	   127.53	   127.53	  1920.42	  426.754	  426.754	 
  0.0166	 6.26562e-34	  118.257	  118.257	  1791.96	  398.208	  398.208	 
 0.01665	 6.26562e-34	  109.656	  109.656	  1671.89	  371.526	  371.526	 
  0.0167	 6.26562e-34	  101.676	  101.676	  1559.69	  346.595	  346.595	 
 0.01675	 6.26562e-34	  94.2754	  94.2754	  1454.88	  323.302	  323.302	 
  0.0168	 6.26562e-34	  87.4094	  87.4094	  1356.95	  301.541	  301.541	 
 0.01685	 6.26562e-34	  81.0421	  81.0421	  1265.51	  281.222	  281.222	 
  0.0169	 6.26562e-34	  75.1345	  75.1345	  1180.09	  262.239	  262.239	 
 0.01695	 6.26562e-34	  69.6579	  69.6579	  1100.34	  244.516	  244.516	 
   0.017	 6.26562e-34	  64.5776	  64.5776	  1025.88	  227.971	  227.971	 
 0.01705	 6.26562e-34	  59.8659	  59.8659	  956.387	  212.528	  212.528	 
  0.0171	 6.26562e-34	  55.4959	  55.4959	  891.477	  198.104	  198.104	 
 0.01715	 6.26562e-34	  51.4441	  51.4441	  830.915	  184.646	  184.646	 
  0.0172	 6.26562e-34	  47.6869	  47.6869	   774.43	  172.094	  172.094	 
 0.01725	 6.26562e-34	  44.2013	  44.2013	   721.68	  160.372	  160.372	 
  0.0173	 6.26562e-34	  40.9703	  40.9703	  672.497	  149.442	  149.442	 
 0.01735	 6.26562e-34	  37.9736	  37.9736	  626.609	  139.245	  139.245	 
  0.0174	 6.26562e-34	  35.1974	  35.1974	  583.777	  129.727	  129.727	 
 0.01745	 6.26562e-34	  32.6209	  32.6209	  543.867	  120.858	  120.858	 
  0.0175	 6.26562e-34	  30.2328	  30.2328	   506.64	  112.585	  112.585	 
 0.01755	 6.26562e-34	  28.0189	  28.0189	  471.893	  104.864	  104.864	 
  0.0176	 6.26562e-34	  25.9661	  25.9661	  439.523	  97.6706	  97.6706	 
 0.01765	 6.26562e-34	  24.0635	  24.0635	  409.361	   90.968	   90.968	 
  0.0177	 6.26562e-34	  22.2992	  22.2992	  381.203	  84.7108	  84.7108	 
 0.01775	 6.26562e-34	   20.664	   20.664	  354.981	  78.8838	  78.8838	 
  0.0178	 6.26562e-34	  19.1482	  19.1482	  330.529	    73.45	    73.45	 
 0.01785	 6.26562e-34	  17.7428	  17.7428	  307.741	  68.3861	  68.3861	 
  0.0179	 6.26562e-34	  16.4402	  16.4402	  286.505	  63.6671	  63.6671	 
 0.01795	 6.26562e-34	  15.2331	  15.2331	  266.716	  59.2696	  59.2696	 
   0.018	 6.26562e-34	   14.114	   14.114	  248.279	  55.1726	  55.1726	 
 0.01805	 6.26562e-34	  13.0768	  13.0768	  231.099	  51.3548	  51.3548	 
  0.0181	 6.26562e-34	  12.1154	  12.1154	  215.098	   47.799	   47.799	 
 0.01815	 6.26562e-34	  11.2244	  11.2244	   200.19	  44.4862	  44.4862	 
  0.0182	 6.26562e-34	   10.399	   10.399	  186.301	  41.3998	  41.3998	 
 0.01825	 6.26562e-34	  9.63359	  9.63359	  173.367	  38.5256	  38.5256	 
  0.0183	 6.26562e-34	  8.92455	  8.92455	  161.323	   35.849	   35.849	 
 0.01835	 6.26562e-34	  8.26751	  8.26751	  150.103	   33.356	   33.356	 
  0.0184	 6.26562e-34	   7.6586	   7.6586	  139.655	  31.0342	  31.0342	 
 0.01845	 6.26562e-34	  7.09424	  7.09424	  129.931	  28.8732	  28.8732	 
  0.0185	 6.26562e-34	  6.57128	  6.57128	  120.872	  26.8602	  26.8602	 
 0.01855	 6.26562e-34	  6.08673	  6.08673	  112.442	  24.9868	  24.9868	 
  0.0186	 6.26562e-34	   5.6379	   5.6379	  104.589	  23.2417	  23.2417	 
 0.01865	 6.26562e-34	   5.2221	   5.2221	  97.2827	  21.6181	  21.6181	 
  0.0187	 6.26562e-34	  4.83652	  4.83652	  90.4792	  20.1063	  20.1063	 
 0.01875	 6.26562e-34	  4.47954	  4.47954	  84.1479	  18.6993	  18.6993	 
  0.0188	 6.26562e-34	  4.14869	  4.14869	  78.2582	  17.3905	  17.3905	 
 0.01885	 6.26562e-34	  3.84242	  3.84242	  72.7726	  16.1715	  16.1715	 
  0.0189	 6.26562e-34	  3.55835	  3.55835	  67.6709	  15.0378	  15.0378	 
 0.01895	 6.26562e-34	  3.29538	  3.29538	  62.9224	  13.9826	  13.9826	 
   0.019	 6.26562e-34	  3.05174	  3.05174	  58.5034	  13.0006	  13.0006	 
 0.01905	 6.26562e-34	  2.82603	  2.82603	  54.3901	  12.0866	  12.0866	 
  0.0191	 6.26562e-34	  2.61697	  2.61697	  50.5655	  11.2367	  11.2367	 
 0.01915	 6.26562e-34	   2.4233	   2.4233	  47.0058	  10.4456	  10.4456	 
  0.0192	 6.26562e-34	  2.24391	  2.24391	  43.6975	  9.71045	  9.71045	 
 0.01925	 6.26562e-34	  2.07776	  2.07776	  40.6168	  9.02585	  9.02585	 
  0.0193	 6.26562e-34	  1.92387	  1.92387	  37.7534	  8.38956	  8.38956	 
 0.01935	 6.26562e-34	  1.78132	  1.78132	  35.0905	   7.7978	   7.7978	 
  0.0194	 6.26562e-34	  1.64932	  1.64932	   32.612	  7.24702	  7.24702	 
 0.01945	 6.26562e-34	  1.52703	  1.52703	  30.3077	  6.73497	  6.73497	 
  0.0195	 6.26562e-34	   1.4138	   1.4138	  28.1651	  6.25885	  6.25885	 
 0.01955	 6.26562e-34	  1.30893	  1.30893	  26.1723	  5.81601	  5.81601	 
  0.0196	 6.26562e-34	  1.21181	  1.21181	  24.3198	  5.40434	  5.40434	 
 0.01965	 6.26562e-34	  1.12186	  1.12186	   22.597	  5.02151	  5.02151	 
  0.0197	 6.26562e-34	  1.03857	  1.03857	  20.9955	  4.66562	  4.66562	 
 0.01975	 6.26562e-34	 0.961446	 0.961446	  19.5065	  4.33472	  4.33472	 
  0.0198	 6.26562e-34	 0.890029	 0.890029	   18.122	  4.02706	  4.02706	 
 0.01985	 6.26562e-34	 0.823908	 0.823908	  16.8354	  3.74115	  3.74115	 
  0.0199	 6.26562e-34	 0.762661	 0.762661	  15.6391	  3.47531	  3.47531	 
 0.01995	 6.26562e-34	 0.705948	 0.705948	  14.5274	  3.22826	  3.22826	 
    0.02	 6.26562e-34	 0.653459	 0.653459	  13.4938	  2.99858	  2.99858	 
 0.02005	 6.26562e-34	 0.604841	 0.604841	  12.5332	  2.78512	  2.78512	 
  0.0201	 6.26562e-34	 0.559848	 0.559848	  11.6406	  2.58676	  2.58676	 
 0.02015	 6.26562e-34	 0.518187	 0.518187	  10.8111	  2.40244	  2.40244	 
  0.0202	 6.26562e-34	   0.4796	   0.4796	  10.0404	  2.23118	  2.23118	 
 0.02025	 6.26562e-34	   0.4439	   0.4439	  9.32407	  2.07199	  2.07199	 
  0.0203	 6.26562e-34	 0.410834	 0.410834	  8.65833	  1.92405	  1.92405	 
 0.02035	 6.26562e-34	 0.380207	 0.380207	  8.04014	  1.78668	  1.78668	 
  0.0204	 6.26562e-34	 0.351871	 0.351871	  7.46544	  1.65897	  1.65897	 
 0.02045	 6.26562e-34	 0.325645	 0.325645	  6.93148	  1.54031	  1.54031	 
  0.0205	 6.26562e-34	 0.301362	 0.301362	  6.43592	  1.43019	  1.43019	 
 0.02055	 6.26562e-34	 0.278886	 0.278886	    5.975	  1.32776	  1.32776	 
  0.0206	 6.26562e-34	 0.258082	 0.258082	  5.54702	  1.23266	  1.23266	 
 0.02065	 6.26562e-34	  0.23882	  0.23882	  5.14962	  1.14435	  1.14435	 
  0.0207	 6.26562e-34	 0.220996	 0.220996	  4.78041	   1.0623	   1.0623	 
 0.02075	 6.26562e-34	 0.204493	 0.204493	  4.43769	 0.986141	 0.986141	 
  0.0208	 6.26562e-34	 0.189223	 0.189223	  4.11908	 0.915341	 0.915341	 
 0.02085	 6.26562e-34	 0.175086	 0.175086	  3.82324	 0.849599	 0.849599	 
  0.0209	 6.26562e-34	 0.162006	 0.162006	  3.54845	 0.788536	 0.788536	 
 0.02095	 6.26562e-34	 0.149897	 0.149897	   3.2935	 0.731881	 0.731881	 
   0.021	 6.26562e-34	 0.138691	 0.138691	  3.05662	 0.679241	 0.679241	 
 0.02105	 6.26562e-34	  0.12832	  0.12832	  2.83669	 0.630368	 0.630368	 
  0.0211	 6.26562e-34	 0.118723	 0.118723	  2.63248	  0.58499	  0.58499	 
 0.02115	 6.26562e-34	 0.109838	 0.109838	  2.44285	 0.542849	 0.542849	 
  0.0212	 6.26562e-34	  0.10162	  0.10162	  2.26684	 0.503736	 0.503736	 
 0.02125	 6.26562e-34	 0.0940146	 0.0940146	  2.10339	 0.467415	 0.467415	 
  0.0213	 6.26562e-34	 0.0869757	 0.0869757	  1.95167	 0.433698	 0.433698	 
 0.02135	 6.26562e-34	 0.0804619	 0.0804619	  1.81081	 0.402397	 0.402397	 
  0.0214	 6.26562e-34	 0.0744337	 0.0744337	  1.68007	 0.373345	 0.373345	 
 0.02145	 6.26562e-34	 0.068857	 0.068857	  1.55871	 0.346376	 0.346376	 
  0.0215	 6.26562e-34	 0.0636984	 0.0636984	  1.44604	 0.321339	 0.321339	 
 0.02155	 6.26562e-34	 0.0589229	 0.0589229	   1.3415	 0.298107	 0.298107	 
  0.0216	 6.26562e-34	 0.0545059	 0.0545059	  1.24445	 0.276542	 0.276542	 
 0.02165	 6.26562e-34	 0.0504177	 0.0504177	  1.15441	 0.256533	 0.256533	 
  0.0217	 6.26562e-34	 0.0466355	 0.0466355	  1.07082	 0.237957	 0.237957	 
 0.02175	 6.26562e-34	 0.0431357	 0.0431357	  0.99324	 0.220718	 0.220718	 
  0.0218	 6.26562e-34	 0.0399005	 0.0399005	 0.921265	 0.204723	 0.204723	 
 0.02185	 6.26562e-34	 0.0369053	 0.0369053	 0.854454	 0.189877	 0.189877	 
  0.0219	 6.26562e-34	 0.034133	 0.034133	   0.7925	 0.176109	 0.176109	 
 0.02195	 6.26562e-34	  0.03157	  0.03157	 0.734961	 0.163323	 0.163323	 
   0.022	 6.26562e-34	 0.0291986	 0.0291986	 0.681634	 0.151473	 0.151473	 
 0.02205	 6.26562e-34	 0.0270048	 0.0270048	 0.632111	 0.140468	 0.140468	 
  0.0221	 6.26562e-34	 0.0249753	 0.0249753	 0.586189	 0.130263	 0.130263	 
 0.02215	 6.26562e-34	 0.0230982	 0.0230982	 0.543561	  0.12079	  0.12079	 
  0.0222	 6.26562e-34	 0.0213614	 0.0213614	 0.504025	 0.112004	 0.112004	 
 0.02225	 6.26562e-34	 0.0197551	 0.0197551	 0.467375	  0.10386	  0.10386	 
  0.0223	 6.26562e-34	 0.018269	 0.018269	 0.433341	 0.0962969	 0.0962969	 
 0.02235	 6.26562e-34	 0.0168946	 0.0168946	 0.401786	 0.0892849	 0.0892849	 
  0.0224	 6.26562e-34	 0.0156231	 0.0156231	 0.372507	 0.0827785	 0.0827785	 
 0.02245	 6.26562e-34	 0.0144473	 0.0144473	 0.345368	 0.0767477	 0.0767477	 
  0.0225	 6.26562e-34	 0.0133596	 0.0133596	 0.320186	 0.0711516	 0.0711516	 
 0.02255	 6.26562e-34	 0.0123536	 0.0123536	 0.296831	 0.0659616	 0.0659616	 
  0.0226	 6.26562e-34	 0.0114234	 0.0114234	  0.27517	 0.0611483	 0.0611483	 
 0.02265	 6.26562e-34	 0.0105628	 0.0105628	 0.255086	 0.0566852	 0.0566852	 
  0.0227	 6.26562e-34	 0.0097668	 0.0097668	 0.236456	 0.0525451	 0.0525451	 
 0.02275	 6.26562e-34	 0.00903067	 0.00903067	 0.219181	 0.0487063	 0.0487063	 
  0.0228	 6.26562e-34	 0.00834986	 0.00834986	 0.203162	 0.0451466	 0.0451466	 
 0.02285	 6.26562e-34	 0.00772037	 0.00772037	 0.188305	 0.0418452	 0.0418452	 
  0.0229	 6.26562e-34	 0.00713803	 0.00713803	 0.174532	 0.0387845	 0.0387845	 
 0.02295	 6.26562e-34	 0.00659967	 0.00659967	 0.161761	 0.0359464	 0.0359464	 
   0.023	 6.26562e-34	 0.00610179	 0.00610179	  0.14992	 0.0333152	 0.0333152	 
 0.02305	 6.26562e-34	 0.00564136	 0.00564136	 0.138942	 0.0308757	 0.0308757	 
  0.0231	 6.26562e-34	 0.00521543	 0.00521543	 0.128763	 0.0286136	 0.0286136	 
 0.02315	 6.26562e-34	 0.00482185	 0.00482185	 0.119327	 0.0265167	 0.0265167	 
  0.0232	 6.26562e-34	 0.00445784	 0.00445784	 0.110577	 0.0245724	 0.0245724	 
 0.02325	 6.26562e-34	 0.00412102	 0.00412102	 0.102469	 0.0227707	 0.0227707	 
  0.0233	 6.26562e-34	 0.0038097	 0.0038097	 0.0949492	 0.0210996	 0.0210996	 
 0.02335	 6.26562e-34	 0.00352185	 0.00352185	 0.0879827	 0.0195515	 0.0195515	 
  0.0234	 6.26562e-34	 0.00325574	 0.00325574	 0.0815223	 0.0181159	 0.0181159	 
 0.02345	 6.26562e-34	 0.00300964	 0.00300964	 0.0755341	 0.0167852	 0.0167852	 
  0.0235	 6.26562e-34	 0.00278212	 0.00278212	 0.069984	 0.0155518	 0.0155518	 
 0.02355	 6.26562e-34	 0.00257176	 0.00257176	 0.0648415	 0.0144091	 0.0144091	 
  0.0236	 6.26562e-34	 0.00237726	 0.00237726	 0.0600726	 0.0133493	 0.0133493	 
 0.02365	 6.26562e-34	 0.00219744	 0.00219744	 0.0556536	 0.0123673	 0.0123673	 
  0.0237	 6.26562e-34	 0.00203117	 0.00203117	 0.0515573	 0.0114571	 0.0114571	 
 0.02375	 6.26562e-34	 0.00187746	 0.00187746	 0.0477633	 0.0106139	 0.0106139	 
  0.0238	 6.26562e-34	 0.00173538	 0.00173538	 0.0442444	 0.00983198	 0.00983198	 
 0.02385	 6.26562e-34	 0.00160399	 0.00160399	 0.040987	 0.00910813	 0.00910813	 
  0.0239	 6.26562e-34	 0.00148254	 0.00148254	 0.0379674	 0.00843711	 0.00843711	 
 0.02395	 6.26562e-34	 0.00137026	 0.00137026	 0.0351686	 0.00781516	 0.00781516	 
   0.024	 6.26562e-34	 0.00126647	 0.00126647	 0.0325753	 0.00723887	 0.00723887	 
 0.02405	 6.26562e-34	 0.0011705	 0.0011705	 0.0301725	 0.00670493	 0.00670493	 
  0.0241	 6.26562e-34	 0.00108182	 0.00108182	 0.027946	 0.00621016	 0.00621016	 
 0.02415	 6.26562e-34	 0.000999813	 0.000999813	 0.0258833	 0.00575177	 0.00575177	 
  0.0242	 6.26562e-34	 0.000924026	 0.000924026	 0.0239723	 0.00532713	 0.00532713	 
 0.02425	 6.26562e-34	 0.000853963	 0.000853963	 0.0222017	 0.00493365	 0.00493365	 
  0.0243	 6.26562e-34	 0.000789219	 0.000789219	 0.0205615	 0.00456916	 0.00456916	 
 0.02435	 6.26562e-34	 0.000729343	 0.000729343	 0.0190415	 0.00423139	 0.00423139	 
  0.0244	 6.26562e-34	 0.000674023	 0.000674023	 0.0176339	 0.0039186	 0.0039186	 
 0.02445	 6.26562e-34	 0.000622873	 0.000622873	 0.0163296	 0.00362876	 0.00362876	 
  0.0245	 6.26562e-34	 0.000575616	 0.000575616	 0.0151218	 0.00336035	 0.00336035	 
 0.02455	 6.26562e-34	 0.000531907	 0.000531907	 0.0140026	 0.00311165	 0.00311165	 
  0.0246	 6.26562e-34	 0.000491529	 0.000491529	 0.0129659	 0.00288128	 0.00288128	 
 0.02465	 6.26562e-34	 0.00045422	 0.00045422	 0.0120057	 0.0026679	 0.0026679	 
  0.0247	 6.26562e-34	 0.000419727	 0.000419727	 0.0111165	 0.0024703	 0.0024703	 
 0.02475	 6.26562e-34	 0.000387841	 0.000387841	 0.0102928	 0.00228726	 0.00228726	 
  0.0248	 6.26562e-34	 0.000358372	 0.000358372	 0.0095299	 0.00211773	 0.00211773	 
 0.02485	 6.26562e-34	 0.000331145	 0.000331145	 0.0088234	 0.00196073	 0.00196073	 
  0.0249	 6.26562e-34	 0.000305974	 0.000305974	 0.00816887	 0.00181528	 0.00181528	 
 0.02495	 6.26562e-34	 0.000282718	 0.000282718	 0.00756292	 0.00168063	 0.00168063	 
   0.025	 6.26562e-34	 0.000261226	 0.000261226	 0.00700146	 0.00155586	 0.00155586	 
       0	        0	        0	        0	        0	        0	        0	 
