       0	        0	        0	        0	        0	        0	        0	 
   5e-05	   526149	   591398	   591398	  4209.36	  92450.5	  92450.5	 
  0.0001	 7.85965e+06	 8.76283e+06	 8.76283e+06	   634942	 1.16063e+07	 1.16063e+07	 
 0.00015	 1.30475e+08	 1.44838e+08	 1.44838e+08	 1.55871e+07	 2.43631e+08	 2.43631e+08	 
  0.0002	 1.60954e+09	 1.78123e+09	 1.78123e+09	 2.36112e+08	 2.88853e+09	 2.88853e+09	 
 0.00025	 4.89595e+09	 5.40117e+09	 5.40117e+09	 8.54612e+08	 9.13099e+09	 9.13099e+09	 
  0.0003	 9.22712e+09	 1.01597e+10	 1.01597e+10	 1.76689e+09	 1.74779e+10	 1.74779e+10	 
 0.00035	 1.61356e+10	 1.77461e+10	 1.77461e+10	 3.25261e+09	 3.01334e+10	 3.01334e+10	 
  0.0004	 2.55659e+10	 2.8089e+10	 2.8089e+10	 5.38341e+09	 4.6861e+10	 4.6861e+10	 
 0.00045	 3.65994e+10	 4.01662e+10	 4.01662e+10	 8.06757e+09	 6.59196e+10	 6.59196e+10	 
  0.0005	 4.75496e+10	 5.21165e+10	 5.21165e+10	 1.10182e+10	 8.43917e+10	 8.43917e+10	 
 0.00055	 5.78157e+10	 6.3287e+10	 6.3287e+10	 1.40494e+10	 1.01036e+11	 1.01036e+11	 
  0.0006	 6.64657e+10	 7.2657e+10	 7.2657e+10	 1.69411e+10	 1.14394e+11	 1.14394e+11	 
 0.00065	 7.34989e+10	 8.02428e+10	 8.02428e+10	 1.95527e+10	 1.2449e+11	 1.2449e+11	 
  0.0007	 7.86419e+10	 8.57575e+10	 8.57575e+10	 2.17231e+10	 1.3094e+11	 1.3094e+11	 
 0.00075	 8.18214e+10	 8.91243e+10	 8.91243e+10	 2.34037e+10	 1.3393e+11	 1.3393e+11	 
  0.0008	 8.31174e+10	 9.04367e+10	 9.04367e+10	 2.4569e+10	 1.33782e+11	 1.33782e+11	 
 0.00085	 8.33478e+10	 9.06051e+10	 9.06051e+10	 2.52947e+10	 1.31733e+11	 1.31733e+11	 
  0.0009	 8.22934e+10	 8.93803e+10	 8.93803e+10	 2.5604e+10	 1.27778e+11	 1.27778e+11	 
 0.00095	 8.03315e+10	 8.71795e+10	 8.71795e+10	 2.55531e+10	 1.22401e+11	 1.22401e+11	 
   0.001	 7.77138e+10	 8.42734e+10	 8.42734e+10	 2.52425e+10	 1.16128e+11	 1.16128e+11	 
 0.00105	 7.47019e+10	 8.09513e+10	 8.09513e+10	 2.47115e+10	 1.09389e+11	 1.09389e+11	 
  0.0011	 7.13323e+10	 7.72516e+10	 7.72516e+10	 2.39827e+10	 1.02376e+11	 1.02376e+11	 
 0.00115	 6.77417e+10	 7.33187e+10	 7.33187e+10	 2.31299e+10	 9.52426e+10	 9.52426e+10	 
  0.0012	 6.41416e+10	 6.93856e+10	 6.93856e+10	 2.2194e+10	 8.8284e+10	 8.8284e+10	 
 0.00125	 6.06468e+10	 6.55768e+10	 6.55768e+10	 2.12106e+10	 8.16947e+10	 8.16947e+10	 
  0.0013	 5.71589e+10	 6.17828e+10	 6.17828e+10	 2.01714e+10	 7.53582e+10	 7.53582e+10	 
 0.00135	 5.37427e+10	 5.80723e+10	 5.80723e+10	 1.91092e+10	 6.93683e+10	 6.93683e+10	 
  0.0014	 5.04088e+10	 5.44542e+10	 5.44542e+10	 1.8049e+10	 6.37092e+10	 6.37092e+10	 
 0.00145	 4.71188e+10	 5.08865e+10	 5.08865e+10	 1.69809e+10	 5.83483e+10	 5.83483e+10	 
  0.0015	 4.39633e+10	 4.74671e+10	 4.74671e+10	 1.59354e+10	 5.33899e+10	 5.33899e+10	 
 0.00155	 4.09088e+10	 4.41599e+10	 4.41599e+10	 1.49027e+10	 4.87561e+10	 4.87561e+10	 
  0.0016	 3.79425e+10	 4.095e+10	 4.095e+10	 1.38845e+10	 4.44115e+10	 4.44115e+10	 
 0.00165	 3.51252e+10	 3.79037e+10	 3.79037e+10	 1.2899e+10	 4.04314e+10	 4.04314e+10	 
  0.0017	 3.2441e+10	 3.50035e+10	 3.50035e+10	 1.19433e+10	 3.67415e+10	 3.67415e+10	 
 0.00175	 2.98399e+10	 3.21932e+10	 3.21932e+10	 1.10155e+10	 3.32987e+10	 3.32987e+10	 
  0.0018	 2.73878e+10	 2.95443e+10	 2.95443e+10	 1.01369e+10	 3.01327e+10	 3.01327e+10	 
 0.00185	 2.5113e+10	 2.70875e+10	 2.70875e+10	 9.31881e+09	 2.72638e+10	 2.72638e+10	 
  0.0019	 2.29751e+10	 2.47788e+10	 2.47788e+10	 8.5467e+09	 2.4621e+10	 2.4621e+10	 
 0.00195	 2.09448e+10	 2.25867e+10	 2.25867e+10	 7.81069e+09	 2.21802e+10	 2.21802e+10	 
   0.002	 1.90495e+10	 2.05406e+10	 2.05406e+10	 7.12176e+09	 1.99683e+10	 1.99683e+10	 
 0.00205	 1.72875e+10	 1.86387e+10	 1.86387e+10	 6.47916e+09	 1.79699e+10	 1.79699e+10	 
  0.0021	 1.56428e+10	 1.68635e+10	 1.68635e+10	 5.8779e+09	 1.61422e+10	 1.61422e+10	 
 0.00215	 1.41009e+10	 1.51996e+10	 1.51996e+10	 5.31246e+09	 1.44477e+10	 1.44477e+10	 
  0.0022	 1.26985e+10	 1.36864e+10	 1.36864e+10	 4.79599e+09	 1.29301e+10	 1.29301e+10	 
 0.00225	 1.14147e+10	 1.23016e+10	 1.23016e+10	 4.32074e+09	 1.15523e+10	 1.15523e+10	 
  0.0023	 1.02378e+10	 1.10321e+10	 1.10321e+10	 3.88398e+09	 1.03086e+10	 1.03086e+10	 
 0.00235	 9.16943e+09	 9.87988e+09	 9.87988e+09	 3.48644e+09	 9.19512e+09	 9.19512e+09	 
  0.0024	 8.20119e+09	 8.83575e+09	 8.83575e+09	 3.12517e+09	 8.1967e+09	 8.1967e+09	 
 0.00245	 7.31666e+09	 7.88205e+09	 7.88205e+09	 2.79406e+09	 7.29016e+09	 7.29016e+09	 
  0.0025	 6.50894e+09	 7.01123e+09	 7.01123e+09	 2.49097e+09	 6.46704e+09	 6.46704e+09	 
 0.00255	 5.77777e+09	 6.22304e+09	 6.22304e+09	 2.21596e+09	 5.72727e+09	 5.72727e+09	 
  0.0026	 5.12657e+09	 5.52112e+09	 5.52112e+09	 1.97044e+09	 5.07325e+09	 5.07325e+09	 
 0.00265	 4.562e+09	 4.91267e+09	 4.91267e+09	 1.75696e+09	 4.51015e+09	 4.51015e+09	 
  0.0027	 4.03139e+09	 4.34084e+09	 4.34084e+09	 1.55603e+09	 3.98281e+09	 3.98281e+09	 
 0.00275	 3.57103e+09	 3.84479e+09	 3.84479e+09	 1.38115e+09	 3.52674e+09	 3.52674e+09	 
  0.0028	 3.14218e+09	 3.38273e+09	 3.38273e+09	 1.2179e+09	 3.10263e+09	 3.10263e+09	 
 0.00285	 2.76504e+09	 2.97644e+09	 2.97644e+09	 1.074e+09	 2.73065e+09	 2.73065e+09	 
  0.0029	 2.44124e+09	 2.62764e+09	 2.62764e+09	 9.50125e+08	 2.41185e+09	 2.41185e+09	 
 0.00295	 2.14691e+09	 2.31062e+09	 2.31062e+09	 8.37338e+08	 2.12264e+09	 2.12264e+09	 
   0.003	 1.89455e+09	 2.03884e+09	 2.03884e+09	 7.40344e+08	 1.87468e+09	 1.87468e+09	 
 0.00305	 1.65996e+09	 1.78622e+09	 1.78622e+09	 6.50007e+08	 1.64435e+09	 1.64435e+09	 
  0.0031	 1.45018e+09	 1.56033e+09	 1.56033e+09	 5.69058e+08	 1.43831e+09	 1.43831e+09	 
 0.00315	 1.27059e+09	 1.36698e+09	 1.36698e+09	 4.99578e+08	 1.26172e+09	 1.26172e+09	 
  0.0032	 1.11229e+09	 1.19656e+09	 1.19656e+09	 4.38204e+08	 1.10598e+09	 1.10598e+09	 
 0.00325	 9.76608e+08	 1.05051e+09	 1.05051e+09	 3.85468e+08	 9.72285e+08	 9.72285e+08	 
  0.0033	 8.55961e+08	 9.20654e+08	 9.20654e+08	 3.38471e+08	 8.53318e+08	 8.53318e+08	 
 0.00335	 7.42847e+08	 7.98915e+08	 7.98915e+08	 2.94348e+08	 7.41791e+08	 7.41791e+08	 
  0.0034	 6.46933e+08	 6.957e+08	 6.957e+08	 2.56837e+08	 6.47108e+08	 6.47108e+08	 
 0.00345	 5.64811e+08	 6.07337e+08	 6.07337e+08	 2.24641e+08	 5.65876e+08	 5.65876e+08	 
  0.0035	 4.91305e+08	 5.2825e+08	 5.2825e+08	 1.95774e+08	 4.93118e+08	 4.93118e+08	 
 0.00355	 4.31166e+08	 4.63554e+08	 4.63554e+08	 1.72089e+08	 4.33388e+08	 4.33388e+08	 
  0.0036	 3.74414e+08	 4.02505e+08	 4.02505e+08	 1.4971e+08	 3.77034e+08	 3.77034e+08	 
 0.00365	 3.24091e+08	 3.48376e+08	 3.48376e+08	 1.2983e+08	 3.26999e+08	 3.26999e+08	 
  0.0037	 2.81934e+08	 3.03036e+08	 3.03036e+08	 1.13132e+08	 2.84978e+08	 2.84978e+08	 
 0.00375	 2.44137e+08	 2.62389e+08	 2.62389e+08	 9.81383e+07	 2.47277e+08	 2.47277e+08	 
  0.0038	 2.13005e+08	 2.28913e+08	 2.28913e+08	 8.57604e+07	 2.16095e+08	 2.16095e+08	 
 0.00385	 1.85721e+08	 1.99576e+08	 1.99576e+08	 7.48892e+07	 1.88729e+08	 1.88729e+08	 
  0.0039	 1.5988e+08	 1.71793e+08	 1.71793e+08	 6.45844e+07	 1.62804e+08	 1.62804e+08	 
 0.00395	 1.39047e+08	 1.49397e+08	 1.49397e+08	 5.62532e+07	 1.41864e+08	 1.41864e+08	 
   0.004	 1.20088e+08	 1.29017e+08	 1.29017e+08	 4.86624e+07	 1.22762e+08	 1.22762e+08	 
 0.00405	 1.03725e+08	 1.11429e+08	 1.11429e+08	 4.21004e+07	 1.06251e+08	 1.06251e+08	 
  0.0041	 9.05355e+07	 9.72535e+07	 9.72535e+07	 3.6797e+07	 9.28687e+07	 9.28687e+07	 
 0.00415	 7.81952e+07	 8.39913e+07	 8.39913e+07	 3.18306e+07	 8.03584e+07	 8.03584e+07	 
  0.0042	 6.76669e+07	 7.26776e+07	 7.26776e+07	 2.75852e+07	 6.96654e+07	 6.96654e+07	 
 0.00425	 5.83562e+07	 6.2673e+07	 6.2673e+07	 2.38252e+07	 6.01799e+07	 6.01799e+07	 
  0.0043	 5.00463e+07	 5.37443e+07	 5.37443e+07	 2.04652e+07	 5.17243e+07	 5.17243e+07	 
 0.00435	 4.3525e+07	 4.67383e+07	 4.67383e+07	 1.78216e+07	 4.50699e+07	 4.50699e+07	 
  0.0044	 3.77263e+07	 4.05089e+07	 4.05089e+07	 1.5468e+07	 3.91305e+07	 3.91305e+07	 
 0.00445	 3.25111e+07	 3.49067e+07	 3.49067e+07	 1.33484e+07	 3.37937e+07	 3.37937e+07	 
  0.0045	 2.81032e+07	 3.01721e+07	 3.01721e+07	 1.15537e+07	 2.92591e+07	 2.92591e+07	 
 0.00455	 2.40493e+07	 2.58179e+07	 2.58179e+07	 9.90167e+06	 2.50818e+07	 2.50818e+07	 
  0.0046	 2.07748e+07	 2.23012e+07	 2.23012e+07	 8.56462e+06	 2.16995e+07	 2.16995e+07	 
 0.00465	 1.79696e+07	 1.92888e+07	 1.92888e+07	 7.4174e+06	 1.87998e+07	 1.87998e+07	 
  0.0047	 1.55367e+07	 1.66763e+07	 1.66763e+07	 6.42099e+06	 1.62843e+07	 1.62843e+07	 
 0.00475	 1.33763e+07	 1.43566e+07	 1.43566e+07	 5.53513e+06	 1.404e+07	 1.404e+07	 
  0.0048	 1.14766e+07	 1.23168e+07	 1.23168e+07	 4.75513e+06	 1.20721e+07	 1.20721e+07	 
 0.00485	 9.83615e+06	 1.05556e+07	 1.05556e+07	 4.08077e+06	 1.03677e+07	 1.03677e+07	 
  0.0049	 8.49782e+06	 9.11892e+06	 9.11892e+06	 3.52959e+06	 8.96323e+06	 8.96323e+06	 
 0.00495	 7.33912e+06	 7.8751e+06	 7.8751e+06	 3.05176e+06	 7.75769e+06	 7.75769e+06	 
   0.005	 6.30941e+06	 6.7698e+06	 6.7698e+06	 2.62666e+06	 6.67052e+06	 6.67052e+06	 
 0.00505	 5.43661e+06	 5.833e+06	 5.833e+06	 2.26584e+06	 5.75716e+06	 5.75716e+06	 
  0.0051	 4.62454e+06	 4.96141e+06	 4.96141e+06	 1.92987e+06	 4.91042e+06	 4.91042e+06	 
 0.00515	 4.00022e+06	 4.29139e+06	 4.29139e+06	 1.67107e+06	 4.25191e+06	 4.25191e+06	 
  0.0052	 3.44426e+06	 3.69478e+06	 3.69478e+06	 1.44037e+06	 3.66272e+06	 3.66272e+06	 
 0.00525	 2.96621e+06	 3.1818e+06	 3.1818e+06	 1.24174e+06	 3.1601e+06	 3.1601e+06	 
  0.0053	 2.54155e+06	 2.72612e+06	 2.72612e+06	 1.06513e+06	 2.69563e+06	 2.69563e+06	 
 0.00535	 2.17568e+06	 2.33356e+06	 2.33356e+06	   912791	 2.31243e+06	 2.31243e+06	 
  0.0054	 1.86118e+06	 1.99613e+06	 1.99613e+06	   781694	 1.9838e+06	 1.9838e+06	 
 0.00545	 1.60879e+06	 1.72536e+06	 1.72536e+06	   676316	 1.70155e+06	 1.70155e+06	 
  0.0055	 1.38167e+06	 1.48171e+06	 1.48171e+06	   581403	 1.46572e+06	 1.46572e+06	 
 0.00555	 1.17486e+06	 1.25987e+06	 1.25987e+06	   494896	 1.25434e+06	 1.25434e+06	 
  0.0056	 1.00812e+06	 1.08101e+06	 1.08101e+06	   425072	 1.07341e+06	 1.07341e+06	 
 0.00565	   859221	   921296	   921296	   362669	   899481	   899481	 
  0.0057	   735883	   789014	   789014	   310879	   778029	   778029	 
 0.00575	   633565	   679280	   679280	   267890	   671215	   671215	 
  0.0058	   541951	   581028	   581028	   229367	   560306	   560306	 
 0.00585	   460910	   494121	   494121	   195253	   479320	   479320	 
  0.0059	   385603	   413368	   413368	   163507	   408560	   408560	 
 0.00595	   332562	   356493	   356493	   141133	   346655	   346655	 
   0.006	   287308	   307970	   307970	   122024	   273354	   273354	 
 0.00605	   238932	   256105	   256105	   101562	   232736	   232736	 
  0.0061	   203231	   217828	   217828	  86465.7	   198156	   198156	 
 0.00615	   173661	   186127	   186127	  73949.4	   170148	   170148	 
  0.0062	   146247	   156738	   156738	  62324.5	   114916	   114916	 
 0.00625	   113081	   121190	   121190	    48219	  96197.2	  96197.2	 
  0.0063	  97621.4	   104618	   104618	  41657.1	  83203.9	  83203.9	 
 0.00635	    83035	  88982.1	  88982.1	  35462.7	  71147.3	  71147.3	 
  0.0064	  70446.4	  75488.7	  75488.7	  30112.7	  57872.5	  57872.5	 
 0.00645	  44905.4	  48119.7	  48119.7	  19193.5	  39186.6	  39186.6	 
  0.0065	  38627.5	  41390.9	  41390.9	  16522.5	  29116.4	  29116.4	 
 0.00655	  33272.5	  35651.5	  35651.5	  14242.2	  17936.5	  17936.5	 
  0.0066	  28613.1	  30657.9	  30657.9	  12256.5	  15296.3	  15296.3	 
 0.00665	  24422.6	  26166.9	  26166.9	  10469.4	   9193.4	   9193.4	 
  0.0067	  19584.8	  20983.2	  20983.2	  8399.04	  4409.28	  4409.28	 
 0.00675	  13608.4	  14580.2	  14580.2	   5834.4	  2918.26	  2918.26	 
  0.0068	  9600.01	  10285.8	  10285.8	     4114	     2057	     2057	 
 0.00685	  5026.44	  5386.42	  5386.42	  2146.85	  1073.43	  1073.43	 
  0.0069	  4221.98	  4524.21	  4524.21	  1804.38	  902.192	  902.192	 
 0.00695	  1841.81	  1974.59	  1974.59	    779.7	   389.85	   389.85	 
   0.007	  129.696	  140.679	  140.679	  41.8406	  20.9203	  20.9203	 
 0.00705	  28.4515	  32.0083	  32.0083	 4.08956e-30	 4.08956e-30	 4.08956e-30	 
  0.0071	  24.5154	  27.5802	  27.5802	 4.08956e-30	 4.08956e-30	 4.08956e-30	 
 0.00715	  21.1197	    23.76	    23.76	 4.08956e-30	 4.08956e-30	 4.08956e-30	 
  0.0072	  18.1917	  20.4658	  20.4658	 4.08956e-30	 4.08956e-30	 4.08956e-30	 
 0.00725	  15.6669	  17.6255	  17.6255	 4.08956e-30	 4.08956e-30	 4.08956e-30	 
  0.0073	  13.4906	  15.1771	  15.1771	 4.08956e-30	 4.08956e-30	 4.08956e-30	 
 0.00735	  11.6155	  13.0676	  13.0676	 4.08956e-30	 4.08956e-30	 4.08956e-30	 
  0.0074	  9.99894	  11.2489	  11.2489	 4.08956e-30	 4.08956e-30	 4.08956e-30	 
 0.00745	  8.60614	  9.68202	  9.68202	 4.08956e-30	 4.08956e-30	 4.08956e-30	 
  0.0075	  7.40595	  8.33179	  8.33179	 4.08956e-30	 4.08956e-30	 4.08956e-30	 
 0.00755	  6.37246	   7.1691	   7.1691	 4.08956e-30	 4.08956e-30	 4.08956e-30	 
  0.0076	  5.48242	   6.1678	   6.1678	 4.08956e-30	 4.08956e-30	 4.08956e-30	 
 0.00765	  4.71596	  5.30551	  5.30551	 4.08956e-30	 4.08956e-30	 4.08956e-30	 
  0.0077	  4.05617	  4.56324	  4.56324	 4.08956e-30	 4.08956e-30	 4.08956e-30	 
 0.00775	  3.48813	  3.92419	  3.92419	 4.08956e-30	 4.08956e-30	 4.08956e-30	 
  0.0078	   2.9993	  3.37425	  3.37425	 4.08956e-30	 4.08956e-30	 4.08956e-30	 
 0.00785	  2.57859	  2.90095	  2.90095	 4.08956e-30	 4.08956e-30	 4.08956e-30	 
  0.0079	  2.21657	  2.49367	  2.49367	 4.08956e-30	 4.08956e-30	 4.08956e-30	 
 0.00795	  1.90518	  2.14335	  2.14335	 4.08956e-30	 4.08956e-30	 4.08956e-30	 
   0.008	   1.6373	  1.84199	  1.84199	 4.08956e-30	 4.08956e-30	 4.08956e-30	 
 0.00805	   1.4069	  1.58278	  1.58278	 4.08956e-30	 4.08956e-30	 4.08956e-30	 
  0.0081	  1.20878	  1.35989	  1.35989	 4.08956e-30	 4.08956e-30	 4.08956e-30	 
 0.00815	  1.03845	  1.16827	  1.16827	 4.08956e-30	 4.08956e-30	 4.08956e-30	 
  0.0082	 0.891969	  1.00348	  1.00348	 4.08956e-30	 4.08956e-30	 4.08956e-30	 
 0.00825	 0.766075	 0.861844	 0.861844	 4.08956e-30	 4.08956e-30	 4.08956e-30	 
  0.0083	 0.657871	 0.740113	 0.740113	 4.08956e-30	 4.08956e-30	 4.08956e-30	 
 0.00835	  0.56488	 0.635497	 0.635497	 4.08956e-30	 4.08956e-30	 4.08956e-30	 
  0.0084	 0.484982	 0.545611	 0.545611	 4.08956e-30	 4.08956e-30	 4.08956e-30	 
 0.00845	 0.416332	 0.468379	 0.468379	 4.08956e-30	 4.08956e-30	 4.08956e-30	 
  0.0085	 0.357361	 0.402035	 0.402035	 4.08956e-30	 4.08956e-30	 4.08956e-30	 
 0.00855	 0.306704	 0.345046	 0.345046	 4.08956e-30	 4.08956e-30	 4.08956e-30	 
  0.0086	 0.263201	 0.296104	 0.296104	 4.08956e-30	 4.08956e-30	 4.08956e-30	 
 0.00865	 0.225845	 0.254079	 0.254079	 4.08956e-30	 4.08956e-30	 4.08956e-30	 
  0.0087	  0.19377	 0.217993	 0.217993	 4.08956e-30	 4.08956e-30	 4.08956e-30	 
 0.00875	 0.166231	 0.187012	 0.187012	 4.08956e-30	 4.08956e-30	 4.08956e-30	 
  0.0088	 0.142594	  0.16042	  0.16042	 4.08956e-30	 4.08956e-30	 4.08956e-30	 
 0.00885	 0.122302	 0.137592	 0.137592	 4.08956e-30	 4.08956e-30	 4.08956e-30	 
  0.0089	 0.104882	 0.117994	 0.117994	 4.08956e-30	 4.08956e-30	 4.08956e-30	 
 0.00895	 0.0899402	 0.101184	 0.101184	 4.08956e-30	 4.08956e-30	 4.08956e-30	 
   0.009	 0.0771177	 0.0867584	 0.0867584	 4.08956e-30	 4.08956e-30	 4.08956e-30	 
 0.00905	 0.0661161	 0.0743815	 0.0743815	 4.08956e-30	 4.08956e-30	 4.08956e-30	 
  0.0091	 0.0566785	 0.063764	 0.063764	 4.08956e-30	 4.08956e-30	 4.08956e-30	 
 0.00915	 0.0485833	 0.0546569	 0.0546569	 4.08956e-30	 4.08956e-30	 4.08956e-30	 
  0.0092	 0.0416402	 0.0468458	 0.0468458	 4.08956e-30	 4.08956e-30	 4.08956e-30	 
 0.00925	 0.0356858	 0.0401469	 0.0401469	 4.08956e-30	 4.08956e-30	 4.08956e-30	 
  0.0093	 0.0305798	 0.0344027	 0.0344027	 4.08956e-30	 4.08956e-30	 4.08956e-30	 
 0.00935	 0.0262024	 0.0294781	 0.0294781	 4.08956e-30	 4.08956e-30	 4.08956e-30	 
  0.0094	 0.022449	 0.0252555	 0.0252555	 4.08956e-30	 4.08956e-30	 4.08956e-30	 
 0.00945	 0.0192322	 0.0216365	 0.0216365	 4.08956e-30	 4.08956e-30	 4.08956e-30	 
  0.0095	 0.0164744	 0.018534	 0.018534	 4.08956e-30	 4.08956e-30	 4.08956e-30	 
 0.00955	 0.0141108	 0.0158748	 0.0158748	 4.08956e-30	 4.08956e-30	 4.08956e-30	 
  0.0096	 0.0120847	 0.0135954	 0.0135954	 4.08956e-30	 4.08956e-30	 4.08956e-30	 
 0.00965	 0.0103489	 0.0116426	 0.0116426	 4.08956e-30	 4.08956e-30	 4.08956e-30	 
  0.0097	 0.0088624	 0.00997031	 0.00997031	 4.08956e-30	 4.08956e-30	 4.08956e-30	 
 0.00975	 0.00758789	 0.00853648	 0.00853648	 4.08956e-30	 4.08956e-30	 4.08956e-30	 
  0.0098	 0.00649641	 0.00730854	 0.00730854	 4.08956e-30	 4.08956e-30	 4.08956e-30	 
 0.00985	 0.00556139	 0.00625664	 0.00625664	 4.08956e-30	 4.08956e-30	 4.08956e-30	 
  0.0099	 0.00476063	 0.00535577	 0.00535577	 4.08956e-30	 4.08956e-30	 4.08956e-30	 
 0.00995	 0.00407475	 0.00458415	 0.00458415	 4.08956e-30	 4.08956e-30	 4.08956e-30	 
    0.01	 0.00348744	 0.00392341	 0.00392341	 4.08956e-30	 4.08956e-30	 4.08956e-30	 
 0.01005	 0.00298451	 0.00335761	 0.00335761	 4.08956e-30	 4.08956e-30	 4.08956e-30	 
  0.0101	 0.00255397	 0.00287325	 0.00287325	 4.08956e-30	 4.08956e-30	 4.08956e-30	 
 0.01015	 0.00218529	 0.00245848	 0.00245848	 4.08956e-30	 4.08956e-30	 4.08956e-30	 
  0.0102	 0.00186972	 0.00210346	 0.00210346	 4.08956e-30	 4.08956e-30	 4.08956e-30	 
 0.01025	 0.0015996	 0.00179957	 0.00179957	 4.08956e-30	 4.08956e-30	 4.08956e-30	 
  0.0103	 0.00136834	 0.0015394	 0.0015394	 4.08956e-30	 4.08956e-30	 4.08956e-30	 
 0.01035	 0.00117045	 0.00131677	 0.00131677	 4.08956e-30	 4.08956e-30	 4.08956e-30	 
  0.0104	 0.00100113	 0.00112629	 0.00112629	 4.08956e-30	 4.08956e-30	 4.08956e-30	 
 0.01045	 0.000856201	 0.000963237	 0.000963237	 4.08956e-30	 4.08956e-30	 4.08956e-30	 
  0.0105	 0.000732249	 0.00082379	 0.00082379	 4.08956e-30	 4.08956e-30	 4.08956e-30	 
 0.01055	 0.000626167	 0.000704446	 0.000704446	 4.08956e-30	 4.08956e-30	 4.08956e-30	 
  0.0106	 0.000535422	 0.000602356	 0.000602356	 4.08956e-30	 4.08956e-30	 4.08956e-30	 
 0.01065	 0.000457784	 0.000515012	 0.000515012	 4.08956e-30	 4.08956e-30	 4.08956e-30	 
  0.0107	 0.000391387	 0.000440315	 0.000440315	 4.08956e-30	 4.08956e-30	 4.08956e-30	 
 0.01075	 0.000334591	 0.000376419	 0.000376419	 4.08956e-30	 4.08956e-30	 4.08956e-30	 
  0.0108	 0.000286017	 0.000321773	 0.000321773	 4.08956e-30	 4.08956e-30	 4.08956e-30	 
 0.01085	 0.000244473	 0.000275035	 0.000275035	 4.08956e-30	 4.08956e-30	 4.08956e-30	 
  0.0109	 0.000208952	 0.000235074	 0.000235074	 4.08956e-30	 4.08956e-30	 4.08956e-30	 
 0.01095	 0.00017858	 0.000200904	 0.000200904	 4.08956e-30	 4.08956e-30	 4.08956e-30	 
   0.011	 0.000152613	 0.000171691	 0.000171691	 4.08956e-30	 4.08956e-30	 4.08956e-30	 
 0.01105	 0.000130416	 0.00014672	 0.00014672	 4.08956e-30	 4.08956e-30	 4.08956e-30	 
  0.0111	 0.000111432	 0.000125363	 0.000125363	 4.08956e-30	 4.08956e-30	 4.08956e-30	 
 0.01115	 9.52125e-05	 0.000107115	 0.000107115	 4.08956e-30	 4.08956e-30	 4.08956e-30	 
  0.0112	 8.13464e-05	 9.15157e-05	 9.15157e-05	 4.08956e-30	 4.08956e-30	 4.08956e-30	 
 0.01125	 6.9494e-05	 7.81816e-05	 7.81816e-05	 4.08956e-30	 4.08956e-30	 4.08956e-30	 
  0.0113	 5.93658e-05	 6.67873e-05	 6.67873e-05	 4.08956e-30	 4.08956e-30	 4.08956e-30	 
 0.01135	 5.07101e-05	 5.70495e-05	 5.70495e-05	 4.08956e-30	 4.08956e-30	 4.08956e-30	 
  0.0114	 4.33141e-05	 4.87289e-05	 4.87289e-05	 4.08956e-30	 4.08956e-30	 4.08956e-30	 
 0.01145	 3.69942e-05	 4.16189e-05	 4.16189e-05	 4.08956e-30	 4.08956e-30	 4.08956e-30	 
  0.0115	 3.1594e-05	 3.55437e-05	 3.55437e-05	 4.08956e-30	 4.08956e-30	 4.08956e-30	 
 0.01155	 2.69813e-05	 3.03543e-05	 3.03543e-05	 4.08956e-30	 4.08956e-30	 4.08956e-30	 
  0.0116	 2.30398e-05	 2.592e-05	 2.592e-05	 4.08956e-30	 4.08956e-30	 4.08956e-30	 
 0.01165	 1.96735e-05	 2.21329e-05	 2.21329e-05	 4.08956e-30	 4.08956e-30	 4.08956e-30	 
  0.0117	 1.67981e-05	 1.8898e-05	 1.8898e-05	 4.08956e-30	 4.08956e-30	 4.08956e-30	 
 0.01175	 1.43415e-05	 1.61344e-05	 1.61344e-05	 4.08956e-30	 4.08956e-30	 4.08956e-30	 
  0.0118	 1.22442e-05	 1.37748e-05	 1.37748e-05	 4.08956e-30	 4.08956e-30	 4.08956e-30	 
 0.01185	 1.04526e-05	 1.17593e-05	 1.17593e-05	 4.08956e-30	 4.08956e-30	 4.08956e-30	 
  0.0119	 8.92279e-06	 1.00383e-05	 1.00383e-05	 4.08956e-30	 4.08956e-30	 4.08956e-30	 
 0.01195	 7.61608e-06	 8.56818e-06	 8.56818e-06	 4.08956e-30	 4.08956e-30	 4.08956e-30	 
   0.012	 6.50059e-06	 7.31325e-06	 7.31325e-06	 4.08956e-30	 4.08956e-30	 4.08956e-30	 
 0.01205	 5.54816e-06	 6.24175e-06	 6.24175e-06	 4.08956e-30	 4.08956e-30	 4.08956e-30	 
  0.0121	 4.735e-06	 5.32694e-06	 5.32694e-06	 4.08956e-30	 4.08956e-30	 4.08956e-30	 
 0.01215	 4.04084e-06	 4.546e-06	 4.546e-06	 4.08956e-30	 4.08956e-30	 4.08956e-30	 
  0.0122	 3.44819e-06	 3.87925e-06	 3.87925e-06	 4.08956e-30	 4.08956e-30	 4.08956e-30	 
 0.01225	 2.94231e-06	 3.31014e-06	 3.31014e-06	 4.08956e-30	 4.08956e-30	 4.08956e-30	 
  0.0123	 2.51054e-06	 2.82439e-06	 2.82439e-06	 4.08956e-30	 4.08956e-30	 4.08956e-30	 
 0.01235	 2.14201e-06	 2.40979e-06	 2.40979e-06	 4.08956e-30	 4.08956e-30	 4.08956e-30	 
  0.0124	 1.82753e-06	 2.05599e-06	 2.05599e-06	 4.08956e-30	 4.08956e-30	 4.08956e-30	 
 0.01245	 1.55911e-06	 1.75402e-06	 1.75402e-06	 4.08956e-30	 4.08956e-30	 4.08956e-30	 
  0.0125	 1.33002e-06	 1.49629e-06	 1.49629e-06	 4.08956e-30	 4.08956e-30	 4.08956e-30	 
 0.01255	 1.13453e-06	 1.27636e-06	 1.27636e-06	 4.08956e-30	 4.08956e-30	 4.08956e-30	 
  0.0126	 9.67765e-07	 1.08875e-06	 1.08875e-06	 4.08956e-30	 4.08956e-30	 4.08956e-30	 
 0.01265	 8.25387e-07	 9.28571e-07	 9.28571e-07	 4.08956e-30	 4.08956e-30	 4.08956e-30	 
  0.0127	 7.03999e-07	 7.92007e-07	 7.92007e-07	 4.08956e-30	 4.08956e-30	 4.08956e-30	 
 0.01275	 6.00409e-07	 6.75468e-07	 6.75468e-07	 4.08956e-30	 4.08956e-30	 4.08956e-30	 
  0.0128	 5.1204e-07	 5.76052e-07	 5.76052e-07	 4.08956e-30	 4.08956e-30	 4.08956e-30	 
 0.01285	 4.36655e-07	 4.91243e-07	 4.91243e-07	 4.08956e-30	 4.08956e-30	 4.08956e-30	 
  0.0129	 3.72349e-07	 4.18898e-07	 4.18898e-07	 4.08956e-30	 4.08956e-30	 4.08956e-30	 
 0.01295	 3.17497e-07	 3.57188e-07	 3.57188e-07	 4.08956e-30	 4.08956e-30	 4.08956e-30	 
   0.013	 2.70711e-07	 3.04553e-07	 3.04553e-07	 4.08956e-30	 4.08956e-30	 4.08956e-30	 
 0.01305	 2.30808e-07	 2.59662e-07	 2.59662e-07	 4.08956e-30	 4.08956e-30	 4.08956e-30	 
  0.0131	 1.96781e-07	 2.21382e-07	 2.21382e-07	 4.08956e-30	 4.08956e-30	 4.08956e-30	 
 0.01315	 1.67764e-07	 1.88737e-07	 1.88737e-07	 4.08956e-30	 4.08956e-30	 4.08956e-30	 
  0.0132	 1.43012e-07	 1.60891e-07	 1.60891e-07	 4.08956e-30	 4.08956e-30	 4.08956e-30	 
 0.01325	 1.21915e-07	 1.37156e-07	 1.37156e-07	 4.08956e-30	 4.08956e-30	 4.08956e-30	 
  0.0133	 1.03922e-07	 1.16914e-07	 1.16914e-07	 4.08956e-30	 4.08956e-30	 4.08956e-30	 
 0.01335	 8.85776e-08	 9.96509e-08	 9.96509e-08	 4.08956e-30	 4.08956e-30	 4.08956e-30	 
  0.0134	 7.5498e-08	 8.49362e-08	 8.49362e-08	 4.08956e-30	 4.08956e-30	 4.08956e-30	 
 0.01345	 6.43471e-08	 7.23913e-08	 7.23913e-08	 4.08956e-30	 4.08956e-30	 4.08956e-30	 
  0.0135	 5.48397e-08	 6.16954e-08	 6.16954e-08	 4.08956e-30	 4.08956e-30	 4.08956e-30	 
 0.01355	 4.67361e-08	 5.25787e-08	 5.25787e-08	 4.08956e-30	 4.08956e-30	 4.08956e-30	 
  0.0136	 3.9827e-08	 4.48059e-08	 4.48059e-08	 4.08956e-30	 4.08956e-30	 4.08956e-30	 
 0.01365	 3.39384e-08	 3.81811e-08	 3.81811e-08	 4.08956e-30	 4.08956e-30	 4.08956e-30	 
  0.0137	 2.89191e-08	 3.25344e-08	 3.25344e-08	 4.08956e-30	 4.08956e-30	 4.08956e-30	 
 0.01375	 2.46416e-08	 2.77221e-08	 2.77221e-08	 4.08956e-30	 4.08956e-30	 4.08956e-30	 
  0.0138	 2.09951e-08	 2.36197e-08	 2.36197e-08	 4.08956e-30	 4.08956e-30	 4.08956e-30	 
 0.01385	 1.78882e-08	 2.01244e-08	 2.01244e-08	 4.08956e-30	 4.08956e-30	 4.08956e-30	 
  0.0139	 1.52404e-08	 1.71456e-08	 1.71456e-08	 4.08956e-30	 4.08956e-30	 4.08956e-30	 
 0.01395	 1.29835e-08	 1.46066e-08	 1.46066e-08	 4.08956e-30	 4.08956e-30	 4.08956e-30	 
   0.014	 1.10604e-08	 1.24431e-08	 1.24431e-08	 4.08956e-30	 4.08956e-30	 4.08956e-30	 
 0.01405	 9.42216e-09	 1.06e-08	 1.06e-08	 4.08956e-30	 4.08956e-30	 4.08956e-30	 
  0.0141	 8.02625e-09	 9.02964e-09	 9.02964e-09	 4.08956e-30	 4.08956e-30	 4.08956e-30	 
 0.01415	 6.83645e-09	 7.69109e-09	 7.69109e-09	 4.08956e-30	 4.08956e-30	 4.08956e-30	 
  0.0142	 5.823e-09	 6.55095e-09	 6.55095e-09	 4.08956e-30	 4.08956e-30	 4.08956e-30	 
 0.01425	 4.9596e-09	 5.57961e-09	 5.57961e-09	 4.08956e-30	 4.08956e-30	 4.08956e-30	 
  0.0143	 4.22402e-09	 4.75208e-09	 4.75208e-09	 4.08956e-30	 4.08956e-30	 4.08956e-30	 
 0.01435	 3.59737e-09	 4.04709e-09	 4.04709e-09	 4.08956e-30	 4.08956e-30	 4.08956e-30	 
  0.0144	 3.06363e-09	 3.44663e-09	 3.44663e-09	 4.08956e-30	 4.08956e-30	 4.08956e-30	 
 0.01445	 2.60894e-09	 2.93509e-09	 2.93509e-09	 4.08956e-30	 4.08956e-30	 4.08956e-30	 
  0.0145	 2.22168e-09	 2.49942e-09	 2.49942e-09	 4.08956e-30	 4.08956e-30	 4.08956e-30	 
 0.01455	 1.89186e-09	 2.12837e-09	 2.12837e-09	 4.08956e-30	 4.08956e-30	 4.08956e-30	 
  0.0146	 1.6109e-09	 1.81229e-09	 1.81229e-09	 4.08956e-30	 4.08956e-30	 4.08956e-30	 
 0.01465	 1.37159e-09	 1.54306e-09	 1.54306e-09	 4.08956e-30	 4.08956e-30	 4.08956e-30	 
  0.0147	 1.16782e-09	 1.31381e-09	 1.31381e-09	 4.08956e-30	 4.08956e-30	 4.08956e-30	 
 0.01475	 9.9432e-10	 1.11862e-09	 1.11862e-09	 4.08956e-30	 4.08956e-30	 4.08956e-30	 
  0.0148	 8.46523e-10	 9.52349e-10	 9.52349e-10	 4.08956e-30	 4.08956e-30	 4.08956e-30	 
 0.01485	 7.20667e-10	 8.1076e-10	 8.1076e-10	 4.08956e-30	 4.08956e-30	 4.08956e-30	 
  0.0149	 6.13508e-10	 6.90205e-10	 6.90205e-10	 4.08956e-30	 4.08956e-30	 4.08956e-30	 
 0.01495	 5.22268e-10	 5.87558e-10	 5.87558e-10	 4.08956e-30	 4.08956e-30	 4.08956e-30	 
   0.015	 4.44576e-10	 5.00153e-10	 5.00153e-10	 4.08956e-30	 4.08956e-30	 4.08956e-30	 
 0.01505	 3.78435e-10	 4.25744e-10	 4.25744e-10	 4.08956e-30	 4.08956e-30	 4.08956e-30	 
  0.0151	 3.22118e-10	 3.62387e-10	 3.62387e-10	 4.08956e-30	 4.08956e-30	 4.08956e-30	 
 0.01515	 2.74172e-10	 3.08447e-10	 3.08447e-10	 4.08956e-30	 4.08956e-30	 4.08956e-30	 
  0.0152	 2.33355e-10	 2.62528e-10	 2.62528e-10	 4.08956e-30	 4.08956e-30	 4.08956e-30	 
 0.01525	 1.98609e-10	 2.23437e-10	 2.23437e-10	 4.08956e-30	 4.08956e-30	 4.08956e-30	 
  0.0153	 1.69034e-10	 1.90165e-10	 1.90165e-10	 4.08956e-30	 4.08956e-30	 4.08956e-30	 
 0.01535	 1.43849e-10	 1.61831e-10	 1.61831e-10	 4.08956e-30	 4.08956e-30	 4.08956e-30	 
  0.0154	 1.22418e-10	 1.37722e-10	 1.37722e-10	 4.08956e-30	 4.08956e-30	 4.08956e-30	 
 0.01545	 1.04178e-10	 1.17201e-10	 1.17201e-10	 4.08956e-30	 4.08956e-30	 4.08956e-30	 
  0.0155	 8.86472e-11	 9.97293e-11	 9.97293e-11	 4.08956e-30	 4.08956e-30	 4.08956e-30	 
 0.01555	 7.54353e-11	 8.48657e-11	 8.48657e-11	 4.08956e-30	 4.08956e-30	 4.08956e-30	 
  0.0156	 6.41876e-11	 7.22118e-11	 7.22118e-11	 4.08956e-30	 4.08956e-30	 4.08956e-30	 
 0.01565	 5.4616e-11	 6.14437e-11	 6.14437e-11	 4.08956e-30	 4.08956e-30	 4.08956e-30	 
  0.0157	 4.64697e-11	 5.2279e-11	 5.2279e-11	 4.08956e-30	 4.08956e-30	 4.08956e-30	 
 0.01575	 3.95374e-11	 4.44801e-11	 4.44801e-11	 4.08956e-30	 4.08956e-30	 4.08956e-30	 
  0.0158	 3.3638e-11	 3.78431e-11	 3.78431e-11	 4.08956e-30	 4.08956e-30	 4.08956e-30	 
 0.01585	 2.8618e-11	 3.21956e-11	 3.21956e-11	 4.08956e-30	 4.08956e-30	 4.08956e-30	 
  0.0159	 2.43466e-11	 2.73903e-11	 2.73903e-11	 4.08956e-30	 4.08956e-30	 4.08956e-30	 
 0.01595	 2.07117e-11	 2.33009e-11	 2.33009e-11	 4.08956e-30	 4.08956e-30	 4.08956e-30	 
   0.016	 1.76195e-11	 1.98222e-11	 1.98222e-11	 4.08956e-30	 4.08956e-30	 4.08956e-30	 
 0.01605	 1.4988e-11	 1.68617e-11	 1.68617e-11	 4.08956e-30	 4.08956e-30	 4.08956e-30	 
  0.0161	 1.27489e-11	 1.43427e-11	 1.43427e-11	 4.08956e-30	 4.08956e-30	 4.08956e-30	 
 0.01615	 1.08444e-11	 1.22001e-11	 1.22001e-11	 4.08956e-30	 4.08956e-30	 4.08956e-30	 
  0.0162	 9.22396e-12	 1.03771e-11	 1.03771e-11	 4.08956e-30	 4.08956e-30	 4.08956e-30	 
 0.01625	 7.84586e-12	 8.82669e-12	 8.82669e-12	 4.08956e-30	 4.08956e-30	 4.08956e-30	 
  0.0163	 6.67301e-12	 7.50722e-12	 7.50722e-12	 4.08956e-30	 4.08956e-30	 4.08956e-30	 
 0.01635	 5.67544e-12	 6.38494e-12	 6.38494e-12	 4.08956e-30	 4.08956e-30	 4.08956e-30	 
  0.0164	 4.82682e-12	 5.43024e-12	 5.43024e-12	 4.08956e-30	 4.08956e-30	 4.08956e-30	 
 0.01645	 4.10503e-12	 4.61821e-12	 4.61821e-12	 4.08956e-30	 4.08956e-30	 4.08956e-30	 
  0.0165	 3.49107e-12	 3.9275e-12	 3.9275e-12	 4.08956e-30	 4.08956e-30	 4.08956e-30	 
 0.01655	 2.96879e-12	 3.33993e-12	 3.33993e-12	 4.08956e-30	 4.08956e-30	 4.08956e-30	 
  0.0166	 2.52463e-12	 2.84024e-12	 2.84024e-12	 4.08956e-30	 4.08956e-30	 4.08956e-30	 
 0.01665	 2.14681e-12	 2.41519e-12	 2.41519e-12	 4.08956e-30	 4.08956e-30	 4.08956e-30	 
  0.0167	 1.82551e-12	 2.05373e-12	 2.05373e-12	 4.08956e-30	 4.08956e-30	 4.08956e-30	 
 0.01675	 1.55229e-12	 1.74635e-12	 1.74635e-12	 4.08956e-30	 4.08956e-30	 4.08956e-30	 
  0.0168	 1.31988e-12	 1.48488e-12	 1.48488e-12	 4.08956e-30	 4.08956e-30	 4.08956e-30	 
 0.01685	 1.12222e-12	 1.26251e-12	 1.26251e-12	 4.08956e-30	 4.08956e-30	 4.08956e-30	 
  0.0169	 9.54138e-13	 1.07342e-12	 1.07342e-12	 4.08956e-30	 4.08956e-30	 4.08956e-30	 
 0.01695	 8.11219e-13	 9.12632e-13	 9.12632e-13	 4.08956e-30	 4.08956e-30	 4.08956e-30	 
   0.017	 6.89722e-13	 7.75946e-13	 7.75946e-13	 4.08956e-30	 4.08956e-30	 4.08956e-30	 
 0.01705	 5.8638e-13	 6.59685e-13	 6.59685e-13	 4.08956e-30	 4.08956e-30	 4.08956e-30	 
  0.0171	 4.98507e-13	 5.60827e-13	 5.60827e-13	 4.08956e-30	 4.08956e-30	 4.08956e-30	 
 0.01715	 4.23796e-13	 4.76776e-13	 4.76776e-13	 4.08956e-30	 4.08956e-30	 4.08956e-30	 
  0.0172	 3.60272e-13	 4.0531e-13	 4.0531e-13	 4.08956e-30	 4.08956e-30	 4.08956e-30	 
 0.01725	 3.06255e-13	 3.44541e-13	 3.44541e-13	 4.08956e-30	 4.08956e-30	 4.08956e-30	 
  0.0173	 2.60336e-13	 2.92882e-13	 2.92882e-13	 4.08956e-30	 4.08956e-30	 4.08956e-30	 
 0.01735	 2.21293e-13	 2.48957e-13	 2.48957e-13	 4.08956e-30	 4.08956e-30	 4.08956e-30	 
  0.0174	 1.88102e-13	 2.11618e-13	 2.11618e-13	 4.08956e-30	 4.08956e-30	 4.08956e-30	 
 0.01745	 1.5989e-13	 1.79879e-13	 1.79879e-13	 4.08956e-30	 4.08956e-30	 4.08956e-30	 
  0.0175	 1.35897e-13	 1.52886e-13	 1.52886e-13	 4.08956e-30	 4.08956e-30	 4.08956e-30	 
 0.01755	 1.15505e-13	 1.29944e-13	 1.29944e-13	 4.08956e-30	 4.08956e-30	 4.08956e-30	 
  0.0176	 9.817e-14	 1.10443e-13	 1.10443e-13	 4.08956e-30	 4.08956e-30	 4.08956e-30	 
 0.01765	 8.34368e-14	 9.38675e-14	 9.38675e-14	 4.08956e-30	 4.08956e-30	 4.08956e-30	 
  0.0177	 7.09124e-14	 7.97773e-14	 7.97773e-14	 4.08956e-30	 4.08956e-30	 4.08956e-30	 
 0.01775	 6.02662e-14	 6.78002e-14	 6.78002e-14	 4.08956e-30	 4.08956e-30	 4.08956e-30	 
  0.0178	 5.12164e-14	 5.76191e-14	 5.76191e-14	 4.08956e-30	 4.08956e-30	 4.08956e-30	 
 0.01785	 4.35246e-14	 4.89658e-14	 4.89658e-14	 4.08956e-30	 4.08956e-30	 4.08956e-30	 
  0.0179	 3.6988e-14	 4.16119e-14	 4.16119e-14	 4.08956e-30	 4.08956e-30	 4.08956e-30	 
 0.01795	 3.14314e-14	 3.53608e-14	 3.53608e-14	 4.08956e-30	 4.08956e-30	 4.08956e-30	 
   0.018	 2.67088e-14	 3.00477e-14	 3.00477e-14	 4.08956e-30	 4.08956e-30	 4.08956e-30	 
 0.01805	 2.2696e-14	 2.55333e-14	 2.55333e-14	 4.08956e-30	 4.08956e-30	 4.08956e-30	 
  0.0181	 1.92848e-14	 2.16957e-14	 2.16957e-14	 4.08956e-30	 4.08956e-30	 4.08956e-30	 
 0.01815	 1.63862e-14	 1.84347e-14	 1.84347e-14	 4.08956e-30	 4.08956e-30	 4.08956e-30	 
  0.0182	 1.39234e-14	 1.5664e-14	 1.5664e-14	 4.08956e-30	 4.08956e-30	 4.08956e-30	 
 0.01825	 1.183e-14	 1.33088e-14	 1.33088e-14	 4.08956e-30	 4.08956e-30	 4.08956e-30	 
  0.0183	 1.00516e-14	 1.13082e-14	 1.13082e-14	 4.08956e-30	 4.08956e-30	 4.08956e-30	 
 0.01835	 8.53955e-15	 9.60711e-15	 9.60711e-15	 4.08956e-30	 4.08956e-30	 4.08956e-30	 
  0.0184	 7.25537e-15	 8.16238e-15	 8.16238e-15	 4.08956e-30	 4.08956e-30	 4.08956e-30	 
 0.01845	 6.16404e-15	 6.93462e-15	 6.93462e-15	 4.08956e-30	 4.08956e-30	 4.08956e-30	 
  0.0185	 5.23677e-15	 5.89143e-15	 5.89143e-15	 4.08956e-30	 4.08956e-30	 4.08956e-30	 
 0.01855	 4.44885e-15	 5.00501e-15	 5.00501e-15	 4.08956e-30	 4.08956e-30	 4.08956e-30	 
  0.0186	 3.77939e-15	 4.25186e-15	 4.25186e-15	 4.08956e-30	 4.08956e-30	 4.08956e-30	 
 0.01865	 3.21058e-15	 3.61194e-15	 3.61194e-15	 4.08956e-30	 4.08956e-30	 4.08956e-30	 
  0.0187	 2.72739e-15	 3.06835e-15	 3.06835e-15	 4.08956e-30	 4.08956e-30	 4.08956e-30	 
 0.01875	 2.31683e-15	 2.60646e-15	 2.60646e-15	 4.08956e-30	 4.08956e-30	 4.08956e-30	 
  0.0188	 1.96805e-15	 2.21408e-15	 2.21408e-15	 4.08956e-30	 4.08956e-30	 4.08956e-30	 
 0.01885	 1.67168e-15	 1.88066e-15	 1.88066e-15	 4.08956e-30	 4.08956e-30	 4.08956e-30	 
  0.0189	 1.41998e-15	 1.5975e-15	 1.5975e-15	 4.08956e-30	 4.08956e-30	 4.08956e-30	 
 0.01895	 1.20607e-15	 1.35684e-15	 1.35684e-15	 4.08956e-30	 4.08956e-30	 4.08956e-30	 
   0.019	 1.02444e-15	 1.1525e-15	 1.1525e-15	 4.08956e-30	 4.08956e-30	 4.08956e-30	 
 0.01905	 8.70137e-16	 9.78915e-16	 9.78915e-16	 4.08956e-30	 4.08956e-30	 4.08956e-30	 
  0.0191	 7.39016e-16	 8.31402e-16	 8.31402e-16	 4.08956e-30	 4.08956e-30	 4.08956e-30	 
 0.01915	 6.27661e-16	 7.06127e-16	 7.06127e-16	 4.08956e-30	 4.08956e-30	 4.08956e-30	 
  0.0192	 5.33076e-16	 5.99717e-16	 5.99717e-16	 4.08956e-30	 4.08956e-30	 4.08956e-30	 
 0.01925	 4.52736e-16	 5.09334e-16	 5.09334e-16	 4.08956e-30	 4.08956e-30	 4.08956e-30	 
  0.0193	 3.84489e-16	 4.32555e-16	 4.32555e-16	 4.08956e-30	 4.08956e-30	 4.08956e-30	 
 0.01935	 3.26532e-16	 3.67352e-16	 3.67352e-16	 4.08956e-30	 4.08956e-30	 4.08956e-30	 
  0.0194	 2.77299e-16	 3.11965e-16	 3.11965e-16	 4.08956e-30	 4.08956e-30	 4.08956e-30	 
 0.01945	 2.35484e-16	 2.64923e-16	 2.64923e-16	 4.08956e-30	 4.08956e-30	 4.08956e-30	 
  0.0195	 1.99979e-16	 2.24979e-16	 2.24979e-16	 4.08956e-30	 4.08956e-30	 4.08956e-30	 
 0.01955	 1.69816e-16	 1.91045e-16	 1.91045e-16	 4.08956e-30	 4.08956e-30	 4.08956e-30	 
  0.0196	 1.44205e-16	 1.62232e-16	 1.62232e-16	 4.08956e-30	 4.08956e-30	 4.08956e-30	 
 0.01965	 1.22449e-16	 1.37757e-16	 1.37757e-16	 4.08956e-30	 4.08956e-30	 4.08956e-30	 
  0.0197	 1.03977e-16	 1.16975e-16	 1.16975e-16	 4.08956e-30	 4.08956e-30	 4.08956e-30	 
 0.01975	 8.82834e-17	 9.93199e-17	 9.93199e-17	 4.08956e-30	 4.08956e-30	 4.08956e-30	 
  0.0198	 7.49638e-17	 8.43352e-17	 8.43352e-17	 4.08956e-30	 4.08956e-30	 4.08956e-30	 
 0.01985	 6.36503e-17	 7.16074e-17	 7.16074e-17	 4.08956e-30	 4.08956e-30	 4.08956e-30	 
  0.0199	 5.40431e-17	 6.07992e-17	 6.07992e-17	 4.08956e-30	 4.08956e-30	 4.08956e-30	 
 0.01995	 4.58852e-17	 5.16214e-17	 5.16214e-17	 4.08956e-30	 4.08956e-30	 4.08956e-30	 
    0.02	 3.89576e-17	 4.38278e-17	 4.38278e-17	 4.08956e-30	 4.08956e-30	 4.08956e-30	 
 0.02005	 3.30759e-17	 3.72108e-17	 3.72108e-17	 4.08956e-30	 4.08956e-30	 4.08956e-30	 
  0.0201	 2.80814e-17	 3.1592e-17	 3.1592e-17	 4.08956e-30	 4.08956e-30	 4.08956e-30	 
 0.02015	 2.38403e-17	 2.68206e-17	 2.68206e-17	 4.08956e-30	 4.08956e-30	 4.08956e-30	 
  0.0202	 2.02402e-17	 2.27705e-17	 2.27705e-17	 4.08956e-30	 4.08956e-30	 4.08956e-30	 
 0.02025	 1.71829e-17	 1.93309e-17	 1.93309e-17	 4.08956e-30	 4.08956e-30	 4.08956e-30	 
  0.0203	 1.45869e-17	 1.64105e-17	 1.64105e-17	 4.08956e-30	 4.08956e-30	 4.08956e-30	 
 0.02035	 1.23835e-17	 1.39316e-17	 1.39316e-17	 4.08956e-30	 4.08956e-30	 4.08956e-30	 
  0.0204	 1.05122e-17	 1.18264e-17	 1.18264e-17	 4.08956e-30	 4.08956e-30	 4.08956e-30	 
 0.02045	 8.92356e-18	 1.00391e-17	 1.00391e-17	 4.08956e-30	 4.08956e-30	 4.08956e-30	 
  0.0205	 7.57504e-18	 8.52202e-18	 8.52202e-18	 4.08956e-30	 4.08956e-30	 4.08956e-30	 
 0.02055	 6.43014e-18	 7.23399e-18	 7.23399e-18	 4.08956e-30	 4.08956e-30	 4.08956e-30	 
  0.0206	 5.45811e-18	 6.14045e-18	 6.14045e-18	 4.08956e-30	 4.08956e-30	 4.08956e-30	 
 0.02065	 4.63304e-18	 5.21223e-18	 5.21223e-18	 4.08956e-30	 4.08956e-30	 4.08956e-30	 
  0.0207	 3.93253e-18	 4.42415e-18	 4.42415e-18	 4.08956e-30	 4.08956e-30	 4.08956e-30	 
 0.02075	 3.33794e-18	 3.75522e-18	 3.75522e-18	 4.08956e-30	 4.08956e-30	 4.08956e-30	 
  0.0208	 2.83323e-18	 3.18742e-18	 3.18742e-18	 4.08956e-30	 4.08956e-30	 4.08956e-30	 
 0.02085	 2.4047e-18	 2.70532e-18	 2.70532e-18	 4.08956e-30	 4.08956e-30	 4.08956e-30	 
  0.0209	 2.04098e-18	 2.29613e-18	 2.29613e-18	 4.08956e-30	 4.08956e-30	 4.08956e-30	 
 0.02095	 1.7323e-18	 1.94886e-18	 1.94886e-18	 4.08956e-30	 4.08956e-30	 4.08956e-30	 
   0.021	 1.47023e-18	 1.65403e-18	 1.65403e-18	 4.08956e-30	 4.08956e-30	 4.08956e-30	 
 0.02105	 1.2478e-18	 1.40379e-18	 1.40379e-18	 4.08956e-30	 4.08956e-30	 4.08956e-30	 
  0.0211	 1.05897e-18	 1.19135e-18	 1.19135e-18	 4.08956e-30	 4.08956e-30	 4.08956e-30	 
 0.02115	 8.98783e-19	 1.01114e-18	 1.01114e-18	 4.08956e-30	 4.08956e-30	 4.08956e-30	 
  0.0212	 7.6273e-19	 8.58081e-19	 8.58081e-19	 4.08956e-30	 4.08956e-30	 4.08956e-30	 
 0.02125	 6.47295e-19	 7.28215e-19	 7.28215e-19	 4.08956e-30	 4.08956e-30	 4.08956e-30	 
  0.0213	 5.49319e-19	 6.17991e-19	 6.17991e-19	 4.08956e-30	 4.08956e-30	 4.08956e-30	 
 0.02135	 4.66161e-19	 5.24437e-19	 5.24437e-19	 4.08956e-30	 4.08956e-30	 4.08956e-30	 
  0.0214	 3.95591e-19	 4.45045e-19	 4.45045e-19	 4.08956e-30	 4.08956e-30	 4.08956e-30	 
 0.02145	 3.35698e-19	 3.77665e-19	 3.77665e-19	 4.08956e-30	 4.08956e-30	 4.08956e-30	 
  0.0215	 2.84863e-19	 3.20475e-19	 3.20475e-19	 4.08956e-30	 4.08956e-30	 4.08956e-30	 
 0.02155	 2.41724e-19	 2.71943e-19	 2.71943e-19	 4.08956e-30	 4.08956e-30	 4.08956e-30	 
  0.0216	 2.0512e-19	 2.30762e-19	 2.30762e-19	 4.08956e-30	 4.08956e-30	 4.08956e-30	 
 0.02165	 1.74051e-19	 1.95809e-19	 1.95809e-19	 4.08956e-30	 4.08956e-30	 4.08956e-30	 
  0.0217	 1.47689e-19	 1.66152e-19	 1.66152e-19	 4.08956e-30	 4.08956e-30	 4.08956e-30	 
 0.02175	 1.25314e-19	 1.4098e-19	 1.4098e-19	 4.08956e-30	 4.08956e-30	 4.08956e-30	 
  0.0218	 1.0633e-19	 1.19623e-19	 1.19623e-19	 4.08956e-30	 4.08956e-30	 4.08956e-30	 
 0.02185	 9.02189e-20	 1.01497e-19	 1.01497e-19	 4.08956e-30	 4.08956e-30	 4.08956e-30	 
  0.0219	 7.65463e-20	 8.61156e-20	 8.61156e-20	 4.08956e-30	 4.08956e-30	 4.08956e-30	 
 0.02195	 6.49463e-20	 7.30654e-20	 7.30654e-20	 4.08956e-30	 4.08956e-30	 4.08956e-30	 
   0.022	 5.5103e-20	 6.19916e-20	 6.19916e-20	 4.08956e-30	 4.08956e-30	 4.08956e-30	 
 0.02205	 4.67515e-20	 5.25961e-20	 5.25961e-20	 4.08956e-30	 4.08956e-30	 4.08956e-30	 
  0.0221	 3.96644e-20	 4.4623e-20	 4.4623e-20	 4.08956e-30	 4.08956e-30	 4.08956e-30	 
 0.02215	 3.36519e-20	 3.78588e-20	 3.78588e-20	 4.08956e-30	 4.08956e-30	 4.08956e-30	 
  0.0222	 2.85498e-20	 3.21189e-20	 3.21189e-20	 4.08956e-30	 4.08956e-30	 4.08956e-30	 
 0.02225	 2.42212e-20	 2.72492e-20	 2.72492e-20	 4.08956e-30	 4.08956e-30	 4.08956e-30	 
  0.0223	 2.05484e-20	 2.31172e-20	 2.31172e-20	 4.08956e-30	 4.08956e-30	 4.08956e-30	 
 0.02235	 1.74321e-20	 1.96114e-20	 1.96114e-20	 4.08956e-30	 4.08956e-30	 4.08956e-30	 
  0.0224	 1.47882e-20	 1.66369e-20	 1.66369e-20	 4.08956e-30	 4.08956e-30	 4.08956e-30	 
 0.02245	 1.25453e-20	 1.41137e-20	 1.41137e-20	 4.08956e-30	 4.08956e-30	 4.08956e-30	 
  0.0225	 1.06423e-20	 1.19727e-20	 1.19727e-20	 4.08956e-30	 4.08956e-30	 4.08956e-30	 
 0.02255	 9.02808e-21	 1.01567e-20	 1.01567e-20	 4.08956e-30	 4.08956e-30	 4.08956e-30	 
  0.0226	 7.65835e-21	 8.61574e-21	 8.61574e-21	 4.08956e-30	 4.08956e-30	 4.08956e-30	 
 0.02265	 6.49641e-21	 7.30854e-21	 7.30854e-21	 4.08956e-30	 4.08956e-30	 4.08956e-30	 
  0.0227	 5.51068e-21	 6.19959e-21	 6.19959e-21	 4.08956e-30	 4.08956e-30	 4.08956e-30	 
 0.02275	 4.67446e-21	 5.25883e-21	 5.25883e-21	 4.08956e-30	 4.08956e-30	 4.08956e-30	 
  0.0228	 3.96505e-21	 4.46073e-21	 4.46073e-21	 4.08956e-30	 4.08956e-30	 4.08956e-30	 
 0.02285	 3.36325e-21	 3.7837e-21	 3.7837e-21	 4.08956e-30	 4.08956e-30	 4.08956e-30	 
  0.0229	 2.85274e-21	 3.20937e-21	 3.20937e-21	 4.08956e-30	 4.08956e-30	 4.08956e-30	 
 0.02295	 2.41972e-21	 2.72222e-21	 2.72222e-21	 4.08956e-30	 4.08956e-30	 4.08956e-30	 
   0.023	 2.05236e-21	 2.30893e-21	 2.30893e-21	 4.08956e-30	 4.08956e-30	 4.08956e-30	 
 0.02305	 1.74082e-21	 1.95844e-21	 1.95844e-21	 4.08956e-30	 4.08956e-30	 4.08956e-30	 
  0.0231	 1.4765e-21	 1.66108e-21	 1.66108e-21	 4.08956e-30	 4.08956e-30	 4.08956e-30	 
 0.02315	 1.25229e-21	 1.40884e-21	 1.40884e-21	 4.08956e-30	 4.08956e-30	 4.08956e-30	 
  0.0232	 1.06214e-21	 1.19492e-21	 1.19492e-21	 4.08956e-30	 4.08956e-30	 4.08956e-30	 
 0.02325	 9.00795e-22	 1.01341e-21	 1.01341e-21	 4.08956e-30	 4.08956e-30	 4.08956e-30	 
  0.0233	 7.64e-22	 8.5951e-22	 8.5951e-22	 4.08956e-30	 4.08956e-30	 4.08956e-30	 
 0.02335	 6.47953e-22	 7.28956e-22	 7.28956e-22	 4.08956e-30	 4.08956e-30	 4.08956e-30	 
  0.0234	 5.49528e-22	 6.18226e-22	 6.18226e-22	 4.08956e-30	 4.08956e-30	 4.08956e-30	 
 0.02345	 4.66044e-22	 5.24306e-22	 5.24306e-22	 4.08956e-30	 4.08956e-30	 4.08956e-30	 
  0.0235	 3.95243e-22	 4.44653e-22	 4.44653e-22	 4.08956e-30	 4.08956e-30	 4.08956e-30	 
 0.02355	 3.35187e-22	 3.7709e-22	 3.7709e-22	 4.08956e-30	 4.08956e-30	 4.08956e-30	 
  0.0236	 2.8426e-22	 3.19796e-22	 3.19796e-22	 4.08956e-30	 4.08956e-30	 4.08956e-30	 
 0.02365	 2.41059e-22	 2.71194e-22	 2.71194e-22	 4.08956e-30	 4.08956e-30	 4.08956e-30	 
  0.0237	 2.04423e-22	 2.29978e-22	 2.29978e-22	 4.08956e-30	 4.08956e-30	 4.08956e-30	 
 0.02375	 1.73354e-22	 1.95025e-22	 1.95025e-22	 4.08956e-30	 4.08956e-30	 4.08956e-30	 
  0.0238	 1.47007e-22	 1.65385e-22	 1.65385e-22	 4.08956e-30	 4.08956e-30	 4.08956e-30	 
 0.02385	 1.24664e-22	 1.40248e-22	 1.40248e-22	 4.08956e-30	 4.08956e-30	 4.08956e-30	 
  0.0239	 1.05711e-22	 1.18926e-22	 1.18926e-22	 4.08956e-30	 4.08956e-30	 4.08956e-30	 
 0.02395	 8.96382e-23	 1.00844e-22	 1.00844e-22	 4.08956e-30	 4.08956e-30	 4.08956e-30	 
   0.024	 7.60105e-23	 8.55128e-23	 8.55128e-23	 4.08956e-30	 4.08956e-30	 4.08956e-30	 
 0.02405	 6.44531e-23	 7.25106e-23	 7.25106e-23	 4.08956e-30	 4.08956e-30	 4.08956e-30	 
  0.0241	 5.46524e-23	 6.14846e-23	 6.14846e-23	 4.08956e-30	 4.08956e-30	 4.08956e-30	 
 0.02415	 4.63412e-23	 5.21344e-23	 5.21344e-23	 4.08956e-30	 4.08956e-30	 4.08956e-30	 
  0.0242	 3.92936e-23	 4.42058e-23	 4.42058e-23	 4.08956e-30	 4.08956e-30	 4.08956e-30	 
 0.02425	 3.33174e-23	 3.74825e-23	 3.74825e-23	 4.08956e-30	 4.08956e-30	 4.08956e-30	 
  0.0243	 2.82494e-23	 3.1781e-23	 3.1781e-23	 4.08956e-30	 4.08956e-30	 4.08956e-30	 
 0.02435	 2.39526e-23	 2.69469e-23	 2.69469e-23	 4.08956e-30	 4.08956e-30	 4.08956e-30	 
  0.0244	 2.03084e-23	 2.28472e-23	 2.28472e-23	 4.08956e-30	 4.08956e-30	 4.08956e-30	 
 0.02445	 1.72192e-23	 1.93719e-23	 1.93719e-23	 4.08956e-30	 4.08956e-30	 4.08956e-30	 
  0.0245	 1.45993e-23	 1.64244e-23	 1.64244e-23	 4.08956e-30	 4.08956e-30	 4.08956e-30	 
 0.02455	 1.23781e-23	 1.39255e-23	 1.39255e-23	 4.08956e-30	 4.08956e-30	 4.08956e-30	 
  0.0246	 1.04944e-23	 1.18064e-23	 1.18064e-23	 4.08956e-30	 4.08956e-30	 4.08956e-30	 
 0.02465	 8.89724e-24	 1.00095e-23	 1.00095e-23	 4.08956e-30	 4.08956e-30	 4.08956e-30	 
  0.0247	 7.54323e-24	 8.48623e-24	 8.48623e-24	 4.08956e-30	 4.08956e-30	 4.08956e-30	 
 0.02475	 6.39515e-24	 7.19462e-24	 7.19462e-24	 4.08956e-30	 4.08956e-30	 4.08956e-30	 
  0.0248	 5.42173e-24	 6.09952e-24	 6.09952e-24	 4.08956e-30	 4.08956e-30	 4.08956e-30	 
 0.02485	 4.59642e-24	 5.17103e-24	 5.17103e-24	 4.08956e-30	 4.08956e-30	 4.08956e-30	 
  0.0249	 3.89669e-24	 4.38382e-24	 4.38382e-24	 4.08956e-30	 4.08956e-30	 4.08956e-30	 
 0.02495	 3.30349e-24	 3.71647e-24	 3.71647e-24	 4.08956e-30	 4.08956e-30	 4.08956e-30	 
   0.025	 2.80056e-24	 3.15067e-24	 3.15067e-24	 4.08956e-30	 4.08956e-30	 4.08956e-30	 
       0	        0	        0	        0	        0	        0	        0	 
