       0	        0	        0	        0	        0	        0	        0	 
   5e-05	  741.244	 6.13939e+06	 6.13939e+06	 7.39857e+06	 1.64468e+06	 1.64468e+06	 
  0.0001	   205641	 2.65899e+07	 2.65899e+07	 3.26344e+07	 7.41196e+06	 7.41196e+06	 
 0.00015	 2.58511e+06	 7.76326e+07	 7.76326e+07	 1.02165e+08	 2.47137e+07	 2.47137e+07	 
  0.0002	 1.33326e+07	 2.02848e+08	 2.02848e+08	 2.8524e+08	 7.37557e+07	 7.37557e+07	 
 0.00025	 4.42635e+07	 4.63702e+08	 4.63702e+08	 6.78852e+08	 1.85282e+08	 1.85282e+08	 
  0.0003	 1.06685e+08	 8.81547e+08	 8.81547e+08	 1.31643e+09	 3.75514e+08	 3.75514e+08	 
 0.00035	 2.08332e+08	 1.45041e+09	 1.45041e+09	 2.17993e+09	 6.46459e+08	 6.46459e+08	 
  0.0004	 3.39861e+08	 2.12299e+09	 2.12299e+09	 3.1918e+09	 9.73618e+08	 9.73618e+08	 
 0.00045	 4.93932e+08	 2.86932e+09	 2.86932e+09	 4.30017e+09	 1.33975e+09	 1.33975e+09	 
  0.0005	 6.6137e+08	 3.65121e+09	 3.65121e+09	 5.45135e+09	 1.7258e+09	 1.7258e+09	 
 0.00055	 8.3459e+08	 4.43683e+09	 4.43683e+09	 6.60326e+09	 2.1165e+09	 2.1165e+09	 
  0.0006	 1.01209e+09	 5.21186e+09	 5.21186e+09	 7.7305e+09	 2.50505e+09	 2.50505e+09	 
 0.00065	 1.19119e+09	 5.95395e+09	 5.95395e+09	 8.79744e+09	 2.88145e+09	 2.88145e+09	 
  0.0007	 1.36674e+09	 6.64564e+09	 6.64564e+09	 9.77632e+09	 3.23552e+09	 3.23552e+09	 
 0.00075	 1.53365e+09	 7.27584e+09	 7.27584e+09	 1.06581e+10	 3.56128e+09	 3.56128e+09	 
  0.0008	 1.68858e+09	 7.83692e+09	 7.83692e+09	 1.14217e+10	 3.85148e+09	 3.85148e+09	 
 0.00085	 1.8315e+09	 8.33606e+09	 8.33606e+09	 1.20657e+10	 4.10574e+09	 4.10574e+09	 
  0.0009	 1.95676e+09	 8.75747e+09	 8.75747e+09	 1.25911e+10	 4.31991e+09	 4.31991e+09	 
 0.00095	 2.0645e+09	 9.09803e+09	 9.09803e+09	 1.29957e+10	 4.49362e+09	 4.49362e+09	 
   0.001	 2.1522e+09	 9.36528e+09	 9.36528e+09	 1.32919e+10	 4.62767e+09	 4.62767e+09	 
 0.00105	 2.22118e+09	 9.571e+09	 9.571e+09	 1.35009e+10	 4.72775e+09	 4.72775e+09	 
  0.0011	 2.27271e+09	 9.70979e+09	 9.70979e+09	 1.36183e+10	 4.79392e+09	 4.79392e+09	 
 0.00115	 2.30889e+09	 9.79028e+09	 9.79028e+09	 1.36614e+10	 4.83164e+09	 4.83164e+09	 
  0.0012	 2.32908e+09	 9.80874e+09	 9.80874e+09	 1.36306e+10	 4.8405e+09	 4.8405e+09	 
 0.00125	 2.33483e+09	 9.7822e+09	 9.7822e+09	 1.35391e+10	 4.82463e+09	 4.82463e+09	 
  0.0013	 2.32837e+09	 9.71636e+09	 9.71636e+09	 1.3392e+10	 4.78692e+09	 4.78692e+09	 
 0.00135	 2.31081e+09	 9.60994e+09	 9.60994e+09	 1.31953e+10	 4.72956e+09	 4.72956e+09	 
  0.0014	 2.28237e+09	 9.47062e+09	 9.47062e+09	 1.29587e+10	 4.65486e+09	 4.65486e+09	 
 0.00145	 2.2448e+09	 9.30104e+09	 9.30104e+09	 1.26861e+10	 4.56506e+09	 4.56506e+09	 
  0.0015	 2.19953e+09	 9.10436e+09	 9.10436e+09	 1.23824e+10	 4.46238e+09	 4.46238e+09	 
 0.00155	 2.14764e+09	 8.88513e+09	 8.88513e+09	 1.20524e+10	 4.34868e+09	 4.34868e+09	 
  0.0016	 2.09028e+09	 8.64848e+09	 8.64848e+09	 1.17016e+10	 4.22609e+09	 4.22609e+09	 
 0.00165	 2.02803e+09	 8.39634e+09	 8.39634e+09	 1.13309e+10	 4.0953e+09	 4.0953e+09	 
  0.0017	 1.96212e+09	 8.13169e+09	 8.13169e+09	 1.09451e+10	 3.95832e+09	 3.95832e+09	 
 0.00175	 1.89366e+09	 7.85941e+09	 7.85941e+09	 1.05503e+10	 3.81732e+09	 3.81732e+09	 
  0.0018	 1.82308e+09	 7.57946e+09	 7.57946e+09	 1.01459e+10	 3.67257e+09	 3.67257e+09	 
 0.00185	 1.75136e+09	 7.29489e+09	 7.29489e+09	 9.73616e+09	 3.52574e+09	 3.52574e+09	 
  0.0019	 1.67914e+09	 7.00767e+09	 7.00767e+09	 9.32323e+09	 3.37781e+09	 3.37781e+09	 
 0.00195	 1.60621e+09	 6.71886e+09	 6.71886e+09	 8.90685e+09	 3.22856e+09	 3.22856e+09	 
   0.002	 1.53349e+09	 6.43062e+09	 6.43062e+09	 8.49059e+09	 3.0795e+09	 3.0795e+09	 
 0.00205	 1.46104e+09	 6.14232e+09	 6.14232e+09	 8.07466e+09	 2.93072e+09	 2.93072e+09	 
  0.0021	 1.39048e+09	 5.86038e+09	 5.86038e+09	 7.66732e+09	 2.78532e+09	 2.78532e+09	 
 0.00215	 1.32104e+09	 5.58162e+09	 5.58162e+09	 7.26426e+09	 2.64174e+09	 2.64174e+09	 
  0.0022	 1.25402e+09	 5.31261e+09	 5.31261e+09	 6.87338e+09	 2.50276e+09	 2.50276e+09	 
 0.00225	 1.18858e+09	 5.04923e+09	 5.04923e+09	 6.49046e+09	 2.36676e+09	 2.36676e+09	 
  0.0023	 1.12538e+09	 4.79404e+09	 4.79404e+09	 6.11869e+09	 2.235e+09	 2.235e+09	 
 0.00235	 1.06393e+09	 4.54491e+09	 4.54491e+09	 5.75607e+09	 2.10662e+09	 2.10662e+09	 
  0.0024	 1.0049e+09	 4.30475e+09	 4.30475e+09	 5.40681e+09	 1.98309e+09	 1.98309e+09	 
 0.00245	 9.47497e+08	 4.0706e+09	 4.0706e+09	 5.06801e+09	 1.86316e+09	 1.86316e+09	 
  0.0025	 8.92825e+08	 3.84656e+09	 3.84656e+09	 4.74398e+09	 1.74863e+09	 1.74863e+09	 
 0.00255	 8.40518e+08	 3.63146e+09	 3.63146e+09	 4.43375e+09	 1.639e+09	 1.639e+09	 
  0.0026	 7.90238e+08	 3.42384e+09	 3.42384e+09	 4.13625e+09	 1.53379e+09	 1.53379e+09	 
 0.00265	 7.41805e+08	 3.22299e+09	 3.22299e+09	 3.8505e+09	 1.43262e+09	 1.43262e+09	 
  0.0027	 6.95787e+08	 3.03151e+09	 3.03151e+09	 3.57942e+09	 1.33659e+09	 1.33659e+09	 
 0.00275	 6.51947e+08	 2.84845e+09	 2.84845e+09	 3.32224e+09	 1.24534e+09	 1.24534e+09	 
  0.0028	 6.11288e+08	 2.67772e+09	 2.67772e+09	 3.08354e+09	 1.16067e+09	 1.16067e+09	 
 0.00285	 5.7297e+08	 2.51625e+09	 2.51625e+09	 2.85972e+09	 1.08113e+09	 1.08113e+09	 
  0.0029	 5.36624e+08	 2.36263e+09	 2.36263e+09	 2.64895e+09	 1.00602e+09	 1.00602e+09	 
 0.00295	 5.01791e+08	 2.21529e+09	 2.21529e+09	 2.44955e+09	 9.3462e+08	 9.3462e+08	 
   0.003	 4.67984e+08	 2.07259e+09	 2.07259e+09	 2.26e+09	 8.66206e+08	 8.66206e+08	 
 0.00305	 4.35657e+08	 1.93597e+09	 1.93597e+09	 2.08172e+09	 8.01445e+08	 8.01445e+08	 
  0.0031	 4.05751e+08	 1.8084e+09	 1.8084e+09	 1.91787e+09	 7.41773e+08	 7.41773e+08	 
 0.00315	 3.78006e+08	 1.68907e+09	 1.68907e+09	 1.76666e+09	 6.86592e+08	 6.86592e+08	 
  0.0032	 3.523e+08	 1.57784e+09	 1.57784e+09	 1.62722e+09	 6.35611e+08	 6.35611e+08	 
 0.00325	 3.28422e+08	 1.47409e+09	 1.47409e+09	 1.49856e+09	 5.88449e+08	 5.88449e+08	 
  0.0033	 3.05509e+08	 1.37484e+09	 1.37484e+09	 1.37736e+09	 5.43695e+08	 5.43695e+08	 
 0.00335	 2.83546e+08	 1.27998e+09	 1.27998e+09	 1.26317e+09	 5.01237e+08	 5.01237e+08	 
  0.0034	 2.62822e+08	 1.19036e+09	 1.19036e+09	 1.15701e+09	 4.61528e+08	 4.61528e+08	 
 0.00345	 2.43817e+08	 1.10747e+09	 1.10747e+09	 1.06051e+09	 4.25302e+08	 4.25302e+08	 
  0.0035	 2.26049e+08	 1.02969e+09	 1.02969e+09	 9.71661e+08	 3.91739e+08	 3.91739e+08	 
 0.00355	 2.09446e+08	 9.56674e+08	 9.56674e+08	 8.90068e+08	 3.60694e+08	 3.60694e+08	 
  0.0036	 1.94396e+08	 8.8975e+08	 8.8975e+08	 8.16475e+08	 3.32634e+08	 3.32634e+08	 
 0.00365	 1.8018e+08	 8.26568e+08	 8.26568e+08	 7.48083e+08	 3.06379e+08	 3.06379e+08	 
  0.0037	 1.66423e+08	 7.65863e+08	 7.65863e+08	 6.8339e+08	 2.81303e+08	 2.81303e+08	 
 0.00375	 1.5369e+08	 7.09468e+08	 7.09468e+08	 6.241e+08	 2.58225e+08	 2.58225e+08	 
  0.0038	 1.41695e+08	 6.56347e+08	 6.56347e+08	 5.69168e+08	 2.36688e+08	 2.36688e+08	 
 0.00385	 1.3082e+08	 6.07738e+08	 6.07738e+08	 5.19611e+08	 2.17217e+08	 2.17217e+08	 
  0.0039	 1.20699e+08	 5.62405e+08	 5.62405e+08	 4.74027e+08	 1.99215e+08	 1.99215e+08	 
 0.00395	 1.11419e+08	 5.2053e+08	 5.2053e+08	 4.32595e+08	 1.82791e+08	 1.82791e+08	 
   0.004	 1.03076e+08	 4.82366e+08	 4.82366e+08	 3.95701e+08	 1.68103e+08	 1.68103e+08	 
 0.00405	 9.51635e+07	 4.4628e+08	 4.4628e+08	 3.61387e+08	 1.54324e+08	 1.54324e+08	 
  0.0041	 8.75416e+07	 4.11805e+08	 4.11805e+08	 3.29042e+08	 1.41208e+08	 1.41208e+08	 
 0.00415	 8.05902e+07	 3.80142e+08	 3.80142e+08	 2.99782e+08	 1.29299e+08	 1.29299e+08	 
  0.0042	 7.39862e+07	 3.50176e+08	 3.50176e+08	 2.72526e+08	 1.18106e+08	 1.18106e+08	 
 0.00425	 6.78961e+07	 3.22452e+08	 3.22452e+08	 2.47647e+08	 1.0784e+08	 1.0784e+08	 
  0.0043	 6.2355e+07	 2.97057e+08	 2.97057e+08	 2.25136e+08	 9.85281e+07	 9.85281e+07	 
 0.00435	 5.73328e+07	 2.73843e+08	 2.73843e+08	 2.04926e+08	 9.01309e+07	 9.01309e+07	 
  0.0044	 5.28411e+07	 2.52835e+08	 2.52835e+08	 1.86922e+08	 8.26365e+07	 8.26365e+07	 
 0.00445	 4.86972e+07	 2.33401e+08	 2.33401e+08	 1.70497e+08	 7.57636e+07	 7.57636e+07	 
  0.0045	 4.46472e+07	 2.1467e+08	 2.1467e+08	 1.54854e+08	 6.91374e+07	 6.91374e+07	 
 0.00455	 4.09855e+07	 1.97585e+08	 1.97585e+08	 1.40816e+08	 6.31698e+07	 6.31698e+07	 
  0.0046	 3.75261e+07	 1.81514e+08	 1.81514e+08	 1.27779e+08	 5.7582e+07	 5.7582e+07	 
 0.00465	 3.42782e+07	 1.66465e+08	 1.66465e+08	 1.15744e+08	 5.23814e+07	 5.23814e+07	 
  0.0047	 3.13834e+07	 1.52884e+08	 1.52884e+08	 1.05087e+08	 4.77618e+07	 4.77618e+07	 
 0.00475	 2.87172e+07	 1.4034e+08	 1.4034e+08	 9.48997e+07	 4.34243e+07	 4.34243e+07	 
  0.0048	 2.63842e+07	 1.29171e+08	 1.29171e+08	 8.65414e+07	 3.97523e+07	 3.97523e+07	 
 0.00485	 2.42109e+07	 1.18789e+08	 1.18789e+08	 7.881e+07	 3.63439e+07	 3.63439e+07	 
  0.0049	 2.21793e+07	 1.09108e+08	 1.09108e+08	 7.14079e+07	 3.31189e+07	 3.31189e+07	 
 0.00495	 2.03035e+07	 1.00163e+08	 1.00163e+08	 6.49408e+07	 3.02228e+07	 3.02228e+07	 
   0.005	 1.8578e+07	 9.19086e+07	 9.19086e+07	 5.90566e+07	 2.75732e+07	 2.75732e+07	 
 0.00505	 1.69344e+07	 8.41076e+07	 8.41076e+07	 5.35304e+07	 2.50667e+07	 2.50667e+07	 
  0.0051	 1.54398e+07	 7.69719e+07	 7.69719e+07	 4.85531e+07	 2.27982e+07	 2.27982e+07	 
 0.00515	 1.40969e+07	 7.05027e+07	 7.05027e+07	 4.40935e+07	 2.07628e+07	 2.07628e+07	 
  0.0052	 1.28822e+07	 6.46042e+07	 6.46042e+07	 4.00613e+07	 1.89219e+07	 1.89219e+07	 
 0.00525	 1.17872e+07	 5.92519e+07	 5.92519e+07	 3.64604e+07	 1.72701e+07	 1.72701e+07	 
  0.0053	 1.07655e+07	 5.42772e+07	 5.42772e+07	 3.31177e+07	 1.57326e+07	 1.57326e+07	 
 0.00535	 9.85224e+06	 4.97859e+07	 4.97859e+07	 3.0094e+07	 1.43504e+07	 1.43504e+07	 
  0.0054	 9.01148e+06	 4.56437e+07	 4.56437e+07	 2.7384e+07	 1.30942e+07	 1.30942e+07	 
 0.00545	 8.20902e+06	 4.17291e+07	 4.17291e+07	 2.48276e+07	 1.1902e+07	 1.1902e+07	 
  0.0055	 7.45778e+06	 3.80801e+07	 3.80801e+07	 2.24493e+07	 1.07892e+07	 1.07892e+07	 
 0.00555	 6.79441e+06	 3.48085e+07	 3.48085e+07	 2.03805e+07	 9.81351e+06	 9.81351e+06	 
  0.0056	 6.19378e+06	 3.18272e+07	 3.18272e+07	 1.85203e+07	 8.93297e+06	 8.93297e+06	 
 0.00565	 5.64391e+06	 2.90926e+07	 2.90926e+07	 1.68109e+07	 8.12543e+06	 8.12543e+06	 
  0.0057	 5.13056e+06	 2.65531e+07	 2.65531e+07	 1.52303e+07	 7.37491e+06	 7.37491e+06	 
 0.00575	 4.6915e+06	 2.43275e+07	 2.43275e+07	 1.38712e+07	 6.73141e+06	 6.73141e+06	 
  0.0058	 4.29286e+06	 2.22974e+07	 2.22974e+07	 1.26387e+07	 6.14747e+06	 6.14747e+06	 
 0.00585	 3.91084e+06	 2.03766e+07	 2.03766e+07	 1.1468e+07	 5.5902e+06	 5.5902e+06	 
  0.0059	 3.54806e+06	 1.85712e+07	 1.85712e+07	 1.03751e+07	 5.06517e+06	 5.06517e+06	 
 0.00595	 3.22386e+06	 1.69396e+07	 1.69396e+07	 9.40701e+06	 4.59788e+06	 4.59788e+06	 
   0.006	 2.93584e+06	 1.54717e+07	 1.54717e+07	 8.54666e+06	 4.18268e+06	 4.18268e+06	 
 0.00605	 2.66158e+06	 1.40898e+07	 1.40898e+07	 7.73804e+06	 3.78967e+06	 3.78967e+06	 
  0.0061	 2.42069e+06	 1.2858e+07	 1.2858e+07	 7.02479e+06	 3.44381e+06	 3.44381e+06	 
 0.00615	 2.19955e+06	 1.17257e+07	 1.17257e+07	 6.369e+06	 3.12608e+06	 3.12608e+06	 
  0.0062	 2.01337e+06	 1.07438e+07	 1.07438e+07	 5.8153e+06	 2.85824e+06	 2.85824e+06	 
 0.00625	 1.83602e+06	 9.82051e+06	 9.82051e+06	 5.29079e+06	 2.60374e+06	 2.60374e+06	 
  0.0063	 1.66418e+06	 8.94236e+06	 8.94236e+06	 4.78907e+06	 2.35859e+06	 2.35859e+06	 
 0.00635	 1.50949e+06	 8.14546e+06	 8.14546e+06	 4.3408e+06	 2.13867e+06	 2.13867e+06	 
  0.0064	 1.37303e+06	 7.43083e+06	 7.43083e+06	 3.9504e+06	 1.94577e+06	 1.94577e+06	 
 0.00645	 1.24587e+06	 6.76866e+06	 6.76866e+06	 3.57558e+06	 1.76357e+06	 1.76357e+06	 
  0.0065	 1.12833e+06	 6.15758e+06	 6.15758e+06	 3.24493e+06	 1.59868e+06	 1.59868e+06	 
 0.00655	 1.0226e+06	 5.60449e+06	 5.60449e+06	 2.94659e+06	 1.45015e+06	 1.45015e+06	 
  0.0066	   931422	 5.11628e+06	 5.11628e+06	 2.68735e+06	 1.32162e+06	 1.32162e+06	 
 0.00665	   850276	 4.67745e+06	 4.67745e+06	 2.45688e+06	 1.2073e+06	 1.2073e+06	 
  0.0067	   771321	 4.25999e+06	 4.25999e+06	 2.23441e+06	 1.09645e+06	 1.09645e+06	 
 0.00675	   697964	 3.87379e+06	 3.87379e+06	 2.03059e+06	   994100	   994100	 
  0.0068	   633682	 3.52859e+06	 3.52859e+06	 1.85413e+06	   904890	   904890	 
 0.00685	   576222	 3.2168e+06	 3.2168e+06	 1.69628e+06	   825121	   825121	 
  0.0069	   520599	 2.92119e+06	 2.92119e+06	 1.5465e+06	   748574	   748574	 
 0.00695	   470318	 2.65288e+06	 2.65288e+06	 1.41079e+06	   679310	   679310	 
   0.007	   426892	 2.41546e+06	 2.41546e+06	 1.29495e+06	   619793	   619793	 
 0.00705	   388426	 2.20273e+06	 2.20273e+06	 1.19206e+06	   567010	   567010	 
  0.0071	   353162	 2.008e+06	 2.008e+06	 1.09604e+06	   518244	   518244	 
 0.00715	   320131	 1.82697e+06	 1.82697e+06	 1.01042e+06	   473528	   473528	 
  0.0072	   291012	 1.66464e+06	 1.66464e+06	   935900	   434319	   434319	 
 0.00725	   264231	 1.51559e+06	 1.51559e+06	   868340	   398476	   398476	 
  0.0073	   239089	 1.37711e+06	 1.37711e+06	   805588	   364976	   364976	 
 0.00735	   214580	 1.24554e+06	 1.24554e+06	   744892	   332426	   332426	 
  0.0074	   194810	 1.13382e+06	 1.13382e+06	   691728	   305235	   305235	 
 0.00745	   176196	 1.02988e+06	 1.02988e+06	   648175	   281079	   281079	 
  0.0075	   160284	   938586	   938586	   609917	   260201	   260201	 
 0.00755	   145527	   854403	   854403	   576829	   241371	   241371	 
  0.0076	   132323	   778289	   778289	   548225	   224745	   224745	 
 0.00765	   120000	   707833	   707833	   520742	   209053	   209053	 
  0.0077	   108645	   643206	   643206	   497057	   194958	   194958	 
 0.00775	  96947.3	   580020	   580020	   474535	   180855	   180855	 
  0.0078	  87345.6	   525614	   525614	   453602	   168735	   168735	 
 0.00785	  78996.9	   477302	   477302	   438200	   158819	   158819	 
  0.0079	  71480.2	   433456	   433456	   421094	   149171	   149171	 
 0.00795	  64772.3	   394059	   394059	   409863	   141458	   141458	 
   0.008	  58912.3	   358867	   358867	   399998	   134708	   134708	 
 0.00805	  53396.8	   326205	   326205	   390643	   128340	   128340	 
  0.0081	  48336.4	   296292	   296292	   380487	   122147	   122147	 
 0.00815	  43296.3	   267692	   267692	   372389	   116427	   116427	 
  0.0082	  38842.6	   241978	   241978	   364454	   111200	   111200	 
 0.00825	  34749.7	   218557	   218557	   356514	   106252	   106252	 
  0.0083	  31412.8	   198319	   198319	   350309	   102278	   102278	 
 0.00835	  28400.9	   179969	   179969	   343854	  98500.9	  98500.9	 
  0.0084	  25860.2	   163924	   163924	   335938	  94765.6	  94765.6	 
 0.00845	  23228.2	   148325	   148325	   330030	  91405.7	  91405.7	 
  0.0085	  21012.7	   134642	   134642	   323456	  88221.5	  88221.5	 
 0.00855	  19035.2	   122301	   122301	   316403	  85116.1	  85116.1	 
  0.0086	    16921	   110101	   110101	   309744	    81992	    81992	 
 0.00865	  15246.3	  99725.4	  99725.4	   301777	    78919	    78919	 
  0.0087	  13778.4	  90467.9	  90467.9	   294963	  76263.1	  76263.1	 
 0.00875	  12054.4	  80859.5	  80859.5	   285782	  72882.1	  72882.1	 
  0.0088	  10937.3	  73488.5	  73488.5	   279091	  70526.3	  70526.3	 
 0.00885	  9911.26	  66762.1	  66762.1	   272173	    68191	    68191	 
  0.0089	   8727.2	  59885.4	  59885.4	   264809	  65633.6	  65633.6	 
 0.00895	  7899.93	  54365.6	  54365.6	   257217	  63303.1	  63303.1	 
   0.009	  7095.08	  49178.1	  49178.1	   249037	  60859.3	  60859.3	 
 0.00905	  6095.53	  43653.4	  43653.4	   238737	  57793.1	  57793.1	 
  0.0091	  5513.87	  39611.1	  39611.1	   230699	  55554.4	  55554.4	 
 0.00915	  4632.62	    34851	    34851	   222400	  53024.8	  53024.8	 
  0.0092	  4163.72	  31537.3	  31537.3	   214026	  50799.3	  50799.3	 
 0.00925	  3779.26	  28661.5	  28661.5	   205663	  48641.9	  48641.9	 
  0.0093	  3443.05	  26089.1	  26089.1	   197261	  46513.3	  46513.3	 
 0.00935	  3121.25	  23696.6	  23696.6	   188815	  44386.2	  44386.2	 
  0.0094	  2793.37	  21412.1	  21412.1	   180419	  42265.3	  42265.3	 
 0.00945	  2185.81	  18374.8	  18374.8	   171941	  39908.7	  39908.7	 
  0.0095	   1955.8	    16606	    16606	   163617	  37880.2	  37880.2	 
 0.00955	  1780.88	  15106.7	  15106.7	   155514	  35943.5	  35943.5	 
  0.0096	  1605.67	    13691	    13691	   147522	  34031.2	  34031.2	 
 0.00965	  1444.57	  12398.1	  12398.1	   139619	  32149.6	  32149.6	 
  0.0097	  1315.58	  11279.8	  11279.8	   131893	  30332.5	  30332.5	 
 0.00975	  1198.18	  10262.3	  10262.3	   124346	    28564	    28564	 
  0.0098	  1091.57	  9337.38	  9337.38	   116550	  26748.8	  26748.8	 
 0.00985	  992.994	  8490.22	  8490.22	   109759	  25162.9	  25162.9	 
  0.0099	  894.248	  7690.89	  7690.89	   103204	  23629.6	  23629.6	 
 0.00995	  804.516	  6964.01	  6964.01	  96215.4	  22006.7	  22006.7	 
    0.01	  729.483	   6323.7	   6323.7	  90256.3	  20624.1	  20624.1	 
 0.01005	  654.291	  5719.47	  5719.47	  84547.8	  19297.1	  19297.1	 
  0.0101	  563.948	  5102.77	  5102.77	  78922.1	  17976.7	  17976.7	 
 0.01015	   466.63	  4496.09	  4496.09	  73759.5	  16753.7	  16753.7	 
  0.0102	  299.948	   3699.2	   3699.2	  68832.1	  15529.1	  15529.1	 
 0.01025	  273.617	  3365.46	  3365.46	  64198.6	    14479	    14479	 
  0.0103	  247.262	  3054.25	  3054.25	  59815.9	  13484.6	  13484.6	 
 0.01035	  220.874	  2763.48	  2763.48	  55679.4	  12544.9	  12544.9	 
  0.0104	  82.5788	  2138.04	  2138.04	  51741.4	  11562.2	  11562.2	 
 0.01045	  73.3371	  1937.54	  1937.54	  48071.4	  10739.4	  10739.4	 
  0.0105	  29.5636	  1642.01	  1642.01	  44612.4	  9936.74	  9936.74	 
 0.01055	  25.8452	  1488.92	  1488.92	  41332.5	  9205.01	  9205.01	 
  0.0106	  24.1159	  1355.16	  1355.16	  38300.5	  8529.88	  8529.88	 
 0.01065	  22.3922	  1233.04	  1233.04	    35475	  7900.66	  7900.66	 
  0.0107	  20.6685	  1121.51	  1121.51	  32834.5	  7312.54	  7312.54	 
 0.01075	  18.9448	  1019.62	  1019.62	  30369.9	  6763.53	  6763.53	 
  0.0108	  17.2211	  926.447	  926.447	  28072.8	  6251.73	  6251.73	 
 0.01085	  15.4973	  841.225	  841.225	  25933.3	  5774.95	  5774.95	 
  0.0109	  13.7735	  763.248	  763.248	  23942.9	  5331.31	  5331.31	 
 0.01095	  12.0497	  691.843	  691.843	  22092.7	  4918.81	  4918.81	 
   0.011	 9.14308e-33	   593.25	   593.25	  20371.4	  4526.92	  4526.92	 
 0.01105	 9.14308e-33	  538.838	  538.838	  18777.3	   4172.7	   4172.7	 
  0.0111	 9.14308e-33	  489.421	  489.421	  17299.7	  3844.34	  3844.34	 
 0.01115	 9.14308e-33	  444.464	  444.464	  15930.5	  3540.06	  3540.06	 
  0.0112	 9.14308e-33	  403.628	  403.628	  14663.3	  3258.48	  3258.48	 
 0.01125	 9.14308e-33	   366.48	   366.48	  13490.6	  2997.88	  2997.88	 
  0.0113	 9.14308e-33	  332.748	  332.748	  12406.6	  2756.99	  2756.99	 
 0.01135	 9.14308e-33	  302.083	  302.083	  11405.4	   2534.5	   2534.5	 
  0.0114	 9.14308e-33	  274.214	  274.214	  10480.3	  2328.93	  2328.93	 
 0.01145	 9.14308e-33	  248.895	  248.895	  9626.88	  2139.28	  2139.28	 
  0.0115	 9.14308e-33	  225.893	  225.893	  8840.16	  1964.46	  1964.46	 
 0.01155	 9.14308e-33	  204.995	  204.995	  8114.34	  1803.17	  1803.17	 
  0.0116	 9.14308e-33	  186.014	  186.014	  7445.83	  1654.61	  1654.61	 
 0.01165	 9.14308e-33	  168.775	  168.775	  6830.61	   1517.9	   1517.9	 
  0.0117	 9.14308e-33	  153.118	  153.118	  6264.19	  1392.03	  1392.03	 
 0.01175	 9.14308e-33	  138.901	  138.901	  5742.99	  1276.21	  1276.21	 
  0.0118	 9.14308e-33	  125.992	  125.992	  5263.44	  1169.64	  1169.64	 
 0.01185	 9.14308e-33	  114.275	  114.275	  4823.29	  1071.83	  1071.83	 
  0.0119	 9.14308e-33	  103.634	  103.634	  4418.34	  981.841	  981.841	 
 0.01195	 9.14308e-33	  93.9807	  93.9807	  4046.65	  899.245	  899.245	 
   0.012	 9.14308e-33	  85.2168	  85.2168	  3705.32	  823.395	  823.395	 
 0.01205	 9.14308e-33	  77.2656	  77.2656	  3392.07	  753.784	  753.784	 
  0.0121	 9.14308e-33	    70.05	    70.05	  3104.65	  689.914	  689.914	 
 0.01215	 9.14308e-33	  63.5032	  63.5032	  2841.05	  631.337	  631.337	 
  0.0122	 9.14308e-33	  57.5615	  57.5615	  2599.35	  577.626	  577.626	 
 0.01225	 9.14308e-33	  52.1747	  52.1747	  2377.75	  528.383	  528.383	 
  0.0123	 9.14308e-33	   47.286	   47.286	  2174.69	  483.259	  483.259	 
 0.01235	 9.14308e-33	  42.8551	  42.8551	   1988.6	  441.906	  441.906	 
  0.0124	 9.14308e-33	  38.8352	  38.8352	  1818.18	  404.036	  404.036	 
 0.01245	 9.14308e-33	  35.1896	  35.1896	  1662.09	   369.35	   369.35	 
  0.0125	 9.14308e-33	  31.8854	  31.8854	  1519.12	  337.579	  337.579	 
 0.01255	 9.14308e-33	  28.8887	  28.8887	  1388.29	  308.505	  308.505	 
  0.0126	 9.14308e-33	  26.1722	  26.1722	  1268.51	  281.888	  281.888	 
 0.01265	 9.14308e-33	  23.7092	  23.7092	   1158.9	   257.53	   257.53	 
  0.0127	 9.14308e-33	   21.477	   21.477	   1058.6	  235.242	  235.242	 
 0.01275	 9.14308e-33	  19.4535	  19.4535	  966.853	  214.854	  214.854	 
  0.0128	 9.14308e-33	  17.6197	  17.6197	  882.897	  196.197	  196.197	 
 0.01285	 9.14308e-33	  15.9578	  15.9578	  806.106	  179.133	  179.133	 
  0.0129	 9.14308e-33	  14.4516	  14.4516	  735.897	  163.531	  163.531	 
 0.01295	 9.14308e-33	  13.0869	  13.0869	  671.732	  149.272	  149.272	 
   0.013	 9.14308e-33	  11.8504	  11.8504	  613.031	  136.228	  136.228	 
 0.01305	 9.14308e-33	    10.73	    10.73	  559.434	  124.317	  124.317	 
  0.0131	 9.14308e-33	  9.71514	  9.71514	  510.404	  113.422	  113.422	 
 0.01315	 9.14308e-33	  8.79571	  8.79571	  465.583	  103.462	  103.462	 
  0.0132	 9.14308e-33	  7.96305	  7.96305	  424.675	  94.3712	  94.3712	 
 0.01325	 9.14308e-33	  7.20847	  7.20847	  387.287	  86.0629	  86.0629	 
  0.0133	 9.14308e-33	  6.52529	  6.52529	  353.136	  78.4739	  78.4739	 
 0.01335	 9.14308e-33	  5.90651	  5.90651	  321.954	  71.5446	  71.5446	 
  0.0134	 9.14308e-33	   5.3461	   5.3461	  293.481	  65.2173	  65.2173	 
 0.01345	 9.14308e-33	  4.83841	  4.83841	  267.484	  59.4402	  59.4402	 
  0.0135	 9.14308e-33	  4.37876	  4.37876	  243.757	  54.1676	  54.1676	 
 0.01355	 9.14308e-33	  3.96278	  3.96278	  222.099	  49.3548	  49.3548	 
  0.0136	 9.14308e-33	  3.58617	  3.58617	  202.339	  44.9637	  44.9637	 
 0.01365	 9.14308e-33	  3.24495	  3.24495	  184.312	  40.9578	  40.9578	 
  0.0137	 9.14308e-33	   2.9361	   2.9361	  167.866	  37.3031	  37.3031	 
 0.01375	 9.14308e-33	  2.65659	  2.65659	  152.866	  33.9698	  33.9698	 
  0.0138	 9.14308e-33	  2.40353	  2.40353	  139.191	  30.9311	  30.9311	 
 0.01385	 9.14308e-33	  2.17447	  2.17447	  126.717	  28.1589	  28.1589	 
  0.0139	 9.14308e-33	  1.96711	  1.96711	  115.348	  25.6326	  25.6326	 
 0.01395	 9.14308e-33	  1.77949	  1.77949	  104.987	  23.3301	  23.3301	 
   0.014	 9.14308e-33	  1.60967	  1.60967	  95.5434	  21.2316	  21.2316	 
 0.01405	 9.14308e-33	  1.45598	  1.45598	  86.9375	  19.3192	  19.3192	 
  0.0141	 9.14308e-33	  1.31692	  1.31692	  79.0971	  17.5769	  17.5769	 
 0.01415	 9.14308e-33	  1.19106	  1.19106	  71.9553	  15.9899	  15.9899	 
  0.0142	 9.14308e-33	  1.07719	  1.07719	  65.4538	  14.5451	  14.5451	 
 0.01425	 9.14308e-33	 0.974161	 0.974161	  59.5299	  13.2287	  13.2287	 
  0.0143	 9.14308e-33	 0.880923	 0.880923	  54.1389	  12.0307	  12.0307	 
 0.01435	 9.14308e-33	 0.796613	 0.796613	  49.2269	  10.9392	  10.9392	 
  0.0144	 9.14308e-33	 0.720301	 0.720301	  44.7574	  9.94597	  9.94597	 
 0.01445	 9.14308e-33	 0.651284	 0.651284	  40.6895	    9.042	    9.042	 
  0.0145	 9.14308e-33	 0.588862	 0.588862	  36.9874	  8.21932	  8.21932	 
 0.01455	 9.14308e-33	 0.532403	 0.532403	  33.6184	  7.47067	  7.47067	 
  0.0146	 9.14308e-33	 0.481339	 0.481339	  30.5535	  6.78959	  6.78959	 
 0.01465	 9.14308e-33	 0.435138	 0.435138	  27.7648	  6.16989	  6.16989	 
  0.0147	 9.14308e-33	 0.393334	 0.393334	  25.2283	  5.60621	  5.60621	 
 0.01475	 9.14308e-33	 0.355559	 0.355559	  22.9214	  5.09358	  5.09358	 
  0.0148	 9.14308e-33	 0.321396	 0.321396	  20.8236	  4.62742	  4.62742	 
 0.01485	 9.14308e-33	 0.290501	 0.290501	  18.9157	  4.20344	  4.20344	 
  0.0149	 9.14308e-33	 0.262565	 0.262565	  17.1815	  3.81807	  3.81807	 
 0.01495	 9.14308e-33	   0.2373	   0.2373	  15.6045	  3.46763	  3.46763	 
   0.015	 9.14308e-33	 0.214464	 0.214464	  14.1712	  3.14912	  3.14912	 
 0.01505	 9.14308e-33	 0.193813	 0.193813	  12.8682	  2.85957	  2.85957	 
  0.0151	 9.14308e-33	 0.175142	 0.175142	  11.6839	  2.59639	  2.59639	 
 0.01515	 9.14308e-33	 0.158265	 0.158265	  10.6079	  2.35729	  2.35729	 
  0.0152	 9.14308e-33	  0.14301	  0.14301	  9.63046	  2.14008	  2.14008	 
 0.01525	 9.14308e-33	 0.129218	 0.129218	  8.74165	  1.94257	  1.94257	 
  0.0153	 9.14308e-33	 0.116752	 0.116752	  7.93479	  1.76327	  1.76327	 
 0.01535	 9.14308e-33	 0.105483	 0.105483	  7.20135	  1.60028	  1.60028	 
  0.0154	 9.14308e-33	 0.095299	 0.095299	  6.53553	  1.45232	  1.45232	 
 0.01545	 9.14308e-33	 0.0860967	 0.0860967	  5.93061	   1.3179	   1.3179	 
  0.0155	 9.14308e-33	 0.0777763	 0.0777763	  5.38165	  1.19591	  1.19591	 
 0.01555	 9.14308e-33	 0.0702608	 0.0702608	   4.8824	  1.08496	  1.08496	 
  0.0156	 9.14308e-33	 0.0634674	 0.0634674	  4.42971	 0.984369	 0.984369	 
 0.01565	 9.14308e-33	 0.0573261	 0.0573261	  4.01848	 0.892986	 0.892986	 
  0.0157	 9.14308e-33	 0.0517801	 0.0517801	  3.64519	 0.810032	 0.810032	 
 0.01575	 9.14308e-33	 0.0467698	 0.0467698	  3.30627	 0.734719	 0.734719	 
  0.0158	 9.14308e-33	 0.0422385	 0.0422385	  2.99866	 0.666362	 0.666362	 
 0.01585	 9.14308e-33	 0.0381494	 0.0381494	  2.71948	 0.604323	 0.604323	 
  0.0159	 9.14308e-33	 0.0344528	 0.0344528	  2.46614	 0.548024	 0.548024	 
 0.01595	 9.14308e-33	 0.0311122	 0.0311122	  2.23621	 0.496931	 0.496931	 
   0.016	 9.14308e-33	 0.028095	 0.028095	  2.02756	 0.450563	 0.450563	 
 0.01605	 9.14308e-33	 0.0253699	 0.0253699	  1.83824	 0.408494	 0.408494	 
  0.0161	 9.14308e-33	 0.0229081	 0.0229081	  1.66653	 0.370335	 0.370335	 
 0.01615	 9.14308e-33	 0.0206844	 0.0206844	   1.5107	 0.335708	 0.335708	 
  0.0162	 9.14308e-33	 0.0186758	 0.0186758	  1.36939	 0.304305	 0.304305	 
 0.01625	 9.14308e-33	 0.016862	 0.016862	   1.2412	 0.275818	 0.275818	 
  0.0163	 9.14308e-33	 0.0152235	 0.0152235	  1.12491	 0.249978	 0.249978	 
 0.01635	 9.14308e-33	 0.0137438	 0.0137438	  1.01946	 0.226545	 0.226545	 
  0.0164	 9.14308e-33	 0.0124074	 0.0124074	 0.923822	 0.205291	 0.205291	 
 0.01645	 9.14308e-33	 0.0112007	 0.0112007	 0.837136	 0.186028	 0.186028	 
  0.0165	 9.14308e-33	 0.0101109	 0.0101109	 0.758509	 0.168556	 0.168556	 
 0.01655	 9.14308e-33	 0.00912687	 0.00912687	 0.687225	 0.152715	 0.152715	 
  0.0166	 9.14308e-33	 0.00823822	 0.00823822	 0.622613	 0.138357	 0.138357	 
 0.01665	 9.14308e-33	 0.00743597	 0.00743597	 0.564046	 0.125342	 0.125342	 
  0.0167	 9.14308e-33	 0.00671148	 0.00671148	 0.510941	 0.113541	 0.113541	 
 0.01675	 9.14308e-33	 0.00605745	 0.00605745	 0.462807	 0.102845	 0.102845	 
  0.0168	 9.14308e-33	 0.0054669	 0.0054669	 0.419163	 0.0931464	 0.0931464	 
 0.01685	 9.14308e-33	 0.00493381	 0.00493381	  0.37963	 0.0843614	 0.0843614	 
  0.0169	 9.14308e-33	 0.00445257	 0.00445257	 0.343805	 0.0764002	 0.0764002	 
 0.01695	 9.14308e-33	 0.00401785	 0.00401785	 0.311338	 0.0691854	 0.0691854	 
   0.017	 9.14308e-33	 0.00362597	 0.00362597	 0.281924	 0.0626491	 0.0626491	 
 0.01705	 9.14308e-33	 0.00327181	 0.00327181	 0.255274	 0.0567268	 0.0567268	 
  0.0171	 9.14308e-33	 0.00295226	 0.00295226	 0.231126	 0.0513607	 0.0513607	 
 0.01715	 9.14308e-33	 0.00266384	 0.00266384	 0.209253	 0.0465001	 0.0465001	 
  0.0172	 9.14308e-33	 0.00240352	 0.00240352	 0.189435	 0.0420961	 0.0420961	 
 0.01725	 9.14308e-33	 0.00216855	 0.00216855	 0.171488	 0.0381081	 0.0381081	 
  0.0173	 9.14308e-33	 0.0019565	 0.0019565	  0.15523	 0.0344952	 0.0344952	 
 0.01735	 9.14308e-33	 0.00176513	 0.00176513	 0.140508	 0.0312236	 0.0312236	 
  0.0174	 9.14308e-33	 0.00159243	 0.00159243	 0.127173	 0.0282604	 0.0282604	 
 0.01745	 9.14308e-33	 0.00143658	 0.00143658	 0.115097	 0.0255769	 0.0255769	 
  0.0175	 9.14308e-33	 0.00129592	 0.00129592	 0.104163	 0.023147	 0.023147	 
 0.01755	 9.14308e-33	 0.00116902	 0.00116902	 0.0942629	 0.0209471	 0.0209471	 
  0.0176	 9.14308e-33	 0.00105451	 0.00105451	 0.0852986	 0.018955	 0.018955	 
 0.01765	 9.14308e-33	 0.000951179	 0.000951179	 0.0771807	 0.0171511	 0.0171511	 
  0.0177	 9.14308e-33	 0.000857948	 0.000857948	 0.069833	 0.0155183	 0.0155183	 
 0.01775	 9.14308e-33	 0.000773846	 0.000773846	 0.0631837	 0.0140407	 0.0140407	 
  0.0178	 9.14308e-33	 0.000697946	 0.000697946	 0.0571613	 0.0127024	 0.0127024	 
 0.01785	 9.14308e-33	 0.000629482	 0.000629482	 0.051712	 0.0114914	 0.0114914	 
  0.0179	 9.14308e-33	 0.000567723	 0.000567723	 0.0467777	 0.0103949	 0.0103949	 
 0.01795	 9.14308e-33	 0.000512008	 0.000512008	 0.0423148	 0.00940319	 0.00940319	 
   0.018	 9.14308e-33	 0.000461736	 0.000461736	 0.0382747	 0.00850539	 0.00850539	 
 0.01805	 9.14308e-33	 0.000416409	 0.000416409	 0.0346183	 0.00769286	 0.00769286	 
  0.0181	 9.14308e-33	 0.000375498	 0.000375498	 0.0313098	 0.00695764	 0.00695764	 
 0.01815	 9.14308e-33	 0.000338603	 0.000338603	 0.028316	 0.00629238	 0.00629238	 
  0.0182	 9.14308e-33	 0.000305332	 0.000305332	 0.0256071	 0.00569039	 0.00569039	 
 0.01825	 9.14308e-33	 0.00027532	 0.00027532	 0.023156	 0.00514572	 0.00514572	 
  0.0183	 9.14308e-33	 0.000248249	 0.000248249	 0.0209387	 0.00465299	 0.00465299	 
 0.01835	 9.14308e-33	 0.000223836	 0.000223836	 0.0189332	 0.00420732	 0.00420732	 
  0.0184	 9.14308e-33	 0.000201816	 0.000201816	 0.0171184	 0.00380404	 0.00380404	 
 0.01845	 9.14308e-33	 0.000181959	 0.000181959	 0.0154769	 0.00343927	 0.00343927	 
  0.0185	 9.14308e-33	 0.000164051	 0.000164051	 0.0139926	 0.00310942	 0.00310942	 
 0.01855	 9.14308e-33	 0.0001479	 0.0001479	 0.0126497	 0.00281102	 0.00281102	 
  0.0186	 9.14308e-33	 0.000133336	 0.000133336	 0.0114349	 0.00254107	 0.00254107	 
 0.01865	 9.14308e-33	 0.000120205	 0.000120205	 0.0103366	 0.00229699	 0.00229699	 
  0.0187	 9.14308e-33	 0.000108362	 0.000108362	 0.00934344	 0.0020763	 0.0020763	 
 0.01875	 9.14308e-33	 9.7686e-05	 9.7686e-05	 0.00844523	 0.0018767	 0.0018767	 
  0.0188	 9.14308e-33	 8.80586e-05	 8.80586e-05	 0.007633	 0.0016962	 0.0016962	 
 0.01885	 9.14308e-33	 7.93767e-05	 7.93767e-05	 0.00689867	 0.00153302	 0.00153302	 
  0.0189	 9.14308e-33	 7.15506e-05	 7.15506e-05	 0.00623419	 0.00138536	 0.00138536	 
 0.01895	 9.14308e-33	 6.44942e-05	 6.44942e-05	 0.00563419	 0.00125203	 0.00125203	 
   0.019	 9.14308e-33	 5.81342e-05	 5.81342e-05	 0.00509105	 0.00113133	 0.00113133	 
 0.01905	 9.14308e-33	 5.24012e-05	 5.24012e-05	 0.00460075	 0.00102238	 0.00102238	 
  0.0191	 9.14308e-33	 4.72321e-05	 4.72321e-05	 0.00415698	 0.000923762	 0.000923762	 
 0.01915	 9.14308e-33	 4.25704e-05	 4.25704e-05	 0.00375596	 0.000834649	 0.000834649	 
  0.0192	 9.14308e-33	 3.83697e-05	 3.83697e-05	 0.00339354	 0.000754112	 0.000754112	 
 0.01925	 9.14308e-33	 3.45803e-05	 3.45803e-05	 0.00306596	 0.000681317	 0.000681317	 
  0.0193	 9.14308e-33	 3.11669e-05	 3.11669e-05	 0.00276986	 0.000615516	 0.000615516	 
 0.01935	 9.14308e-33	 2.80901e-05	 2.80901e-05	 0.00250227	 0.000556054	 0.000556054	 
  0.0194	 9.14308e-33	 2.53161e-05	 2.53161e-05	 0.00226039	 0.000502304	 0.000502304	 
 0.01945	 9.14308e-33	 2.2816e-05	 2.2816e-05	 0.00204184	 0.000453737	 0.000453737	 
  0.0195	 9.14308e-33	 2.0563e-05	 2.0563e-05	 0.00184433	 0.000409847	 0.000409847	 
 0.01955	 9.14308e-33	 1.85324e-05	 1.85324e-05	 0.00166585	 0.000370185	 0.000370185	 
  0.0196	 9.14308e-33	 1.67021e-05	 1.67021e-05	 0.00150461	 0.000334355	 0.000334355	 
 0.01965	 9.14308e-33	 1.50524e-05	 1.50524e-05	 0.00135891	 0.000301977	 0.000301977	 
  0.0197	 9.14308e-33	 1.35659e-05	 1.35659e-05	 0.00122727	 0.000272724	 0.000272724	 
 0.01975	 9.14308e-33	 1.22263e-05	 1.22263e-05	 0.00110834	 0.000246296	 0.000246296	 
  0.0198	 9.14308e-33	 1.10193e-05	 1.10193e-05	 0.00100088	 0.000222416	 0.000222416	 
 0.01985	 9.14308e-33	 9.93159e-06	 9.93159e-06	 0.000903807	 0.000200844	 0.000200844	 
  0.0199	 9.14308e-33	 8.95132e-06	 8.95132e-06	 0.000816136	 0.000181362	 0.000181362	 
 0.01995	 9.14308e-33	 8.0685e-06	 8.0685e-06	 0.000736927	 0.00016376	 0.00016376	 
    0.02	 9.14308e-33	 7.27253e-06	 7.27253e-06	 0.000665374	 0.000147859	 0.000147859	 
 0.02005	 9.14308e-33	 6.55577e-06	 6.55577e-06	 0.000600762	 0.000133501	 0.000133501	 
  0.0201	 9.14308e-33	 5.90995e-06	 5.90995e-06	 0.000542374	 0.000120526	 0.000120526	 
 0.02015	 9.14308e-33	 5.3281e-06	 5.3281e-06	 0.000489672	 0.000108815	 0.000108815	 
  0.0202	 9.14308e-33	 4.80392e-06	 4.80392e-06	 0.000442071	 9.82369e-05	 9.82369e-05	 
 0.02025	 9.14308e-33	 4.33177e-06	 4.33177e-06	 0.000399077	 8.86827e-05	 8.86827e-05	 
  0.0203	 9.14308e-33	 3.90764e-06	 3.90764e-06	 0.000360247	 8.0054e-05	 8.0054e-05	 
 0.02035	 9.14308e-33	 3.52496e-06	 3.52496e-06	 0.000325187	 7.2263e-05	 7.2263e-05	 
  0.0204	 9.14308e-33	 3.18003e-06	 3.18003e-06	 0.00029353	 6.52282e-05	 6.52282e-05	 
 0.02045	 9.14308e-33	 2.86953e-06	 2.86953e-06	 0.000264941	 5.8875e-05	 5.8875e-05	 
  0.0205	 9.14308e-33	 2.58995e-06	 2.58995e-06	 0.000239127	 5.31388e-05	 5.31388e-05	 
 0.02055	 9.14308e-33	 2.3382e-06	 2.3382e-06	 0.000215826	 4.79607e-05	 4.79607e-05	 
  0.0206	 9.14308e-33	 2.11156e-06	 2.11156e-06	 0.000194785	 4.32852e-05	 4.32852e-05	 
 0.02065	 9.14308e-33	 1.90752e-06	 1.90752e-06	 0.000175787	 3.90633e-05	 3.90633e-05	 
  0.0207	 9.14308e-33	 1.72386e-06	 1.72386e-06	 0.000158638	 3.52524e-05	 3.52524e-05	 
 0.02075	 9.14308e-33	 1.55852e-06	 1.55852e-06	 0.000143158	 3.18126e-05	 3.18126e-05	 
  0.0208	 9.14308e-33	 1.40971e-06	 1.40971e-06	 0.000129184	 2.87072e-05	 2.87072e-05	 
 0.02085	 9.14308e-33	 1.27581e-06	 1.27581e-06	 0.00011657	 2.59042e-05	 2.59042e-05	 
  0.0209	 9.14308e-33	 1.15536e-06	 1.15536e-06	 0.000105184	 2.33739e-05	 2.33739e-05	 
 0.02095	 9.14308e-33	 1.04694e-06	 1.04694e-06	 9.49076e-05	 2.10903e-05	 2.10903e-05	 
   0.021	 9.14308e-33	 9.49349e-07	 9.49349e-07	 8.563e-05	 1.90287e-05	 1.90287e-05	 
 0.02105	 9.14308e-33	 8.61532e-07	 8.61532e-07	 7.72568e-05	 1.7168e-05	 1.7168e-05	 
  0.0211	 9.14308e-33	 7.82528e-07	 7.82528e-07	 6.97031e-05	 1.54894e-05	 1.54894e-05	 
 0.02115	 9.14308e-33	 7.1144e-07	 7.1144e-07	 6.28837e-05	 1.3974e-05	 1.3974e-05	 
  0.0212	 9.14308e-33	 6.47443e-07	 6.47443e-07	 5.6727e-05	 1.26058e-05	 1.26058e-05	 
 0.02125	 9.14308e-33	 5.89839e-07	 5.89839e-07	 5.11747e-05	 1.1372e-05	 1.1372e-05	 
  0.0213	 9.14308e-33	 5.37968e-07	 5.37968e-07	 4.61643e-05	 1.02586e-05	 1.02586e-05	 
 0.02135	 9.14308e-33	 4.91265e-07	 4.91265e-07	 4.16423e-05	 9.25374e-06	 9.25374e-06	 
  0.0214	 9.14308e-33	 4.49168e-07	 4.49168e-07	 3.75623e-05	 8.34708e-06	 8.34708e-06	 
 0.02145	 9.14308e-33	 4.11246e-07	 4.11246e-07	 3.38808e-05	 7.52898e-06	 7.52898e-06	 
  0.0215	 9.14308e-33	 3.77036e-07	 3.77036e-07	 3.05589e-05	 6.79078e-06	 6.79078e-06	 
 0.02155	 9.14308e-33	 3.4614e-07	 3.4614e-07	 2.75624e-05	 6.12492e-06	 6.12492e-06	 
  0.0216	 9.14308e-33	 3.18277e-07	 3.18277e-07	 2.48584e-05	 5.52403e-06	 5.52403e-06	 
 0.02165	 9.14308e-33	 2.93079e-07	 2.93079e-07	 2.2419e-05	 4.98194e-06	 4.98194e-06	 
  0.0217	 9.14308e-33	 2.70284e-07	 2.70284e-07	 2.02187e-05	 4.49299e-06	 4.49299e-06	 
 0.02175	 9.14308e-33	 2.49644e-07	 2.49644e-07	 1.82338e-05	 4.0519e-06	 4.0519e-06	 
  0.0218	 9.14308e-33	 2.30938e-07	 2.30938e-07	 1.64427e-05	 3.65389e-06	 3.65389e-06	 
 0.02185	 9.14308e-33	 2.14492e-07	 2.14492e-07	 1.48276e-05	 3.29499e-06	 3.29499e-06	 
  0.0219	 9.14308e-33	 1.99182e-07	 1.99182e-07	 1.33706e-05	 2.97122e-06	 2.97122e-06	 
 0.02195	 9.14308e-33	 1.8528e-07	 1.8528e-07	 1.20564e-05	 2.67918e-06	 2.67918e-06	 
   0.022	 9.14308e-33	 1.72649e-07	 1.72649e-07	 1.08708e-05	 2.4157e-06	 2.4157e-06	 
 0.02205	 9.14308e-33	 1.61157e-07	 1.61157e-07	 9.80195e-06	 2.17819e-06	 2.17819e-06	 
  0.0221	 9.14308e-33	 1.50697e-07	 1.50697e-07	 8.83748e-06	 1.96386e-06	 1.96386e-06	 
 0.02215	 9.14308e-33	 1.41165e-07	 1.41165e-07	 7.96792e-06	 1.77063e-06	 1.77063e-06	 
  0.0222	 9.14308e-33	 1.32475e-07	 1.32475e-07	 7.18389e-06	 1.5964e-06	 1.5964e-06	 
 0.02225	 9.14308e-33	 1.2454e-07	 1.2454e-07	 6.47643e-06	 1.43919e-06	 1.43919e-06	 
  0.0223	 9.14308e-33	 1.17291e-07	 1.17291e-07	 5.83882e-06	 1.2975e-06	 1.2975e-06	 
 0.02235	 9.14308e-33	 1.10659e-07	 1.10659e-07	 5.26344e-06	 1.16964e-06	 1.16964e-06	 
  0.0224	 9.14308e-33	 1.04587e-07	 1.04587e-07	 4.74493e-06	 1.05442e-06	 1.05442e-06	 
 0.02245	 9.14308e-33	 9.90178e-08	 9.90178e-08	 4.2772e-06	 9.50478e-07	 9.50478e-07	 
  0.0225	 9.14308e-33	 9.39059e-08	 9.39059e-08	 3.85554e-06	 8.56778e-07	 8.56778e-07	 
 0.02255	 9.14308e-33	 8.91982e-08	 8.91982e-08	 3.47535e-06	 7.72291e-07	 7.72291e-07	 
  0.0226	 9.14308e-33	 8.4855e-08	 8.4855e-08	 3.13254e-06	 6.96113e-07	 6.96113e-07	 
 0.02265	 9.14308e-33	 8.08432e-08	 8.08432e-08	 2.8235e-06	 6.27437e-07	 6.27437e-07	 
  0.0227	 9.14308e-33	 7.71228e-08	 7.71228e-08	 2.54486e-06	 5.65517e-07	 5.65517e-07	 
 0.02275	 9.14308e-33	 7.36644e-08	 7.36644e-08	 2.29366e-06	 5.09697e-07	 5.09697e-07	 
  0.0228	 9.14308e-33	 7.04379e-08	 7.04379e-08	 2.06718e-06	 4.59369e-07	 4.59369e-07	 
 0.02285	 9.14308e-33	 6.74172e-08	 6.74172e-08	 1.863e-06	 4.13996e-07	 4.13996e-07	 
  0.0229	 9.14308e-33	 6.4582e-08	 6.4582e-08	 1.67897e-06	 3.73101e-07	 3.73101e-07	 
 0.02295	 9.14308e-33	 6.19128e-08	 6.19128e-08	 1.51308e-06	 3.36236e-07	 3.36236e-07	 
   0.023	 9.14308e-33	 5.93896e-08	 5.93896e-08	 1.36352e-06	 3.03002e-07	 3.03002e-07	 
 0.02305	 9.14308e-33	 5.69991e-08	 5.69991e-08	 1.22875e-06	 2.73052e-07	 2.73052e-07	 
  0.0231	 9.14308e-33	 5.47312e-08	 5.47312e-08	 1.10723e-06	 2.46047e-07	 2.46047e-07	 
 0.02315	 9.14308e-33	 5.25696e-08	 5.25696e-08	 9.97703e-07	 2.21709e-07	 2.21709e-07	 
  0.0232	 9.14308e-33	 5.05074e-08	 5.05074e-08	 8.99017e-07	 1.99779e-07	 1.99779e-07	 
 0.02325	 9.14308e-33	 4.85411e-08	 4.85411e-08	 8.10046e-07	 1.80008e-07	 1.80008e-07	 
  0.0233	 9.14308e-33	 4.66609e-08	 4.66609e-08	 7.29852e-07	 1.62188e-07	 1.62188e-07	 
 0.02335	 9.14308e-33	 4.48666e-08	 4.48666e-08	 6.57628e-07	 1.46138e-07	 1.46138e-07	 
  0.0234	 9.14308e-33	 4.51015e-08	 4.51015e-08	 5.92479e-07	 1.3166e-07	 1.3166e-07	 
 0.02345	 9.14308e-33	 4.38599e-08	 4.38599e-08	 5.33822e-07	 1.18626e-07	 1.18626e-07	 
  0.0235	 9.14308e-33	 4.27328e-08	 4.27328e-08	 4.80941e-07	 1.06875e-07	 1.06875e-07	 
 0.02355	 9.14308e-33	 4.17168e-08	 4.17168e-08	 4.33263e-07	 9.62797e-08	 9.62797e-08	 
  0.0236	 9.14308e-33	 4.08086e-08	 4.08086e-08	 3.90319e-07	 8.67365e-08	 8.67365e-08	 
 0.02365	 9.14308e-33	 4.00048e-08	 4.00048e-08	 3.51618e-07	 7.81366e-08	 7.81366e-08	 
  0.0237	 9.14308e-33	 3.93118e-08	 3.93118e-08	 3.16756e-07	 7.03894e-08	 7.03894e-08	 
 0.02375	 9.14308e-33	 3.87165e-08	 3.87165e-08	 2.85336e-07	 6.34074e-08	 6.34074e-08	 
  0.0238	 9.14308e-33	 3.82254e-08	 3.82254e-08	 2.57029e-07	 5.71169e-08	 5.71169e-08	 
 0.02385	 9.14308e-33	 3.78287e-08	 3.78287e-08	 2.31524e-07	 5.14493e-08	 5.14493e-08	 
  0.0239	 9.14308e-33	 3.75263e-08	 3.75263e-08	 2.08545e-07	 4.63428e-08	 4.63428e-08	 
 0.02395	 9.14308e-33	 3.7315e-08	 3.7315e-08	 1.87841e-07	 4.17419e-08	 4.17419e-08	 
   0.024	 9.14308e-33	 3.71882e-08	 3.71882e-08	 1.69187e-07	 3.75966e-08	 3.75966e-08	 
 0.02405	 9.14308e-33	 3.71426e-08	 3.71426e-08	 1.52387e-07	 3.38634e-08	 3.38634e-08	 
  0.0241	 9.14308e-33	 3.71718e-08	 3.71718e-08	 1.37248e-07	 3.04992e-08	 3.04992e-08	 
 0.02415	 9.14308e-33	 3.72756e-08	 3.72756e-08	 1.23609e-07	 2.74684e-08	 2.74684e-08	 
  0.0242	 9.14308e-33	 3.74445e-08	 3.74445e-08	 1.11323e-07	 2.47381e-08	 2.47381e-08	 
 0.02425	 9.14308e-33	 3.76783e-08	 3.76783e-08	 1.00258e-07	 2.22794e-08	 2.22794e-08	 
  0.0243	 9.14308e-33	 3.79705e-08	 3.79705e-08	 9.02912e-08	 2.00645e-08	 2.00645e-08	 
 0.02435	 9.14308e-33	 3.83114e-08	 3.83114e-08	 8.13091e-08	 1.80685e-08	 1.80685e-08	 
  0.0244	 9.14308e-33	 3.87075e-08	 3.87075e-08	 7.32225e-08	 1.62715e-08	 1.62715e-08	 
 0.02445	 9.14308e-33	 3.91458e-08	 3.91458e-08	 6.59374e-08	 1.46526e-08	 1.46526e-08	 
  0.0245	 9.14308e-33	 3.96295e-08	 3.96295e-08	 5.93777e-08	 1.31949e-08	 1.31949e-08	 
 0.02455	 9.14308e-33	 4.01522e-08	 4.01522e-08	 5.34673e-08	 1.18815e-08	 1.18815e-08	 
  0.0246	 9.14308e-33	 4.07105e-08	 4.07105e-08	 4.81434e-08	 1.06984e-08	 1.06984e-08	 
 0.02465	 9.14308e-33	 4.13046e-08	 4.13046e-08	 4.33496e-08	 9.63314e-09	 9.63314e-09	 
  0.0247	 9.14308e-33	 4.19278e-08	 4.19278e-08	 3.90323e-08	 8.67375e-09	 8.67375e-09	 
 0.02475	 9.14308e-33	 4.25803e-08	 4.25803e-08	 3.51439e-08	 7.80968e-09	 7.80968e-09	 
  0.0248	 9.14308e-33	 4.32619e-08	 4.32619e-08	 3.16424e-08	 7.03157e-09	 7.03157e-09	 
 0.02485	 9.14308e-33	 4.39662e-08	 4.39662e-08	 2.84893e-08	 6.33088e-09	 6.33088e-09	 
  0.0249	 9.14308e-33	 4.46933e-08	 4.46933e-08	 2.56496e-08	 5.69984e-09	 5.69984e-09	 
 0.02495	 9.14308e-33	 4.58214e-08	 4.58214e-08	 2.30924e-08	 5.13159e-09	 5.13159e-09	 
   0.025	 9.14308e-33	 4.66617e-08	 4.66617e-08	 2.07896e-08	 4.61986e-09	 4.61986e-09	 
       0	        0	        0	        0	        0	        0	        0	 
