       0	        0	        0	        0	        0	        0	        0	 
   5e-05	   182864	   205393	   205393	  2650.38	  61078.8	  61078.8	 
  0.0001	 4.91595e+06	 5.4747e+06	 5.4747e+06	   446386	 8.46031e+06	 8.46031e+06	 
 0.00015	 1.25109e+08	 1.3895e+08	 1.3895e+08	 1.43974e+07	 2.33481e+08	 2.33481e+08	 
  0.0002	 1.83591e+09	 2.0327e+09	 2.0327e+09	 2.61735e+08	 3.21516e+09	 3.21516e+09	 
 0.00025	 6.26261e+09	 6.90846e+09	 6.90846e+09	 1.09634e+09	 1.13404e+10	 1.13404e+10	 
  0.0003	 1.17707e+10	 1.29636e+10	 1.29636e+10	 2.22783e+09	 2.16477e+10	 2.16477e+10	 
 0.00035	 1.97445e+10	 2.17292e+10	 2.17292e+10	 3.86803e+09	 3.59736e+10	 3.59736e+10	 
  0.0004	 3.08729e+10	 3.3951e+10	 3.3951e+10	 6.24986e+09	 5.52868e+10	 5.52868e+10	 
 0.00045	 4.41186e+10	 4.84553e+10	 4.84553e+10	 9.42849e+09	 7.77521e+10	 7.77521e+10	 
  0.0005	 5.76658e+10	 6.3246e+10	 6.3246e+10	 1.30289e+10	 1.00082e+11	 1.00082e+11	 
 0.00055	 7.03787e+10	 7.70883e+10	 7.70883e+10	 1.67075e+10	 1.20214e+11	 1.20214e+11	 
  0.0006	 8.09714e+10	 8.8572e+10	 8.8572e+10	 2.01732e+10	 1.36115e+11	 1.36115e+11	 
 0.00065	 8.92463e+10	 9.75015e+10	 9.75015e+10	 2.32111e+10	 1.47672e+11	 1.47672e+11	 
  0.0007	 9.51197e+10	 1.03799e+11	 1.03799e+11	 2.56944e+10	 1.54774e+11	 1.54774e+11	 
 0.00075	 9.83439e+10	 1.07197e+11	 1.07197e+11	 2.75256e+10	 1.57319e+11	 1.57319e+11	 
  0.0008	 9.96321e+10	 1.08493e+11	 1.08493e+11	 2.87485e+10	 1.56779e+11	 1.56779e+11	 
 0.00085	 9.93037e+10	 1.08043e+11	 1.08043e+11	 2.93954e+10	 1.53502e+11	 1.53502e+11	 
  0.0009	 9.73029e+10	 1.05778e+11	 1.05778e+11	 2.9511e+10	 1.47868e+11	 1.47868e+11	 
 0.00095	 9.41362e+10	 1.02258e+11	 1.02258e+11	 2.91719e+10	 1.40607e+11	 1.40607e+11	 
   0.001	 9.01017e+10	 9.7805e+10	 9.7805e+10	 2.84821e+10	 1.32211e+11	 1.32211e+11	 
 0.00105	 8.54948e+10	 9.27408e+10	 9.27408e+10	 2.75333e+10	 1.23206e+11	 1.23206e+11	 
  0.0011	 8.0486e+10	 8.72522e+10	 8.72522e+10	 2.63624e+10	 1.13905e+11	 1.13905e+11	 
 0.00115	 7.53849e+10	 8.16778e+10	 8.16778e+10	 2.50475e+10	 1.04767e+11	 1.04767e+11	 
  0.0012	 7.01766e+10	 7.59951e+10	 7.59951e+10	 2.3633e+10	 9.57706e+10	 9.57706e+10	 
 0.00125	 6.51237e+10	 7.04905e+10	 7.04905e+10	 2.21933e+10	 8.7251e+10	 8.7251e+10	 
  0.0013	 6.02855e+10	 6.52263e+10	 6.52263e+10	 2.07634e+10	 7.93212e+10	 7.93212e+10	 
 0.00135	 5.55976e+10	 6.0131e+10	 6.0131e+10	 1.93346e+10	 7.18301e+10	 7.18301e+10	 
  0.0014	 5.11861e+10	 5.53423e+10	 5.53423e+10	 1.79393e+10	 6.49498e+10	 6.49498e+10	 
 0.00145	 4.70354e+10	 5.0841e+10	 5.0841e+10	 1.65938e+10	 5.85821e+10	 5.85821e+10	 
  0.0015	 4.30756e+10	 4.65489e+10	 4.65489e+10	 1.52922e+10	 5.2652e+10	 5.2652e+10	 
 0.00155	 3.9367e+10	 4.25306e+10	 4.25306e+10	 1.4061e+10	 4.729e+10	 4.729e+10	 
  0.0016	 3.59259e+10	 3.88038e+10	 3.88038e+10	 1.29052e+10	 4.24582e+10	 4.24582e+10	 
 0.00165	 3.26929e+10	 3.53039e+10	 3.53039e+10	 1.18063e+10	 3.8004e+10	 3.8004e+10	 
  0.0017	 2.96747e+10	 3.20383e+10	 3.20383e+10	 1.07674e+10	 3.39278e+10	 3.39278e+10	 
 0.00175	 2.69338e+10	 2.90739e+10	 2.90739e+10	 9.81477e+09	 3.03183e+10	 3.03183e+10	 
  0.0018	 2.4425e+10	 2.63617e+10	 2.63617e+10	 8.93276e+09	 2.70853e+10	 2.70853e+10	 
 0.00185	 2.20743e+10	 2.38214e+10	 2.38214e+10	 8.09816e+09	 2.41227e+10	 2.41227e+10	 
  0.0019	 1.99082e+10	 2.14814e+10	 2.14814e+10	 7.32358e+09	 2.14411e+10	 2.14411e+10	 
 0.00195	 1.79578e+10	 1.93749e+10	 1.93749e+10	 6.62249e+09	 1.90709e+10	 1.90709e+10	 
   0.002	 1.61832e+10	 1.74583e+10	 1.74583e+10	 5.98304e+09	 1.69708e+10	 1.69708e+10	 
 0.00205	 1.45412e+10	 1.56852e+10	 1.56852e+10	 5.38991e+09	 1.50784e+10	 1.50784e+10	 
  0.0021	 1.30185e+10	 1.40411e+10	 1.40411e+10	 4.8383e+09	 1.33592e+10	 1.33592e+10	 
 0.00215	 1.16409e+10	 1.25541e+10	 1.25541e+10	 4.33613e+09	 1.18232e+10	 1.18232e+10	 
  0.0022	 1.04221e+10	 1.12387e+10	 1.12387e+10	 3.89e+09	 1.04905e+10	 1.04905e+10	 
 0.00225	 9.29304e+09	 1.00203e+10	 1.00203e+10	 3.47579e+09	 9.27069e+09	 9.27069e+09	 
  0.0023	 8.27284e+09	 8.91937e+09	 8.91937e+09	 3.10117e+09	 8.19196e+09	 8.19196e+09	 
 0.00235	 7.34563e+09	 7.91883e+09	 7.91883e+09	 2.76051e+09	 7.22878e+09	 7.22878e+09	 
  0.0024	 6.53443e+09	 7.04361e+09	 7.04361e+09	 2.46142e+09	 6.39576e+09	 6.39576e+09	 
 0.00245	 5.79164e+09	 6.24229e+09	 6.24229e+09	 2.18682e+09	 5.63896e+09	 5.63896e+09	 
  0.0025	 5.11925e+09	 5.51702e+09	 5.51702e+09	 1.93743e+09	 4.95991e+09	 4.95991e+09	 
 0.00255	 4.51984e+09	 4.87055e+09	 4.87055e+09	 1.71447e+09	 4.36056e+09	 4.36056e+09	 
  0.0026	 3.99634e+09	 4.30603e+09	 4.30603e+09	 1.51907e+09	 3.84202e+09	 3.84202e+09	 
 0.00265	 3.53043e+09	 3.80367e+09	 3.80367e+09	 1.34472e+09	 3.38423e+09	 3.38423e+09	 
  0.0027	 3.1154e+09	 3.35622e+09	 3.35622e+09	 1.18897e+09	 2.97866e+09	 2.97866e+09	 
 0.00275	 2.73925e+09	 2.95073e+09	 2.95073e+09	 1.04755e+09	 2.61336e+09	 2.61336e+09	 
  0.0028	 2.40284e+09	 2.58812e+09	 2.58812e+09	 9.20758e+08	 2.28817e+09	 2.28817e+09	 
 0.00285	 2.10898e+09	 2.2714e+09	 2.2714e+09	 8.09744e+08	 2.00551e+09	 2.00551e+09	 
  0.0029	 1.85392e+09	 1.99653e+09	 1.99653e+09	 7.13196e+08	 1.76111e+09	 1.76111e+09	 
 0.00295	 1.62537e+09	 1.75023e+09	 1.75023e+09	 6.26515e+08	 1.54293e+09	 1.54293e+09	 
   0.003	 1.42745e+09	 1.53698e+09	 1.53698e+09	 5.51284e+08	 1.35457e+09	 1.35457e+09	 
 0.00305	 1.2458e+09	 1.34128e+09	 1.34128e+09	 4.82091e+08	 1.18232e+09	 1.18232e+09	 
  0.0031	 1.08664e+09	 1.16981e+09	 1.16981e+09	 4.21341e+08	 1.03151e+09	 1.03151e+09	 
 0.00315	 9.50365e+08	 1.02302e+09	 1.02302e+09	 3.69193e+08	 9.02432e+08	 9.02432e+08	 
  0.0032	 8.28965e+08	 8.9226e+08	 8.9226e+08	 3.2266e+08	 7.87694e+08	 7.87694e+08	 
 0.00325	 7.26809e+08	 7.8224e+08	 7.8224e+08	 2.83403e+08	 6.91147e+08	 6.91147e+08	 
  0.0033	 6.34112e+08	 6.82416e+08	 6.82416e+08	 2.47717e+08	 6.03569e+08	 6.03569e+08	 
 0.00335	 5.49612e+08	 5.91426e+08	 5.91426e+08	 2.15133e+08	 5.23867e+08	 5.23867e+08	 
  0.0034	 4.78287e+08	 5.14631e+08	 5.14631e+08	 1.87561e+08	 4.56481e+08	 4.56481e+08	 
 0.00345	 4.16047e+08	 4.47625e+08	 4.47625e+08	 1.63449e+08	 3.97603e+08	 3.97603e+08	 
  0.0035	 3.61985e+08	 3.89428e+08	 3.89428e+08	 1.42471e+08	 3.46438e+08	 3.46438e+08	 
 0.00355	 3.16561e+08	 3.40535e+08	 3.40535e+08	 1.24796e+08	 3.03293e+08	 3.03293e+08	 
  0.0036	 2.73575e+08	 2.94268e+08	 2.94268e+08	 1.08053e+08	 2.62572e+08	 2.62572e+08	 
 0.00365	 2.37245e+08	 2.55169e+08	 2.55169e+08	 9.38703e+07	 2.28085e+08	 2.28085e+08	 
  0.0037	 2.05952e+08	 2.21495e+08	 2.21495e+08	 8.16256e+07	 1.98365e+08	 1.98365e+08	 
 0.00375	 1.77351e+08	 1.90718e+08	 1.90718e+08	 7.04242e+07	 1.71153e+08	 1.71153e+08	 
  0.0038	 1.55407e+08	 1.67109e+08	 1.67109e+08	 6.17981e+07	 1.50187e+08	 1.50187e+08	 
 0.00385	 1.34606e+08	 1.44731e+08	 1.44731e+08	 5.36162e+07	 1.303e+08	 1.303e+08	 
  0.0039	 1.16237e+08	 1.2497e+08	 1.2497e+08	 4.63781e+07	 1.12735e+08	 1.12735e+08	 
 0.00395	 1.00727e+08	 1.08287e+08	 1.08287e+08	 4.02528e+07	 9.78844e+07	 9.78844e+07	 
   0.004	 8.65257e+07	 9.30122e+07	 9.30122e+07	 3.46392e+07	 8.42268e+07	 8.42268e+07	 
 0.00405	 7.5222e+07	 8.08555e+07	 8.08555e+07	 3.0158e+07	 7.33734e+07	 7.33734e+07	 
  0.0041	 6.5285e+07	 7.01695e+07	 7.01695e+07	 2.62131e+07	 6.37826e+07	 6.37826e+07	 
 0.00415	 5.63047e+07	 6.05129e+07	 6.05129e+07	 2.26428e+07	 5.51416e+07	 5.51416e+07	 
  0.0042	 4.87626e+07	 5.24035e+07	 5.24035e+07	 1.96384e+07	 4.78262e+07	 4.78262e+07	 
 0.00425	 4.1864e+07	 4.49864e+07	 4.49864e+07	 1.68874e+07	 4.11556e+07	 4.11556e+07	 
  0.0043	 3.60876e+07	 3.87764e+07	 3.87764e+07	 1.45794e+07	 3.55558e+07	 3.55558e+07	 
 0.00435	 3.12759e+07	 3.3604e+07	 3.3604e+07	 1.2653e+07	 3.08377e+07	 3.08377e+07	 
  0.0044	 2.70451e+07	 2.90564e+07	 2.90564e+07	 1.09566e+07	 2.67294e+07	 2.67294e+07	 
 0.00445	 2.33306e+07	 2.50639e+07	 2.50639e+07	 9.46513e+06	 2.30821e+07	 2.30821e+07	 
  0.0045	 2.00641e+07	 2.15533e+07	 2.15533e+07	 8.15161e+06	 1.98986e+07	 1.98986e+07	 
 0.00455	 1.7157e+07	 1.84291e+07	 1.84291e+07	 6.98111e+06	 1.70332e+07	 1.70332e+07	 
  0.0046	 1.48546e+07	 1.59551e+07	 1.59551e+07	 6.05207e+06	 1.47815e+07	 1.47815e+07	 
 0.00465	 1.28376e+07	 1.37878e+07	 1.37878e+07	 5.23697e+06	 1.28063e+07	 1.28063e+07	 
  0.0047	 1.10664e+07	 1.18848e+07	 1.18848e+07	 4.52033e+06	 1.10579e+07	 1.10579e+07	 
 0.00475	 9.52266e+06	 1.02262e+07	 1.02262e+07	 3.89472e+06	 9.54383e+06	 9.54383e+06	 
  0.0048	 8.14352e+06	 8.7446e+06	 8.7446e+06	 3.33535e+06	 8.17484e+06	 8.17484e+06	 
 0.00485	 7.01261e+06	 7.52975e+06	 7.52975e+06	 2.87586e+06	 7.04858e+06	 7.04858e+06	 
  0.0049	 6.05595e+06	 6.50217e+06	 6.50217e+06	 2.48648e+06	 6.0884e+06	 6.0884e+06	 
 0.00495	 5.22602e+06	 5.61078e+06	 5.61078e+06	 2.14826e+06	 5.22723e+06	 5.22723e+06	 
   0.005	 4.48019e+06	 4.80975e+06	 4.80975e+06	 1.844e+06	 4.49374e+06	 4.49374e+06	 
 0.00505	 3.84531e+06	 4.12792e+06	 4.12792e+06	 1.58462e+06	 3.86879e+06	 3.86879e+06	 
  0.0051	 3.28358e+06	 3.52469e+06	 3.52469e+06	 1.35486e+06	 3.31379e+06	 3.31379e+06	 
 0.00515	 2.81871e+06	 3.02553e+06	 3.02553e+06	 1.16433e+06	 2.86358e+06	 2.86358e+06	 
  0.0052	 2.43023e+06	 2.6084e+06	 2.6084e+06	 1.00497e+06	 2.47409e+06	 2.47409e+06	 
 0.00525	 2.08194e+06	 2.23445e+06	 2.23445e+06	   861966	 2.1136e+06	 2.1136e+06	 
  0.0053	 1.78737e+06	 1.9182e+06	 1.9182e+06	   740850	 1.81885e+06	 1.81885e+06	 
 0.00535	 1.51949e+06	 1.63062e+06	 1.63062e+06	   630608	 1.55175e+06	 1.55175e+06	 
  0.0054	 1.31503e+06	 1.41113e+06	 1.41113e+06	   546296	 1.33415e+06	 1.33415e+06	 
 0.00545	 1.13419e+06	 1.21702e+06	 1.21702e+06	   471646	 1.15299e+06	 1.15299e+06	 
  0.0055	   967975	 1.03861e+06	 1.03861e+06	   402963	   990047	   990047	 
 0.00555	   827287	   887606	   887606	   344777	   844572	   844572	 
  0.0056	   707822	   759392	   759392	   295309	   711838	   711838	 
 0.00565	   604339	   648337	   648337	   252386	   613324	   613324	 
  0.0057	   521078	   558990	   558990	   217820	   530012	   530012	 
 0.00575	   447384	   479911	   479911	   187196	   445177	   445177	 
  0.0058	   379470	   407038	   407038	   158946	   379716	   379716	 
 0.00585	   318263	   341367	   341367	   133446	   324006	   324006	 
  0.0059	   273299	   293125	   293125	   114702	   274172	   274172	 
 0.00595	   236165	   253287	   253287	  99202.3	   217436	   217436	 
   0.006	   198145	   212502	   212502	    83302	   186527	   186527	 
 0.00605	   169273	   181530	   181530	  71231.4	   159501	   159501	 
  0.0061	   143418	   153795	   153795	  60413.9	   135554	   135554	 
 0.00615	   121563	   130353	   130353	    51255	  92505.4	  92505.4	 
  0.0062	   104055	   111575	   111575	  43907.8	  79653.5	  79653.5	 
 0.00625	  80950.9	  86797.6	  86797.6	    34182	  66838.7	  66838.7	 
  0.0063	  69460.5	  74474.2	  74474.2	  29354.7	  57583.5	  57583.5	 
 0.00635	  58884.9	  63132.3	  63132.3	  24909.2	  49269.9	  49269.9	 
  0.0064	  50104.4	    53716	    53716	  21214.6	  40136.9	  40136.9	 
 0.00645	  32379.9	  34713.5	  34713.5	  13712.8	  27367.2	  27367.2	 
  0.0065	  27922.8	  29934.1	  29934.1	  11834.5	  19286.2	  19286.2	 
 0.00655	  23984.5	    25711	    25711	  10173.4	  12628.1	  12628.1	 
  0.0066	  20506.5	  21981.8	  21981.8	  8705.31	    10700	    10700	 
 0.00665	  16976.4	  18197.2	  18197.2	   7211.5	  6090.19	  6090.19	 
  0.0067	    11419	  12240.1	  12240.1	  4851.01	  2571.76	  2571.76	 
 0.00675	  9820.71	  10526.5	  10526.5	  4175.15	  2087.58	  2087.58	 
  0.0068	  6427.07	  6889.08	  6889.08	  2731.38	  1365.69	  1365.69	 
 0.00685	  3643.61	  3905.83	  3905.83	  1546.05	  773.027	  773.027	 
  0.0069	  1454.51	  1559.72	  1559.72	  612.874	  306.437	  306.437	 
 0.00695	  1199.44	  1286.18	  1286.18	  505.664	  252.832	  252.832	 
   0.007	  85.8864	  92.8586	  92.8586	  30.1149	  15.0575	  15.0575	 
 0.00705	   13.445	  15.1258	  15.1258	 4.04115e-30	 4.04115e-30	 4.04115e-30	 
  0.0071	  11.5838	  13.0319	  13.0319	 4.04115e-30	 4.04115e-30	 4.04115e-30	 
 0.00715	  9.97804	  11.2254	  11.2254	 4.04115e-30	 4.04115e-30	 4.04115e-30	 
  0.0072	  8.59375	  9.66808	  9.66808	 4.04115e-30	 4.04115e-30	 4.04115e-30	 
 0.00725	  7.40069	  8.32587	  8.32587	 4.04115e-30	 4.04115e-30	 4.04115e-30	 
  0.0073	  6.37199	  7.16857	  7.16857	 4.04115e-30	 4.04115e-30	 4.04115e-30	 
 0.00735	  5.48544	  6.17119	  6.17119	 4.04115e-30	 4.04115e-30	 4.04115e-30	 
  0.0074	  4.72153	  5.31178	  5.31178	 4.04115e-30	 4.04115e-30	 4.04115e-30	 
 0.00745	  4.06345	  4.57143	  4.57143	 4.04115e-30	 4.04115e-30	 4.04115e-30	 
  0.0075	   3.4965	   3.9336	   3.9336	 4.04115e-30	 4.04115e-30	 4.04115e-30	 
 0.00755	  3.00828	  3.38435	  3.38435	 4.04115e-30	 4.04115e-30	 4.04115e-30	 
  0.0076	   2.5878	  2.91131	  2.91131	 4.04115e-30	 4.04115e-30	 4.04115e-30	 
 0.00765	  2.22578	  2.50403	  2.50403	 4.04115e-30	 4.04115e-30	 4.04115e-30	 
  0.0077	  1.91416	  2.15346	  2.15346	 4.04115e-30	 4.04115e-30	 4.04115e-30	 
 0.00775	  1.64597	  1.85174	  1.85174	 4.04115e-30	 4.04115e-30	 4.04115e-30	 
  0.0078	   1.4151	  1.59201	  1.59201	 4.04115e-30	 4.04115e-30	 4.04115e-30	 
 0.00785	  1.21644	  1.36851	  1.36851	 4.04115e-30	 4.04115e-30	 4.04115e-30	 
  0.0079	  1.04557	  1.17628	  1.17628	 4.04115e-30	 4.04115e-30	 4.04115e-30	 
 0.00795	 0.898627	  1.01097	  1.01097	 4.04115e-30	 4.04115e-30	 4.04115e-30	 
   0.008	  0.77216	  0.86869	  0.86869	 4.04115e-30	 4.04115e-30	 4.04115e-30	 
 0.00805	  0.66343	 0.746367	 0.746367	 4.04115e-30	 4.04115e-30	 4.04115e-30	 
  0.0081	 0.569936	 0.641185	 0.641185	 4.04115e-30	 4.04115e-30	 4.04115e-30	 
 0.00815	 0.489565	 0.550767	 0.550767	 4.04115e-30	 4.04115e-30	 4.04115e-30	 
  0.0082	 0.420467	  0.47303	  0.47303	 4.04115e-30	 4.04115e-30	 4.04115e-30	 
 0.00825	 0.361077	 0.406216	 0.406216	 4.04115e-30	 4.04115e-30	 4.04115e-30	 
  0.0083	 0.310041	   0.3488	   0.3488	 4.04115e-30	 4.04115e-30	 4.04115e-30	 
 0.00835	 0.266189	 0.299467	 0.299467	 4.04115e-30	 4.04115e-30	 4.04115e-30	 
  0.0084	 0.228509	 0.257075	 0.257075	 4.04115e-30	 4.04115e-30	 4.04115e-30	 
 0.00845	 0.196139	 0.220659	 0.220659	 4.04115e-30	 4.04115e-30	 4.04115e-30	 
  0.0085	 0.168337	 0.189381	 0.189381	 4.04115e-30	 4.04115e-30	 4.04115e-30	 
 0.00855	  0.14446	  0.16252	  0.16252	 4.04115e-30	 4.04115e-30	 4.04115e-30	 
  0.0086	 0.123959	 0.139455	 0.139455	 4.04115e-30	 4.04115e-30	 4.04115e-30	 
 0.00865	 0.106353	 0.119649	 0.119649	 4.04115e-30	 4.04115e-30	 4.04115e-30	 
  0.0087	 0.0912331	 0.102638	 0.102638	 4.04115e-30	 4.04115e-30	 4.04115e-30	 
 0.00875	 0.0782573	 0.0880405	 0.0880405	 4.04115e-30	 4.04115e-30	 4.04115e-30	 
  0.0088	 0.067121	 0.075512	 0.075512	 4.04115e-30	 4.04115e-30	 4.04115e-30	 
 0.00885	 0.0575619	 0.0647578	 0.0647578	 4.04115e-30	 4.04115e-30	 4.04115e-30	 
  0.0089	 0.0493599	 0.0555305	 0.0555305	 4.04115e-30	 4.04115e-30	 4.04115e-30	 
 0.00895	 0.0423215	 0.0476122	 0.0476122	 4.04115e-30	 4.04115e-30	 4.04115e-30	 
   0.009	 0.0362834	 0.0408193	 0.0408193	 4.04115e-30	 4.04115e-30	 4.04115e-30	 
 0.00905	 0.0311032	 0.0349915	 0.0349915	 4.04115e-30	 4.04115e-30	 4.04115e-30	 
  0.0091	  0.02666	 0.0299928	 0.0299928	 4.04115e-30	 4.04115e-30	 4.04115e-30	 
 0.00915	 0.0228493	 0.0257058	 0.0257058	 4.04115e-30	 4.04115e-30	 4.04115e-30	 
  0.0092	 0.0195814	 0.0220293	 0.0220293	 4.04115e-30	 4.04115e-30	 4.04115e-30	 
 0.00925	 0.0167795	 0.0188771	 0.0188771	 4.04115e-30	 4.04115e-30	 4.04115e-30	 
  0.0093	 0.0143771	 0.0161744	 0.0161744	 4.04115e-30	 4.04115e-30	 4.04115e-30	 
 0.00935	 0.0123169	 0.0138567	 0.0138567	 4.04115e-30	 4.04115e-30	 4.04115e-30	 
  0.0094	 0.0105517	 0.0118708	 0.0118708	 4.04115e-30	 4.04115e-30	 4.04115e-30	 
 0.00945	 0.00903815	 0.010168	 0.010168	 4.04115e-30	 4.04115e-30	 4.04115e-30	 
  0.0095	 0.00774111	 0.00870885	 0.00870885	 4.04115e-30	 4.04115e-30	 4.04115e-30	 
 0.00955	 0.00662965	 0.00745844	 0.00745844	 4.04115e-30	 4.04115e-30	 4.04115e-30	 
  0.0096	 0.00567722	 0.00638694	 0.00638694	 4.04115e-30	 4.04115e-30	 4.04115e-30	 
 0.00965	 0.0048612	 0.00546891	 0.00546891	 4.04115e-30	 4.04115e-30	 4.04115e-30	 
  0.0097	 0.00416208	 0.0046824	 0.0046824	 4.04115e-30	 4.04115e-30	 4.04115e-30	 
 0.00975	 0.00356323	 0.00400868	 0.00400868	 4.04115e-30	 4.04115e-30	 4.04115e-30	 
  0.0098	 0.00305024	 0.00343156	 0.00343156	 4.04115e-30	 4.04115e-30	 4.04115e-30	 
 0.00985	 0.00261087	 0.00293727	 0.00293727	 4.04115e-30	 4.04115e-30	 4.04115e-30	 
  0.0099	 0.00223461	 0.00251396	 0.00251396	 4.04115e-30	 4.04115e-30	 4.04115e-30	 
 0.00995	 0.00191246	 0.00215154	 0.00215154	 4.04115e-30	 4.04115e-30	 4.04115e-30	 
    0.01	 0.00163661	 0.0018412	 0.0018412	 4.04115e-30	 4.04115e-30	 4.04115e-30	 
 0.01005	 0.00140039	 0.00157546	 0.00157546	 4.04115e-30	 4.04115e-30	 4.04115e-30	 
  0.0101	 0.00119817	 0.00134796	 0.00134796	 4.04115e-30	 4.04115e-30	 4.04115e-30	 
 0.01015	 0.00102506	 0.0011532	 0.0011532	 4.04115e-30	 4.04115e-30	 4.04115e-30	 
  0.0102	 0.000876949	 0.000986579	 0.000986579	 4.04115e-30	 4.04115e-30	 4.04115e-30	 
 0.01025	 0.000750134	 0.00084391	 0.00084391	 4.04115e-30	 4.04115e-30	 4.04115e-30	 
  0.0103	 0.000641613	 0.000721822	 0.000721822	 4.04115e-30	 4.04115e-30	 4.04115e-30	 
 0.01035	 0.000548754	 0.000617355	 0.000617355	 4.04115e-30	 4.04115e-30	 4.04115e-30	 
  0.0104	 0.000469296	 0.000527964	 0.000527964	 4.04115e-30	 4.04115e-30	 4.04115e-30	 
 0.01045	 0.000401313	 0.000451482	 0.000451482	 4.04115e-30	 4.04115e-30	 4.04115e-30	 
  0.0105	 0.000343154	 0.000386053	 0.000386053	 4.04115e-30	 4.04115e-30	 4.04115e-30	 
 0.01055	 0.000293403	 0.000330082	 0.000330082	 4.04115e-30	 4.04115e-30	 4.04115e-30	 
  0.0106	 0.000250845	 0.000282203	 0.000282203	 4.04115e-30	 4.04115e-30	 4.04115e-30	 
 0.01065	 0.000214441	 0.000241249	 0.000241249	 4.04115e-30	 4.04115e-30	 4.04115e-30	 
  0.0107	 0.00018331	 0.000206226	 0.000206226	 4.04115e-30	 4.04115e-30	 4.04115e-30	 
 0.01075	 0.000156685	 0.000176273	 0.000176273	 4.04115e-30	 4.04115e-30	 4.04115e-30	 
  0.0108	 0.000133923	 0.000150665	 0.000150665	 4.04115e-30	 4.04115e-30	 4.04115e-30	 
 0.01085	 0.000114452	 0.00012876	 0.00012876	 4.04115e-30	 4.04115e-30	 4.04115e-30	 
  0.0109	 9.78139e-05	 0.000110042	 0.000110042	 4.04115e-30	 4.04115e-30	 4.04115e-30	 
 0.01095	 8.35839e-05	 9.40329e-05	 9.40329e-05	 4.04115e-30	 4.04115e-30	 4.04115e-30	 
   0.011	 7.14179e-05	 8.03461e-05	 8.03461e-05	 4.04115e-30	 4.04115e-30	 4.04115e-30	 
 0.01105	 6.10195e-05	 6.86477e-05	 6.86477e-05	 4.04115e-30	 4.04115e-30	 4.04115e-30	 
  0.0111	 5.21323e-05	 5.86495e-05	 5.86495e-05	 4.04115e-30	 4.04115e-30	 4.04115e-30	 
 0.01115	 4.45365e-05	 5.01041e-05	 5.01041e-05	 4.04115e-30	 4.04115e-30	 4.04115e-30	 
  0.0112	 3.80447e-05	 4.28008e-05	 4.28008e-05	 4.04115e-30	 4.04115e-30	 4.04115e-30	 
 0.01125	 3.24968e-05	 3.65593e-05	 3.65593e-05	 4.04115e-30	 4.04115e-30	 4.04115e-30	 
  0.0113	 2.77563e-05	 3.12261e-05	 3.12261e-05	 4.04115e-30	 4.04115e-30	 4.04115e-30	 
 0.01135	 2.37064e-05	 2.667e-05	 2.667e-05	 4.04115e-30	 4.04115e-30	 4.04115e-30	 
  0.0114	 2.02456e-05	 2.27766e-05	 2.27766e-05	 4.04115e-30	 4.04115e-30	 4.04115e-30	 
 0.01145	 1.72889e-05	 1.94503e-05	 1.94503e-05	 4.04115e-30	 4.04115e-30	 4.04115e-30	 
  0.0115	 1.47634e-05	 1.66091e-05	 1.66091e-05	 4.04115e-30	 4.04115e-30	 4.04115e-30	 
 0.01155	 1.26057e-05	 1.41816e-05	 1.41816e-05	 4.04115e-30	 4.04115e-30	 4.04115e-30	 
  0.0116	 1.07623e-05	 1.21077e-05	 1.21077e-05	 4.04115e-30	 4.04115e-30	 4.04115e-30	 
 0.01165	 9.18834e-06	 1.0337e-05	 1.0337e-05	 4.04115e-30	 4.04115e-30	 4.04115e-30	 
  0.0117	 7.84431e-06	 8.82495e-06	 8.82495e-06	 4.04115e-30	 4.04115e-30	 4.04115e-30	 
 0.01175	 6.69639e-06	 7.53352e-06	 7.53352e-06	 4.04115e-30	 4.04115e-30	 4.04115e-30	 
  0.0118	 5.716e-06	 6.43058e-06	 6.43058e-06	 4.04115e-30	 4.04115e-30	 4.04115e-30	 
 0.01185	 4.87893e-06	 5.48886e-06	 5.48886e-06	 4.04115e-30	 4.04115e-30	 4.04115e-30	 
  0.0119	 4.16417e-06	 4.68475e-06	 4.68475e-06	 4.04115e-30	 4.04115e-30	 4.04115e-30	 
 0.01195	 3.55386e-06	 3.99814e-06	 3.99814e-06	 4.04115e-30	 4.04115e-30	 4.04115e-30	 
   0.012	 3.0329e-06	 3.41205e-06	 3.41205e-06	 4.04115e-30	 4.04115e-30	 4.04115e-30	 
 0.01205	 2.58811e-06	 2.91166e-06	 2.91166e-06	 4.04115e-30	 4.04115e-30	 4.04115e-30	 
  0.0121	 2.20844e-06	 2.48452e-06	 2.48452e-06	 4.04115e-30	 4.04115e-30	 4.04115e-30	 
 0.01215	 1.88443e-06	 2.12001e-06	 2.12001e-06	 4.04115e-30	 4.04115e-30	 4.04115e-30	 
  0.0122	 1.60781e-06	 1.8088e-06	 1.8088e-06	 4.04115e-30	 4.04115e-30	 4.04115e-30	 
 0.01225	 1.37175e-06	 1.54323e-06	 1.54323e-06	 4.04115e-30	 4.04115e-30	 4.04115e-30	 
  0.0123	 1.17022e-06	 1.31651e-06	 1.31651e-06	 4.04115e-30	 4.04115e-30	 4.04115e-30	 
 0.01235	 9.98269e-07	 1.12306e-06	 1.12306e-06	 4.04115e-30	 4.04115e-30	 4.04115e-30	 
  0.0124	 8.51556e-07	 9.58011e-07	 9.58011e-07	 4.04115e-30	 4.04115e-30	 4.04115e-30	 
 0.01245	 7.26373e-07	 8.17179e-07	 8.17179e-07	 4.04115e-30	 4.04115e-30	 4.04115e-30	 
  0.0125	 6.19555e-07	 6.97007e-07	 6.97007e-07	 4.04115e-30	 4.04115e-30	 4.04115e-30	 
 0.01255	 5.28415e-07	 5.94474e-07	 5.94474e-07	 4.04115e-30	 4.04115e-30	 4.04115e-30	 
  0.0126	 4.50653e-07	 5.0699e-07	 5.0699e-07	 4.04115e-30	 4.04115e-30	 4.04115e-30	 
 0.01265	 3.84319e-07	 4.32364e-07	 4.32364e-07	 4.04115e-30	 4.04115e-30	 4.04115e-30	 
  0.0127	 3.27732e-07	 3.68702e-07	 3.68702e-07	 4.04115e-30	 4.04115e-30	 4.04115e-30	 
 0.01275	 2.79467e-07	 3.14404e-07	 3.14404e-07	 4.04115e-30	 4.04115e-30	 4.04115e-30	 
  0.0128	 2.38295e-07	 2.68084e-07	 2.68084e-07	 4.04115e-30	 4.04115e-30	 4.04115e-30	 
 0.01285	 2.03176e-07	 2.28576e-07	 2.28576e-07	 4.04115e-30	 4.04115e-30	 4.04115e-30	 
  0.0129	 1.7323e-07	 1.94886e-07	 1.94886e-07	 4.04115e-30	 4.04115e-30	 4.04115e-30	 
 0.01295	 1.47689e-07	 1.66152e-07	 1.66152e-07	 4.04115e-30	 4.04115e-30	 4.04115e-30	 
   0.013	 1.25902e-07	 1.41642e-07	 1.41642e-07	 4.04115e-30	 4.04115e-30	 4.04115e-30	 
 0.01305	 1.07329e-07	 1.20746e-07	 1.20746e-07	 4.04115e-30	 4.04115e-30	 4.04115e-30	 
  0.0131	 9.14886e-08	 1.02926e-07	 1.02926e-07	 4.04115e-30	 4.04115e-30	 4.04115e-30	 
 0.01315	 7.79863e-08	 8.77356e-08	 8.77356e-08	 4.04115e-30	 4.04115e-30	 4.04115e-30	 
  0.0132	 6.64699e-08	 7.47795e-08	 7.47795e-08	 4.04115e-30	 4.04115e-30	 4.04115e-30	 
 0.01325	 5.66529e-08	 6.37353e-08	 6.37353e-08	 4.04115e-30	 4.04115e-30	 4.04115e-30	 
  0.0133	 4.82837e-08	 5.43198e-08	 5.43198e-08	 4.04115e-30	 4.04115e-30	 4.04115e-30	 
 0.01335	 4.11486e-08	 4.62927e-08	 4.62927e-08	 4.04115e-30	 4.04115e-30	 4.04115e-30	 
  0.0134	 3.50664e-08	 3.94501e-08	 3.94501e-08	 4.04115e-30	 4.04115e-30	 4.04115e-30	 
 0.01345	 2.98822e-08	 3.36179e-08	 3.36179e-08	 4.04115e-30	 4.04115e-30	 4.04115e-30	 
  0.0135	 2.54631e-08	 2.86463e-08	 2.86463e-08	 4.04115e-30	 4.04115e-30	 4.04115e-30	 
 0.01355	 2.16965e-08	 2.44088e-08	 2.44088e-08	 4.04115e-30	 4.04115e-30	 4.04115e-30	 
  0.0136	 1.84859e-08	 2.07968e-08	 2.07968e-08	 4.04115e-30	 4.04115e-30	 4.04115e-30	 
 0.01365	 1.57498e-08	 1.77187e-08	 1.77187e-08	 4.04115e-30	 4.04115e-30	 4.04115e-30	 
  0.0137	 1.34186e-08	 1.50961e-08	 1.50961e-08	 4.04115e-30	 4.04115e-30	 4.04115e-30	 
 0.01375	 1.1432e-08	 1.28612e-08	 1.28612e-08	 4.04115e-30	 4.04115e-30	 4.04115e-30	 
  0.0138	 9.73881e-09	 1.09563e-08	 1.09563e-08	 4.04115e-30	 4.04115e-30	 4.04115e-30	 
 0.01385	 8.29568e-09	 9.33275e-09	 9.33275e-09	 4.04115e-30	 4.04115e-30	 4.04115e-30	 
  0.0139	 7.06654e-09	 7.94995e-09	 7.94995e-09	 4.04115e-30	 4.04115e-30	 4.04115e-30	 
 0.01395	 6.01919e-09	 6.77166e-09	 6.77166e-09	 4.04115e-30	 4.04115e-30	 4.04115e-30	 
   0.014	 5.12683e-09	 5.76775e-09	 5.76775e-09	 4.04115e-30	 4.04115e-30	 4.04115e-30	 
 0.01405	 4.36655e-09	 4.91243e-09	 4.91243e-09	 4.04115e-30	 4.04115e-30	 4.04115e-30	 
  0.0141	 3.71892e-09	 4.18384e-09	 4.18384e-09	 4.04115e-30	 4.04115e-30	 4.04115e-30	 
 0.01415	 3.16722e-09	 3.56316e-09	 3.56316e-09	 4.04115e-30	 4.04115e-30	 4.04115e-30	 
  0.0142	 2.6972e-09	 3.03438e-09	 3.03438e-09	 4.04115e-30	 4.04115e-30	 4.04115e-30	 
 0.01425	 2.29693e-09	 2.58408e-09	 2.58408e-09	 4.04115e-30	 4.04115e-30	 4.04115e-30	 
  0.0143	 1.95589e-09	 2.2004e-09	 2.2004e-09	 4.04115e-30	 4.04115e-30	 4.04115e-30	 
 0.01435	 1.66548e-09	 1.87369e-09	 1.87369e-09	 4.04115e-30	 4.04115e-30	 4.04115e-30	 
  0.0144	 1.41812e-09	 1.59541e-09	 1.59541e-09	 4.04115e-30	 4.04115e-30	 4.04115e-30	 
 0.01445	 1.20746e-09	 1.35841e-09	 1.35841e-09	 4.04115e-30	 4.04115e-30	 4.04115e-30	 
  0.0145	 1.028e-09	 1.15651e-09	 1.15651e-09	 4.04115e-30	 4.04115e-30	 4.04115e-30	 
 0.01455	 8.75246e-10	 9.84663e-10	 9.84663e-10	 4.04115e-30	 4.04115e-30	 4.04115e-30	 
  0.0146	 7.45132e-10	 8.38283e-10	 8.38283e-10	 4.04115e-30	 4.04115e-30	 4.04115e-30	 
 0.01465	 6.34335e-10	 7.13635e-10	 7.13635e-10	 4.04115e-30	 4.04115e-30	 4.04115e-30	 
  0.0147	 5.39997e-10	 6.07504e-10	 6.07504e-10	 4.04115e-30	 4.04115e-30	 4.04115e-30	 
 0.01475	 4.59673e-10	 5.17138e-10	 5.17138e-10	 4.04115e-30	 4.04115e-30	 4.04115e-30	 
  0.0148	 3.91286e-10	 4.40202e-10	 4.40202e-10	 4.04115e-30	 4.04115e-30	 4.04115e-30	 
 0.01485	 3.33058e-10	 3.74694e-10	 3.74694e-10	 4.04115e-30	 4.04115e-30	 4.04115e-30	 
  0.0149	 2.83485e-10	 3.18925e-10	 3.18925e-10	 4.04115e-30	 4.04115e-30	 4.04115e-30	 
 0.01495	 2.41283e-10	 2.71447e-10	 2.71447e-10	 4.04115e-30	 4.04115e-30	 4.04115e-30	 
   0.015	 2.05352e-10	 2.31023e-10	 2.31023e-10	 4.04115e-30	 4.04115e-30	 4.04115e-30	 
 0.01505	 1.74771e-10	 1.96619e-10	 1.96619e-10	 4.04115e-30	 4.04115e-30	 4.04115e-30	 
  0.0151	 1.48734e-10	 1.67327e-10	 1.67327e-10	 4.04115e-30	 4.04115e-30	 4.04115e-30	 
 0.01515	 1.26576e-10	 1.42399e-10	 1.42399e-10	 4.04115e-30	 4.04115e-30	 4.04115e-30	 
  0.0152	 1.07708e-10	 1.21173e-10	 1.21173e-10	 4.04115e-30	 4.04115e-30	 4.04115e-30	 
 0.01525	 9.16589e-11	 1.03117e-10	 1.03117e-10	 4.04115e-30	 4.04115e-30	 4.04115e-30	 
  0.0153	 7.79941e-11	 8.77444e-11	 8.77444e-11	 4.04115e-30	 4.04115e-30	 4.04115e-30	 
 0.01535	 6.63615e-11	 7.46576e-11	 7.46576e-11	 4.04115e-30	 4.04115e-30	 4.04115e-30	 
  0.0154	 5.64648e-11	 6.35236e-11	 6.35236e-11	 4.04115e-30	 4.04115e-30	 4.04115e-30	 
 0.01545	 4.80414e-11	 5.40472e-11	 5.40472e-11	 4.04115e-30	 4.04115e-30	 4.04115e-30	 
  0.0155	 4.08737e-11	 4.59835e-11	 4.59835e-11	 4.04115e-30	 4.04115e-30	 4.04115e-30	 
 0.01555	 3.47745e-11	 3.91218e-11	 3.91218e-11	 4.04115e-30	 4.04115e-30	 4.04115e-30	 
  0.0156	 2.95842e-11	 3.32826e-11	 3.32826e-11	 4.04115e-30	 4.04115e-30	 4.04115e-30	 
 0.01565	 2.51681e-11	 2.83144e-11	 2.83144e-11	 4.04115e-30	 4.04115e-30	 4.04115e-30	 
  0.0157	 2.14101e-11	 2.40866e-11	 2.40866e-11	 4.04115e-30	 4.04115e-30	 4.04115e-30	 
 0.01575	 1.82126e-11	 2.04894e-11	 2.04894e-11	 4.04115e-30	 4.04115e-30	 4.04115e-30	 
  0.0158	 1.5492e-11	 1.74287e-11	 1.74287e-11	 4.04115e-30	 4.04115e-30	 4.04115e-30	 
 0.01585	 1.31779e-11	 1.48253e-11	 1.48253e-11	 4.04115e-30	 4.04115e-30	 4.04115e-30	 
  0.0159	 1.1209e-11	 1.26103e-11	 1.26103e-11	 4.04115e-30	 4.04115e-30	 4.04115e-30	 
 0.01595	 9.53364e-12	 1.07255e-11	 1.07255e-11	 4.04115e-30	 4.04115e-30	 4.04115e-30	 
   0.016	 8.10909e-12	 9.12283e-12	 9.12283e-12	 4.04115e-30	 4.04115e-30	 4.04115e-30	 
 0.01605	 6.89644e-12	 7.75859e-12	 7.75859e-12	 4.04115e-30	 4.04115e-30	 4.04115e-30	 
  0.0161	 5.86527e-12	 6.59851e-12	 6.59851e-12	 4.04115e-30	 4.04115e-30	 4.04115e-30	 
 0.01615	 4.98809e-12	 5.61166e-12	 5.61166e-12	 4.04115e-30	 4.04115e-30	 4.04115e-30	 
  0.0162	 4.24198e-12	 4.77228e-12	 4.77228e-12	 4.04115e-30	 4.04115e-30	 4.04115e-30	 
 0.01625	 3.60736e-12	 4.05833e-12	 4.05833e-12	 4.04115e-30	 4.04115e-30	 4.04115e-30	 
  0.0163	 3.06766e-12	 3.45116e-12	 3.45116e-12	 4.04115e-30	 4.04115e-30	 4.04115e-30	 
 0.01635	 2.60855e-12	 2.93465e-12	 2.93465e-12	 4.04115e-30	 4.04115e-30	 4.04115e-30	 
  0.0164	 2.21812e-12	 2.49541e-12	 2.49541e-12	 4.04115e-30	 4.04115e-30	 4.04115e-30	 
 0.01645	 1.88606e-12	 2.12184e-12	 2.12184e-12	 4.04115e-30	 4.04115e-30	 4.04115e-30	 
  0.0165	 1.60362e-12	 1.8041e-12	 1.8041e-12	 4.04115e-30	 4.04115e-30	 4.04115e-30	 
 0.01655	 1.36346e-12	 1.53391e-12	 1.53391e-12	 4.04115e-30	 4.04115e-30	 4.04115e-30	 
  0.0166	 1.1593e-12	 1.30423e-12	 1.30423e-12	 4.04115e-30	 4.04115e-30	 4.04115e-30	 
 0.01665	 9.85649e-13	 1.10887e-12	 1.10887e-12	 4.04115e-30	 4.04115e-30	 4.04115e-30	 
  0.0167	 8.37929e-13	 9.42681e-13	 9.42681e-13	 4.04115e-30	 4.04115e-30	 4.04115e-30	 
 0.01675	 7.12375e-13	 8.01431e-13	 8.01431e-13	 4.04115e-30	 4.04115e-30	 4.04115e-30	 
  0.0168	 6.05604e-13	 6.81312e-13	 6.81312e-13	 4.04115e-30	 4.04115e-30	 4.04115e-30	 
 0.01685	 5.14828e-13	 5.79188e-13	 5.79188e-13	 4.04115e-30	 4.04115e-30	 4.04115e-30	 
  0.0169	 4.37646e-13	 4.92358e-13	 4.92358e-13	 4.04115e-30	 4.04115e-30	 4.04115e-30	 
 0.01695	 3.72024e-13	 4.18532e-13	 4.18532e-13	 4.04115e-30	 4.04115e-30	 4.04115e-30	 
   0.017	 3.16227e-13	 3.55759e-13	 3.55759e-13	 4.04115e-30	 4.04115e-30	 4.04115e-30	 
 0.01705	 2.68799e-13	 3.02402e-13	 3.02402e-13	 4.04115e-30	 4.04115e-30	 4.04115e-30	 
  0.0171	 2.2847e-13	 2.57032e-13	 2.57032e-13	 4.04115e-30	 4.04115e-30	 4.04115e-30	 
 0.01715	 1.94196e-13	 2.18472e-13	 2.18472e-13	 4.04115e-30	 4.04115e-30	 4.04115e-30	 
  0.0172	 1.65054e-13	 1.85688e-13	 1.85688e-13	 4.04115e-30	 4.04115e-30	 4.04115e-30	 
 0.01725	 1.40279e-13	 1.57816e-13	 1.57816e-13	 4.04115e-30	 4.04115e-30	 4.04115e-30	 
  0.0173	 1.19221e-13	 1.34125e-13	 1.34125e-13	 4.04115e-30	 4.04115e-30	 4.04115e-30	 
 0.01735	 1.01321e-13	 1.13988e-13	 1.13988e-13	 4.04115e-30	 4.04115e-30	 4.04115e-30	 
  0.0174	 8.61078e-14	 9.68724e-14	 9.68724e-14	 4.04115e-30	 4.04115e-30	 4.04115e-30	 
 0.01745	 7.31793e-14	 8.23276e-14	 8.23276e-14	 4.04115e-30	 4.04115e-30	 4.04115e-30	 
  0.0175	 6.21878e-14	 6.99621e-14	 6.99621e-14	 4.04115e-30	 4.04115e-30	 4.04115e-30	 
 0.01755	 5.28461e-14	 5.94526e-14	 5.94526e-14	 4.04115e-30	 4.04115e-30	 4.04115e-30	 
  0.0176	 4.49066e-14	 5.05205e-14	 5.05205e-14	 4.04115e-30	 4.04115e-30	 4.04115e-30	 
 0.01765	 3.81593e-14	 4.29297e-14	 4.29297e-14	 4.04115e-30	 4.04115e-30	 4.04115e-30	 
  0.0177	 3.24248e-14	 3.64783e-14	 3.64783e-14	 4.04115e-30	 4.04115e-30	 4.04115e-30	 
 0.01775	 2.75511e-14	 3.09953e-14	 3.09953e-14	 4.04115e-30	 4.04115e-30	 4.04115e-30	 
  0.0178	 2.34091e-14	 2.63355e-14	 2.63355e-14	 4.04115e-30	 4.04115e-30	 4.04115e-30	 
 0.01785	 1.98903e-14	 2.23768e-14	 2.23768e-14	 4.04115e-30	 4.04115e-30	 4.04115e-30	 
  0.0179	 1.68995e-14	 1.90121e-14	 1.90121e-14	 4.04115e-30	 4.04115e-30	 4.04115e-30	 
 0.01795	 1.43578e-14	 1.61527e-14	 1.61527e-14	 4.04115e-30	 4.04115e-30	 4.04115e-30	 
   0.018	 1.21985e-14	 1.37234e-14	 1.37234e-14	 4.04115e-30	 4.04115e-30	 4.04115e-30	 
 0.01805	 1.03636e-14	 1.16592e-14	 1.16592e-14	 4.04115e-30	 4.04115e-30	 4.04115e-30	 
  0.0181	 8.80433e-15	 9.90499e-15	 9.90499e-15	 4.04115e-30	 4.04115e-30	 4.04115e-30	 
 0.01815	 7.47935e-15	 8.41436e-15	 8.41436e-15	 4.04115e-30	 4.04115e-30	 4.04115e-30	 
  0.0182	 6.3538e-15	 7.14811e-15	 7.14811e-15	 4.04115e-30	 4.04115e-30	 4.04115e-30	 
 0.01825	 5.39749e-15	 6.07225e-15	 6.07225e-15	 4.04115e-30	 4.04115e-30	 4.04115e-30	 
  0.0183	 4.58504e-15	 5.15823e-15	 5.15823e-15	 4.04115e-30	 4.04115e-30	 4.04115e-30	 
 0.01835	 3.89475e-15	 4.38164e-15	 4.38164e-15	 4.04115e-30	 4.04115e-30	 4.04115e-30	 
  0.0184	 3.30836e-15	 3.72195e-15	 3.72195e-15	 4.04115e-30	 4.04115e-30	 4.04115e-30	 
 0.01845	 2.81016e-15	 3.16146e-15	 3.16146e-15	 4.04115e-30	 4.04115e-30	 4.04115e-30	 
  0.0185	 2.38689e-15	 2.68529e-15	 2.68529e-15	 4.04115e-30	 4.04115e-30	 4.04115e-30	 
 0.01855	 2.02735e-15	 2.2808e-15	 2.2808e-15	 4.04115e-30	 4.04115e-30	 4.04115e-30	 
  0.0186	 1.72192e-15	 1.93719e-15	 1.93719e-15	 4.04115e-30	 4.04115e-30	 4.04115e-30	 
 0.01865	 1.46249e-15	 1.64532e-15	 1.64532e-15	 4.04115e-30	 4.04115e-30	 4.04115e-30	 
  0.0187	 1.24215e-15	 1.39743e-15	 1.39743e-15	 4.04115e-30	 4.04115e-30	 4.04115e-30	 
 0.01875	 1.05494e-15	 1.18682e-15	 1.18682e-15	 4.04115e-30	 4.04115e-30	 4.04115e-30	 
  0.0188	 8.95918e-16	 1.00792e-15	 1.00792e-15	 4.04115e-30	 4.04115e-30	 4.04115e-30	 
 0.01885	 7.60888e-16	 8.56008e-16	 8.56008e-16	 4.04115e-30	 4.04115e-30	 4.04115e-30	 
  0.0189	 6.46172e-16	 7.26952e-16	 7.26952e-16	 4.04115e-30	 4.04115e-30	 4.04115e-30	 
 0.01895	 5.48746e-16	 6.17346e-16	 6.17346e-16	 4.04115e-30	 4.04115e-30	 4.04115e-30	 
   0.019	 4.65998e-16	 5.24254e-16	 5.24254e-16	 4.04115e-30	 4.04115e-30	 4.04115e-30	 
 0.01905	 3.95715e-16	 4.45184e-16	 4.45184e-16	 4.04115e-30	 4.04115e-30	 4.04115e-30	 
  0.0191	 3.36031e-16	 3.78039e-16	 3.78039e-16	 4.04115e-30	 4.04115e-30	 4.04115e-30	 
 0.01915	 2.85336e-16	 3.21006e-16	 3.21006e-16	 4.04115e-30	 4.04115e-30	 4.04115e-30	 
  0.0192	 2.4229e-16	 2.72579e-16	 2.72579e-16	 4.04115e-30	 4.04115e-30	 4.04115e-30	 
 0.01925	 2.05731e-16	 2.3145e-16	 2.3145e-16	 4.04115e-30	 4.04115e-30	 4.04115e-30	 
  0.0193	 1.74685e-16	 1.96523e-16	 1.96523e-16	 4.04115e-30	 4.04115e-30	 4.04115e-30	 
 0.01935	 1.48323e-16	 1.66866e-16	 1.66866e-16	 4.04115e-30	 4.04115e-30	 4.04115e-30	 
  0.0194	 1.25933e-16	 1.41677e-16	 1.41677e-16	 4.04115e-30	 4.04115e-30	 4.04115e-30	 
 0.01945	 1.06926e-16	 1.20294e-16	 1.20294e-16	 4.04115e-30	 4.04115e-30	 4.04115e-30	 
  0.0195	 9.07841e-17	 1.02133e-16	 1.02133e-16	 4.04115e-30	 4.04115e-30	 4.04115e-30	 
 0.01955	 7.70736e-17	 8.67087e-17	 8.67087e-17	 4.04115e-30	 4.04115e-30	 4.04115e-30	 
  0.0196	 6.54348e-17	 7.3615e-17	 7.3615e-17	 4.04115e-30	 4.04115e-30	 4.04115e-30	 
 0.01965	 5.5552e-17	 6.24967e-17	 6.24967e-17	 4.04115e-30	 4.04115e-30	 4.04115e-30	 
  0.0197	 4.71611e-17	 5.30568e-17	 5.30568e-17	 4.04115e-30	 4.04115e-30	 4.04115e-30	 
 0.01975	 4.00368e-17	 4.50419e-17	 4.50419e-17	 4.04115e-30	 4.04115e-30	 4.04115e-30	 
  0.0198	 3.39887e-17	 3.82377e-17	 3.82377e-17	 4.04115e-30	 4.04115e-30	 4.04115e-30	 
 0.01985	 2.88525e-17	 3.24595e-17	 3.24595e-17	 4.04115e-30	 4.04115e-30	 4.04115e-30	 
  0.0199	 2.4493e-17	 2.75549e-17	 2.75549e-17	 4.04115e-30	 4.04115e-30	 4.04115e-30	 
 0.01995	 2.07915e-17	 2.33907e-17	 2.33907e-17	 4.04115e-30	 4.04115e-30	 4.04115e-30	 
    0.02	 1.76489e-17	 1.98553e-17	 1.98553e-17	 4.04115e-30	 4.04115e-30	 4.04115e-30	 
 0.02005	 1.4981e-17	 1.68538e-17	 1.68538e-17	 4.04115e-30	 4.04115e-30	 4.04115e-30	 
  0.0201	 1.27164e-17	 1.43061e-17	 1.43061e-17	 4.04115e-30	 4.04115e-30	 4.04115e-30	 
 0.02015	 1.07933e-17	 1.21426e-17	 1.21426e-17	 4.04115e-30	 4.04115e-30	 4.04115e-30	 
  0.0202	 9.16125e-18	 1.03065e-17	 1.03065e-17	 4.04115e-30	 4.04115e-30	 4.04115e-30	 
 0.02025	 7.77618e-18	 8.7483e-18	 8.7483e-18	 4.04115e-30	 4.04115e-30	 4.04115e-30	 
  0.0203	  6.6e-18	 7.42508e-18	 7.42508e-18	 4.04115e-30	 4.04115e-30	 4.04115e-30	 
 0.02035	 5.60173e-18	 6.30202e-18	 6.30202e-18	 4.04115e-30	 4.04115e-30	 4.04115e-30	 
  0.0204	 4.75428e-18	 5.34863e-18	 5.34863e-18	 4.04115e-30	 4.04115e-30	 4.04115e-30	 
 0.02045	 4.03504e-18	 4.53947e-18	 4.53947e-18	 4.04115e-30	 4.04115e-30	 4.04115e-30	 
  0.0205	 3.42449e-18	 3.8526e-18	 3.8526e-18	 4.04115e-30	 4.04115e-30	 4.04115e-30	 
 0.02055	 2.90631e-18	 3.26964e-18	 3.26964e-18	 4.04115e-30	 4.04115e-30	 4.04115e-30	 
  0.0206	 2.46648e-18	 2.77483e-18	 2.77483e-18	 4.04115e-30	 4.04115e-30	 4.04115e-30	 
 0.02065	 2.09316e-18	 2.35483e-18	 2.35483e-18	 4.04115e-30	 4.04115e-30	 4.04115e-30	 
  0.0207	 1.77635e-18	 1.99842e-18	 1.99842e-18	 4.04115e-30	 4.04115e-30	 4.04115e-30	 
 0.02075	 1.50747e-18	 1.69592e-18	 1.69592e-18	 4.04115e-30	 4.04115e-30	 4.04115e-30	 
  0.0208	 1.27923e-18	 1.43915e-18	 1.43915e-18	 4.04115e-30	 4.04115e-30	 4.04115e-30	 
 0.02085	 1.08552e-18	 1.22123e-18	 1.22123e-18	 4.04115e-30	 4.04115e-30	 4.04115e-30	 
  0.0209	 9.21157e-19	 1.03631e-18	 1.03631e-18	 4.04115e-30	 4.04115e-30	 4.04115e-30	 
 0.02095	 7.81644e-19	 8.79359e-19	 8.79359e-19	 4.04115e-30	 4.04115e-30	 4.04115e-30	 
   0.021	 6.63267e-19	 7.46184e-19	 7.46184e-19	 4.04115e-30	 4.04115e-30	 4.04115e-30	 
 0.02105	 5.62798e-19	 6.33155e-19	 6.33155e-19	 4.04115e-30	 4.04115e-30	 4.04115e-30	 
  0.0211	 4.77542e-19	 5.3724e-19	 5.3724e-19	 4.04115e-30	 4.04115e-30	 4.04115e-30	 
 0.02115	 4.05191e-19	 4.55845e-19	 4.55845e-19	 4.04115e-30	 4.04115e-30	 4.04115e-30	 
  0.0212	 3.43804e-19	 3.86784e-19	 3.86784e-19	 4.04115e-30	 4.04115e-30	 4.04115e-30	 
 0.02125	 2.91707e-19	 3.28175e-19	 3.28175e-19	 4.04115e-30	 4.04115e-30	 4.04115e-30	 
  0.0213	 2.475e-19	 2.78441e-19	 2.78441e-19	 4.04115e-30	 4.04115e-30	 4.04115e-30	 
 0.02135	 2.09989e-19	 2.36241e-19	 2.36241e-19	 4.04115e-30	 4.04115e-30	 4.04115e-30	 
  0.0214	 1.78162e-19	 2.00434e-19	 2.00434e-19	 4.04115e-30	 4.04115e-30	 4.04115e-30	 
 0.02145	 1.51149e-19	 1.70045e-19	 1.70045e-19	 4.04115e-30	 4.04115e-30	 4.04115e-30	 
  0.0215	 1.2824e-19	 1.44272e-19	 1.44272e-19	 4.04115e-30	 4.04115e-30	 4.04115e-30	 
 0.02155	 1.08792e-19	 1.22393e-19	 1.22393e-19	 4.04115e-30	 4.04115e-30	 4.04115e-30	 
  0.0216	 9.23015e-20	 1.0384e-19	 1.0384e-19	 4.04115e-30	 4.04115e-30	 4.04115e-30	 
 0.02165	 7.83038e-20	 8.80927e-20	 8.80927e-20	 4.04115e-30	 4.04115e-30	 4.04115e-30	 
  0.0217	 6.64274e-20	 7.47316e-20	 7.47316e-20	 4.04115e-30	 4.04115e-30	 4.04115e-30	 
 0.02175	 5.63518e-20	 6.33965e-20	 6.33965e-20	 4.04115e-30	 4.04115e-30	 4.04115e-30	 
  0.0218	 4.78045e-20	 5.37807e-20	 5.37807e-20	 4.04115e-30	 4.04115e-30	 4.04115e-30	 
 0.02185	 4.05524e-20	 4.5622e-20	 4.5622e-20	 4.04115e-30	 4.04115e-30	 4.04115e-30	 
  0.0219	 3.44006e-20	 3.87011e-20	 3.87011e-20	 4.04115e-30	 4.04115e-30	 4.04115e-30	 
 0.02195	 2.91808e-20	 3.28288e-20	 3.28288e-20	 4.04115e-30	 4.04115e-30	 4.04115e-30	 
   0.022	 2.47531e-20	 2.78475e-20	 2.78475e-20	 4.04115e-30	 4.04115e-30	 4.04115e-30	 
 0.02205	 2.09966e-20	 2.36215e-20	 2.36215e-20	 4.04115e-30	 4.04115e-30	 4.04115e-30	 
  0.0221	 1.781e-20	 2.00364e-20	 2.00364e-20	 4.04115e-30	 4.04115e-30	 4.04115e-30	 
 0.02215	 1.51072e-20	 1.69958e-20	 1.69958e-20	 4.04115e-30	 4.04115e-30	 4.04115e-30	 
  0.0222	 1.2814e-20	 1.44159e-20	 1.44159e-20	 4.04115e-30	 4.04115e-30	 4.04115e-30	 
 0.02225	 1.08684e-20	 1.22271e-20	 1.22271e-20	 4.04115e-30	 4.04115e-30	 4.04115e-30	 
  0.0223	 9.21854e-21	 1.0371e-20	 1.0371e-20	 4.04115e-30	 4.04115e-30	 4.04115e-30	 
 0.02235	 7.81876e-21	 8.79621e-21	 8.79621e-21	 4.04115e-30	 4.04115e-30	 4.04115e-30	 
  0.0224	 6.63167e-21	 7.46071e-21	 7.46071e-21	 4.04115e-30	 4.04115e-30	 4.04115e-30	 
 0.02245	 5.62457e-21	 6.32771e-21	 6.32771e-21	 4.04115e-30	 4.04115e-30	 4.04115e-30	 
  0.0225	 4.77038e-21	 5.36674e-21	 5.36674e-21	 4.04115e-30	 4.04115e-30	 4.04115e-30	 
 0.02255	 4.0458e-21	 4.55158e-21	 4.55158e-21	 4.04115e-30	 4.04115e-30	 4.04115e-30	 
  0.0226	 3.43131e-21	 3.86026e-21	 3.86026e-21	 4.04115e-30	 4.04115e-30	 4.04115e-30	 
 0.02265	 2.91003e-21	 3.27382e-21	 3.27382e-21	 4.04115e-30	 4.04115e-30	 4.04115e-30	 
  0.0227	 2.46795e-21	 2.77648e-21	 2.77648e-21	 4.04115e-30	 4.04115e-30	 4.04115e-30	 
 0.02275	 2.093e-21	 2.35466e-21	 2.35466e-21	 4.04115e-30	 4.04115e-30	 4.04115e-30	 
  0.0228	 1.77496e-21	 1.99685e-21	 1.99685e-21	 4.04115e-30	 4.04115e-30	 4.04115e-30	 
 0.02285	 1.50522e-21	 1.69339e-21	 1.69339e-21	 4.04115e-30	 4.04115e-30	 4.04115e-30	 
  0.0229	 1.27652e-21	 1.4361e-21	 1.4361e-21	 4.04115e-30	 4.04115e-30	 4.04115e-30	 
 0.02295	 1.0825e-21	 1.21783e-21	 1.21783e-21	 4.04115e-30	 4.04115e-30	 4.04115e-30	 
   0.023	 9.17983e-22	 1.03274e-21	 1.03274e-21	 4.04115e-30	 4.04115e-30	 4.04115e-30	 
 0.02305	 7.78392e-22	 8.75701e-22	 8.75701e-22	 4.04115e-30	 4.04115e-30	 4.04115e-30	 
  0.0231	 6.60085e-22	 7.42604e-22	 7.42604e-22	 4.04115e-30	 4.04115e-30	 4.04115e-30	 
 0.02315	 5.59732e-22	 6.29706e-22	 6.29706e-22	 4.04115e-30	 4.04115e-30	 4.04115e-30	 
  0.0232	 4.7463e-22	 5.33965e-22	 5.33965e-22	 4.04115e-30	 4.04115e-30	 4.04115e-30	 
 0.02325	 4.02458e-22	 4.52771e-22	 4.52771e-22	 4.04115e-30	 4.04115e-30	 4.04115e-30	 
  0.0233	 3.41257e-22	 3.83918e-22	 3.83918e-22	 4.04115e-30	 4.04115e-30	 4.04115e-30	 
 0.02335	 2.89362e-22	 3.25535e-22	 3.25535e-22	 4.04115e-30	 4.04115e-30	 4.04115e-30	 
  0.0234	 2.45355e-22	 2.76028e-22	 2.76028e-22	 4.04115e-30	 4.04115e-30	 4.04115e-30	 
 0.02345	 2.08031e-22	 2.34037e-22	 2.34037e-22	 4.04115e-30	 4.04115e-30	 4.04115e-30	 
  0.0235	 1.76389e-22	 1.98439e-22	 1.98439e-22	 4.04115e-30	 4.04115e-30	 4.04115e-30	 
 0.02355	 1.49554e-22	 1.68251e-22	 1.68251e-22	 4.04115e-30	 4.04115e-30	 4.04115e-30	 
  0.0236	 1.268e-22	 1.42652e-22	 1.42652e-22	 4.04115e-30	 4.04115e-30	 4.04115e-30	 
 0.02365	 1.07507e-22	 1.20947e-22	 1.20947e-22	 4.04115e-30	 4.04115e-30	 4.04115e-30	 
  0.0237	 9.11479e-23	 1.02543e-22	 1.02543e-22	 4.04115e-30	 4.04115e-30	 4.04115e-30	 
 0.02375	 7.7281e-23	 8.69421e-23	 8.69421e-23	 4.04115e-30	 4.04115e-30	 4.04115e-30	 
  0.0238	 6.552e-23	 7.37108e-23	 7.37108e-23	 4.04115e-30	 4.04115e-30	 4.04115e-30	 
 0.02385	 5.55482e-23	 6.24924e-23	 6.24924e-23	 4.04115e-30	 4.04115e-30	 4.04115e-30	 
  0.0239	 4.70938e-23	 5.29811e-23	 5.29811e-23	 4.04115e-30	 4.04115e-30	 4.04115e-30	 
 0.02395	 3.99253e-23	 4.49165e-23	 4.49165e-23	 4.04115e-30	 4.04115e-30	 4.04115e-30	 
   0.024	 3.3847e-23	 3.80783e-23	 3.80783e-23	 4.04115e-30	 4.04115e-30	 4.04115e-30	 
 0.02405	 2.86946e-23	 3.22818e-23	 3.22818e-23	 4.04115e-30	 4.04115e-30	 4.04115e-30	 
  0.0241	 2.43257e-23	 2.73668e-23	 2.73668e-23	 4.04115e-30	 4.04115e-30	 4.04115e-30	 
 0.02415	 2.06219e-23	 2.31999e-23	 2.31999e-23	 4.04115e-30	 4.04115e-30	 4.04115e-30	 
  0.0242	 1.74817e-23	 1.96671e-23	 1.96671e-23	 4.04115e-30	 4.04115e-30	 4.04115e-30	 
 0.02425	 1.482e-23	 1.66726e-23	 1.66726e-23	 4.04115e-30	 4.04115e-30	 4.04115e-30	 
  0.0243	 1.25624e-23	 1.41328e-23	 1.41328e-23	 4.04115e-30	 4.04115e-30	 4.04115e-30	 
 0.02435	 1.06493e-23	 1.19806e-23	 1.19806e-23	 4.04115e-30	 4.04115e-30	 4.04115e-30	 
  0.0244	 9.02731e-24	 1.01558e-23	 1.01558e-23	 4.04115e-30	 4.04115e-30	 4.04115e-30	 
 0.02445	 7.65216e-24	 8.60877e-24	 8.60877e-24	 4.04115e-30	 4.04115e-30	 4.04115e-30	 
  0.0245	 6.48651e-24	 7.2974e-24	 7.2974e-24	 4.04115e-30	 4.04115e-30	 4.04115e-30	 
 0.02455	 5.4983e-24	 6.18566e-24	 6.18566e-24	 4.04115e-30	 4.04115e-30	 4.04115e-30	 
  0.0246	 4.6606e-24	 5.24324e-24	 5.24324e-24	 4.04115e-30	 4.04115e-30	 4.04115e-30	 
 0.02465	 3.95042e-24	 4.44427e-24	 4.44427e-24	 4.04115e-30	 4.04115e-30	 4.04115e-30	 
  0.0247	 3.34847e-24	 3.76707e-24	 3.76707e-24	 4.04115e-30	 4.04115e-30	 4.04115e-30	 
 0.02475	 2.83819e-24	 3.193e-24	 3.193e-24	 4.04115e-30	 4.04115e-30	 4.04115e-30	 
  0.0248	 2.40563e-24	 2.70637e-24	 2.70637e-24	 4.04115e-30	 4.04115e-30	 4.04115e-30	 
 0.02485	 2.03905e-24	 2.29395e-24	 2.29395e-24	 4.04115e-30	 4.04115e-30	 4.04115e-30	 
  0.0249	 1.7282e-24	 1.94425e-24	 1.94425e-24	 4.04115e-30	 4.04115e-30	 4.04115e-30	 
 0.02495	 1.46481e-24	 1.64793e-24	 1.64793e-24	 4.04115e-30	 4.04115e-30	 4.04115e-30	 
   0.025	 1.24153e-24	 1.39674e-24	 1.39674e-24	 4.04115e-30	 4.04115e-30	 4.04115e-30	 
       0	        0	        0	        0	        0	        0	        0	 
