0.000000e+00 0.000000e+00 0.000000e+00 0.000000e+00 0.000000e+00 0.000000e+00 0.000000e+00 
5.000000e-05 2.186588e+07 3.304593e+03 3.304593e+03 2.498517e+07 4.544813e+03 4.544813e+03 
1.000000e-04 8.921230e+07 1.163227e+05 1.163227e+05 9.871482e+07 1.451556e+05 1.451556e+05 
1.500000e-04 2.070581e+08 6.958603e+05 6.958603e+05 2.224586e+08 8.338591e+05 8.338591e+05 
2.000000e-04 3.844672e+08 2.885360e+06 2.885360e+06 4.059570e+08 3.403345e+06 3.403345e+06 
2.500000e-04 6.332905e+08 7.882566e+06 7.882566e+06 6.556021e+08 9.133431e+06 9.133431e+06 
3.000000e-04 9.577587e+08 1.722368e+07 1.722368e+07 9.749380e+08 1.971505e+07 1.971505e+07 
3.500000e-04 1.350942e+09 3.120210e+07 3.120210e+07 1.354386e+09 3.533434e+07 3.533434e+07 
4.000000e-04 1.808454e+09 4.998976e+07 4.998976e+07 1.785086e+09 5.608683e+07 5.608683e+07 
4.500000e-04 2.325496e+09 7.373542e+07 7.373542e+07 2.257906e+09 8.195832e+07 8.195832e+07 
5.000000e-04 2.892838e+09 1.015817e+08 1.015817e+08 2.759566e+09 1.119142e+08 1.119142e+08 
5.500000e-04 3.500536e+09 1.316736e+08 1.316736e+08 3.278608e+09 1.440803e+08 1.440803e+08 
6.000000e-04 4.146511e+09 1.636947e+08 1.636947e+08 3.806762e+09 1.780026e+08 1.780026e+08 
6.500000e-04 4.817198e+09 1.968680e+08 1.968680e+08 4.336804e+09 2.129082e+08 2.129082e+08 
7.000000e-04 5.506410e+09 2.300688e+08 2.300688e+08 4.861481e+09 2.477567e+08 2.477567e+08 
7.500000e-04 6.206782e+09 2.628130e+08 2.628130e+08 5.374580e+09 2.820638e+08 2.820638e+08 
8.000000e-04 6.914983e+09 2.949033e+08 2.949033e+08 5.871911e+09 3.155454e+08 3.155454e+08 
8.500000e-04 7.622541e+09 3.259222e+08 3.259222e+08 6.347014e+09 3.477997e+08 3.477997e+08 
9.000000e-04 8.327460e+09 3.554846e+08 3.554846e+08 6.795483e+09 3.783203e+08 3.783203e+08 
9.500000e-04 9.022752e+09 3.832686e+08 3.832686e+08 7.215471e+09 4.068383e+08 4.068383e+08 
1.000000e-03 9.706727e+09 4.090204e+08 4.090204e+08 7.605794e+09 4.330854e+08 4.330854e+08 
1.050000e-03 1.037752e+10 4.327624e+08 4.327624e+08 7.965261e+09 4.570891e+08 4.570891e+08 
1.100000e-03 1.102988e+10 4.543159e+08 4.543159e+08 8.291744e+09 4.785818e+08 4.785818e+08 
1.150000e-03 1.166006e+10 4.735830e+08 4.735830e+08 8.582521e+09 4.973634e+08 4.973634e+08 
1.200000e-03 1.226793e+10 4.905306e+08 4.905306e+08 8.838760e+09 5.137014e+08 5.137014e+08 
1.250000e-03 1.284954e+10 5.052411e+08 5.052411e+08 9.061388e+09 5.274375e+08 5.274375e+08 
1.300000e-03 1.340204e+10 5.176093e+08 5.176093e+08 9.249886e+09 5.387154e+08 5.387154e+08 
1.350000e-03 1.392255e+10 5.275695e+08 5.275695e+08 9.404656e+09 5.475145e+08 5.475145e+08 
1.400000e-03 1.441120e+10 5.351989e+08 5.351989e+08 9.527148e+09 5.538729e+08 5.538729e+08 
1.450000e-03 1.486622e+10 5.409087e+08 5.409087e+08 9.618946e+09 5.582650e+08 5.582650e+08 
1.500000e-03 1.528677e+10 5.448157e+08 5.448157e+08 9.680247e+09 5.606804e+08 5.606804e+08 
1.550000e-03 1.567408e+10 5.469521e+08 5.469521e+08 9.712969e+09 5.612771e+08 5.612771e+08 
1.600000e-03 1.602153e+10 5.472210e+08 5.472210e+08 9.718633e+09 5.600509e+08 5.600509e+08 
1.650000e-03 1.633295e+10 5.459693e+08 5.459693e+08 9.698117e+09 5.572574e+08 5.572574e+08 
1.700000e-03 1.660833e+10 5.432218e+08 5.432218e+08 9.652228e+09 5.529727e+08 5.529727e+08 
1.750000e-03 1.684686e+10 5.390933e+08 5.390933e+08 9.582713e+09 5.473797e+08 5.473797e+08 
1.800000e-03 1.704881e+10 5.338664e+08 5.338664e+08 9.491361e+09 5.406234e+08 5.406234e+08 
1.850000e-03 1.721546e+10 5.274614e+08 5.274614e+08 9.378687e+09 5.327173e+08 5.327173e+08 
1.900000e-03 1.734498e+10 5.199988e+08 5.199988e+08 9.246676e+09 5.238233e+08 5.238233e+08 
1.950000e-03 1.743933e+10 5.117100e+08 5.117100e+08 9.097743e+09 5.141369e+08 5.141369e+08 
2.000000e-03 1.749996e+10 5.026211e+08 5.026211e+08 8.932420e+09 5.037499e+08 5.037499e+08 
2.050000e-03 1.752742e+10 4.928550e+08 4.928550e+08 8.753181e+09 4.927787e+08 4.927787e+08 
2.100000e-03 1.752237e+10 4.825230e+08 4.825230e+08 8.560460e+09 4.812826e+08 4.812826e+08 
2.150000e-03 1.748721e+10 4.716886e+08 4.716886e+08 8.356341e+09 4.693492e+08 4.693492e+08 
2.200000e-03 1.742231e+10 4.604218e+08 4.604218e+08 8.142236e+09 4.570607e+08 4.570607e+08 
2.250000e-03 1.732997e+10 4.488811e+08 4.488811e+08 7.919664e+09 4.445119e+08 4.445119e+08 
2.300000e-03 1.721081e+10 4.370469e+08 4.370469e+08 7.689305e+09 4.317346e+08 4.317346e+08 
2.350000e-03 1.706738e+10 4.250780e+08 4.250780e+08 7.453605e+09 4.189446e+08 4.189446e+08 
2.400000e-03 1.690019e+10 4.129384e+08 4.129384e+08 7.213044e+09 4.060265e+08 4.060265e+08 
2.450000e-03 1.671261e+10 4.007191e+08 4.007191e+08 6.968645e+09 3.930479e+08 3.930479e+08 
2.500000e-03 1.650435e+10 3.884950e+08 3.884950e+08 6.722133e+09 3.801822e+08 3.801822e+08 
2.550000e-03 1.627767e+10 3.762308e+08 3.762308e+08 6.474697e+09 3.674439e+08 3.674439e+08 
2.600000e-03 1.603373e+10 3.639748e+08 3.639748e+08 6.226572e+09 3.547190e+08 3.547190e+08 
2.650000e-03 1.577493e+10 3.518364e+08 3.518364e+08 5.978804e+09 3.420824e+08 3.420824e+08 
2.700000e-03 1.550173e+10 3.396197e+08 3.396197e+08 5.731846e+09 3.295043e+08 3.295043e+08 
2.750000e-03 1.521740e+10 3.276919e+08 3.276919e+08 5.487762e+09 3.172750e+08 3.172750e+08 
2.800000e-03 1.492275e+10 3.158929e+08 3.158929e+08 5.246103e+09 3.051594e+08 3.051594e+08 
2.850000e-03 1.461709e+10 3.041166e+08 3.041166e+08 5.007739e+09 2.931796e+08 2.931796e+08 
2.900000e-03 1.430458e+10 2.927715e+08 2.927715e+08 4.775051e+09 2.817257e+08 2.817257e+08 
2.950000e-03 1.398514e+10 2.815365e+08 2.815365e+08 4.546806e+09 2.704509e+08 2.704509e+08 
3.000000e-03 1.366098e+10 2.707255e+08 2.707255e+08 4.324573e+09 2.595909e+08 2.595909e+08 
3.050000e-03 1.333259e+10 2.601846e+08 2.601846e+08 4.107980e+09 2.490058e+08 2.490058e+08 
3.100000e-03 1.300133e+10 2.499611e+08 2.499611e+08 3.897964e+09 2.387866e+08 2.387866e+08 
3.150000e-03 1.266701e+10 2.399440e+08 2.399440e+08 3.693960e+09 2.288073e+08 2.288073e+08 
3.200000e-03 1.233085e+10 2.300982e+08 2.300982e+08 3.496107e+09 2.190265e+08 2.190265e+08 
3.250000e-03 1.199409e+10 2.204786e+08 2.204786e+08 3.304743e+09 2.094963e+08 2.094963e+08 
3.300000e-03 1.165842e+10 2.113167e+08 2.113167e+08 3.121206e+09 2.004452e+08 2.004452e+08 
3.350000e-03 1.132289e+10 2.023271e+08 2.023271e+08 2.944153e+09 1.915937e+08 1.915937e+08 
3.400000e-03 1.098909e+10 1.936039e+08 1.936039e+08 2.774073e+09 1.830346e+08 1.830346e+08 
3.450000e-03 1.065734e+10 1.851371e+08 1.851371e+08 2.610974e+09 1.747443e+08 1.747443e+08 
3.500000e-03 1.032865e+10 1.770635e+08 1.770635e+08 2.455545e+09 1.668485e+08 1.668485e+08 
3.550000e-03 1.000239e+10 1.691242e+08 1.691242e+08 2.306389e+09 1.590997e+08 1.590997e+08 
3.600000e-03 9.679912e+09 1.614290e+08 1.614290e+08 2.164122e+09 1.516214e+08 1.516214e+08 
3.650000e-03 9.360925e+09 1.539604e+08 1.539604e+08 2.028302e+09 1.443618e+08 1.443618e+08 
3.700000e-03 9.047322e+09 1.468915e+08 1.468915e+08 1.899823e+09 1.375056e+08 1.375056e+08 
3.750000e-03 8.738946e+09 1.401333e+08 1.401333e+08 1.778024e+09 1.309592e+08 1.309592e+08 
3.800000e-03 8.435581e+09 1.336704e+08 1.336704e+08 1.662772e+09 1.247115e+08 1.247115e+08 
3.850000e-03 8.138094e+09 1.274946e+08 1.274946e+08 1.553845e+09 1.187545e+08 1.187545e+08 
3.900000e-03 7.846007e+09 1.215628e+08 1.215628e+08 1.451001e+09 1.130511e+08 1.130511e+08 
3.950000e-03 7.560350e+09 1.159158e+08 1.159158e+08 1.354056e+09 1.076298e+08 1.076298e+08 
4.000000e-03 7.279780e+09 1.103473e+08 1.103473e+08 1.262049e+09 1.022956e+08 1.022956e+08 
4.050000e-03 7.004953e+09 1.048865e+08 1.048865e+08 1.174899e+09 9.707539e+07 9.707539e+07 
4.100000e-03 6.737057e+09 9.980640e+07 9.980640e+07 1.093726e+09 9.223440e+07 9.223440e+07 
4.150000e-03 6.475469e+09 9.489131e+07 9.489131e+07 1.017416e+09 8.757499e+07 8.757499e+07 
4.200000e-03 6.220217e+09 9.014202e+07 9.014202e+07 9.457106e+08 8.308638e+07 8.308638e+07 
4.250000e-03 5.971528e+09 8.563652e+07 8.563652e+07 8.787016e+08 7.884140e+07 7.884140e+07 
4.300000e-03 5.729592e+09 8.133328e+07 8.133328e+07 8.161650e+08 7.479140e+07 7.479140e+07 
4.350000e-03 5.494918e+09 7.727420e+07 7.727420e+07 7.578955e+08 7.097585e+07 7.097585e+07 
4.400000e-03 5.266798e+09 7.338361e+07 7.338361e+07 7.033204e+08 6.732048e+07 6.732048e+07 
4.450000e-03 5.045498e+09 6.966514e+07 6.966514e+07 6.523572e+08 6.382924e+07 6.382924e+07 
4.500000e-03 4.830654e+09 6.605152e+07 6.605152e+07 6.045676e+08 6.044103e+07 6.044103e+07 
4.550000e-03 4.622445e+09 6.258255e+07 6.258255e+07 5.599316e+08 5.719308e+07 5.719308e+07 
4.600000e-03 4.421196e+09 5.931514e+07 5.931514e+07 5.184423e+08 5.413519e+07 5.413519e+07 
4.650000e-03 4.226781e+09 5.623679e+07 5.623679e+07 4.800815e+08 5.125935e+07 5.125935e+07 
4.700000e-03 4.038890e+09 5.328205e+07 5.328205e+07 4.443567e+08 4.850546e+07 4.850546e+07 
4.750000e-03 3.857398e+09 5.045305e+07 5.045305e+07 4.111008e+08 4.587433e+07 4.587433e+07 
4.800000e-03 3.682428e+09 4.778694e+07 4.778694e+07 3.804186e+08 4.340121e+07 4.340121e+07 
4.850000e-03 3.513786e+09 4.525023e+07 4.525023e+07 3.520230e+08 4.105652e+07 4.105652e+07 
4.900000e-03 3.351511e+09 4.286750e+07 4.286750e+07 3.205310e+08 3.886315e+07 3.886315e+07 
4.950000e-03 3.195248e+09 4.058651e+07 4.058651e+07 2.976288e+08 3.676513e+07 3.676513e+07 
5.000000e-03 3.044771e+09 3.837124e+07 3.837124e+07 2.760682e+08 3.472830e+07 3.472830e+07 
5.050000e-03 2.900023e+09 3.623786e+07 3.623786e+07 2.558347e+08 3.276836e+07 3.276836e+07 
5.100000e-03 2.761230e+09 3.425633e+07 3.425633e+07 2.371926e+08 3.095013e+07 3.095013e+07 
5.150000e-03 2.627926e+09 3.235049e+07 3.235049e+07 2.197354e+08 2.920187e+07 2.920187e+07 
5.200000e-03 2.500027e+09 3.052547e+07 3.052547e+07 2.033293e+08 2.752904e+07 2.752904e+07 
5.250000e-03 2.377478e+09 2.879777e+07 2.879777e+07 1.882101e+08 2.594673e+07 2.594673e+07 
5.300000e-03 2.260154e+09 2.717043e+07 2.717043e+07 1.742018e+08 2.445671e+07 2.445671e+07 
5.350000e-03 2.148019e+09 2.565758e+07 2.565758e+07 1.612504e+08 2.307310e+07 2.307310e+07 
5.400000e-03 2.040880e+09 2.424372e+07 2.424372e+07 1.493820e+08 2.178250e+07 2.178250e+07 
5.450000e-03 1.938496e+09 2.291866e+07 2.291866e+07 1.384508e+08 2.057690e+07 2.057690e+07 
5.500000e-03 1.840470e+09 2.164146e+07 2.164146e+07 1.282076e+08 1.941826e+07 1.941826e+07 
5.550000e-03 1.746794e+09 2.040683e+07 2.040683e+07 1.186824e+08 1.829877e+07 1.829877e+07 
5.600000e-03 1.657350e+09 1.924675e+07 1.924675e+07 1.099012e+08 1.724840e+07 1.724840e+07 
5.650000e-03 1.571973e+09 1.813592e+07 1.813592e+07 1.016813e+08 1.624301e+07 1.624301e+07 
5.700000e-03 1.490533e+09 1.707813e+07 1.707813e+07 9.408288e+07 1.528713e+07 1.528713e+07 
5.750000e-03 1.412756e+09 1.606074e+07 1.606074e+07 8.698312e+07 1.436840e+07 1.436840e+07 
5.800000e-03 1.338745e+09 1.510348e+07 1.510348e+07 8.043099e+07 1.350501e+07 1.350501e+07 
5.850000e-03 1.268231e+09 1.420173e+07 1.420173e+07 7.425402e+07 1.269187e+07 1.269187e+07 
5.900000e-03 1.201190e+09 1.336518e+07 1.336518e+07 6.879606e+07 1.193859e+07 1.193859e+07 
5.950000e-03 1.137489e+09 1.258826e+07 1.258826e+07 6.375766e+07 1.123962e+07 1.123962e+07 
6.000000e-03 1.076864e+09 1.185032e+07 1.185032e+07 5.905866e+07 1.057511e+07 1.057511e+07 
6.050000e-03 1.019268e+09 1.115776e+07 1.115776e+07 5.474325e+07 9.951146e+06 9.951146e+06 
6.100000e-03 9.646013e+08 1.052324e+07 1.052324e+07 5.083490e+07 9.380742e+06 9.380742e+06 
6.150000e-03 9.126004e+08 9.910829e+06 9.910829e+06 4.701071e+07 8.830543e+06 8.830543e+06 
6.200000e-03 8.631602e+08 9.325233e+06 9.325233e+06 4.365235e+07 8.305212e+06 8.305212e+06 
6.250000e-03 8.161202e+08 8.755659e+06 8.755659e+06 4.047680e+07 7.794310e+06 7.794310e+06 
6.300000e-03 7.715123e+08 8.220183e+06 8.220183e+06 3.752997e+07 7.314921e+06 7.314921e+06 
6.350000e-03 7.291289e+08 7.711876e+06 7.711876e+06 3.481874e+07 6.860170e+06 6.860170e+06 
6.400000e-03 6.889756e+08 7.238229e+06 7.238229e+06 3.233989e+07 6.437223e+06 6.437223e+06 
6.450000e-03 6.508400e+08 6.788603e+06 6.788603e+06 2.989977e+07 6.035668e+06 6.035668e+06 
6.500000e-03 6.147497e+08 6.369431e+06 6.369431e+06 2.781938e+07 5.661888e+06 5.661888e+06 
6.550000e-03 5.805574e+08 5.975944e+06 5.975944e+06 2.590054e+07 5.311123e+06 5.311123e+06 
6.600000e-03 5.481916e+08 5.615762e+06 5.615762e+06 2.415061e+07 4.989985e+06 4.989985e+06 
6.650000e-03 5.175712e+08 5.280762e+06 5.280762e+06 2.254819e+07 4.690863e+06 4.690863e+06 
6.700000e-03 4.885902e+08 4.968292e+06 4.968292e+06 2.107075e+07 4.411292e+06 4.411292e+06 
6.750000e-03 4.611116e+08 4.667247e+06 4.667247e+06 1.963141e+07 4.142268e+06 4.142268e+06 
6.800000e-03 4.350834e+08 4.380427e+06 4.380427e+06 1.835171e+07 3.886354e+06 3.886354e+06 
6.850000e-03 4.104283e+08 4.107335e+06 4.107335e+06 1.716448e+07 3.643020e+06 3.643020e+06 
6.900000e-03 3.871005e+08 3.849318e+06 3.849318e+06 1.605944e+07 3.413440e+06 3.413440e+06 
6.950000e-03 3.650206e+08 3.604921e+06 3.604921e+06 1.503832e+07 3.196361e+06 3.196361e+06 
7.000000e-03 3.441373e+08 3.374280e+06 3.374280e+06 1.409436e+07 2.991692e+06 2.991692e+06 
7.050000e-03 3.243849e+08 3.157067e+06 3.157067e+06 1.322222e+07 2.799123e+06 2.799123e+06 
7.100000e-03 3.057367e+08 2.956859e+06 2.956859e+06 1.240526e+07 2.621797e+06 2.621797e+06 
7.150000e-03 2.881086e+08 2.767870e+06 2.767870e+06 1.168546e+07 2.454504e+06 2.454504e+06 
7.200000e-03 2.714747e+08 2.593343e+06 2.593343e+06 1.102500e+07 2.299642e+06 2.299642e+06 
7.250000e-03 2.557667e+08 2.431507e+06 2.431507e+06 1.042137e+07 2.155933e+06 2.155933e+06 
7.300000e-03 2.409586e+08 2.282868e+06 2.282868e+06 9.871464e+06 2.023265e+06 2.023265e+06 
7.350000e-03 2.269699e+08 2.143497e+06 2.143497e+06 9.368875e+06 1.899173e+06 1.899173e+06 
7.400000e-03 2.137462e+08 2.009688e+06 2.009688e+06 8.868433e+06 1.780171e+06 1.780171e+06 
7.450000e-03 2.012542e+08 1.882594e+06 1.882594e+06 8.442841e+06 1.667319e+06 1.667319e+06 
7.500000e-03 1.894520e+08 1.760164e+06 1.760164e+06 8.039061e+06 1.558642e+06 1.558642e+06 
7.550000e-03 1.783051e+08 1.644765e+06 1.644765e+06 7.666705e+06 1.456387e+06 1.456387e+06 
7.600000e-03 1.677976e+08 1.537470e+06 1.537470e+06 7.332259e+06 1.361578e+06 1.361578e+06 
7.650000e-03 1.578838e+08 1.436811e+06 1.436811e+06 7.026220e+06 1.272686e+06 1.272686e+06 
7.700000e-03 1.485399e+08 1.342838e+06 1.342838e+06 6.731666e+06 1.189620e+06 1.189620e+06 
7.750000e-03 1.397193e+08 1.253767e+06 1.253767e+06 6.476931e+06 1.111042e+06 1.111042e+06 
7.800000e-03 1.314322e+08 1.171745e+06 1.171745e+06 6.248455e+06 1.038483e+06 1.038483e+06 
7.850000e-03 1.236145e+08 1.096315e+06 1.096315e+06 6.042870e+06 9.717388e+05 9.717388e+05 
7.900000e-03 1.162755e+08 1.029419e+06 1.029419e+06 5.863261e+06 9.121496e+05 9.121496e+05 
7.950000e-03 1.093473e+08 9.649356e+05 9.649356e+05 5.693867e+06 8.547441e+05 8.547441e+05 
8.000000e-03 1.028119e+08 9.033273e+05 9.033273e+05 5.530774e+06 7.999710e+05 7.999710e+05 
8.050000e-03 9.665143e+07 8.441252e+05 8.441252e+05 5.379620e+06 7.473825e+05 7.473825e+05 
8.100000e-03 9.084579e+07 7.888968e+05 7.888968e+05 5.248412e+06 6.984911e+05 6.984911e+05 
8.150000e-03 8.538446e+07 7.373619e+05 7.373619e+05 5.129100e+06 6.529547e+05 6.529547e+05 
8.200000e-03 8.023770e+07 6.884143e+05 6.884143e+05 5.017793e+06 6.097249e+05 6.097249e+05 
8.250000e-03 7.538824e+07 6.419110e+05 6.419110e+05 4.913966e+06 5.686980e+05 5.686980e+05 
8.300000e-03 7.082656e+07 5.990453e+05 5.990453e+05 4.820528e+06 5.308681e+05 5.308681e+05 
8.350000e-03 6.653071e+07 5.581328e+05 5.581328e+05 4.731365e+06 4.948121e+05 4.948121e+05 
8.400000e-03 6.249282e+07 5.204875e+05 5.204875e+05 4.651813e+06 4.615784e+05 4.615784e+05 
8.450000e-03 5.869508e+07 4.855261e+05 4.855261e+05 4.578860e+06 4.306072e+05 4.306072e+05 
8.500000e-03 5.513853e+07 4.552343e+05 4.552343e+05 4.515567e+06 4.036102e+05 4.036102e+05 
8.550000e-03 5.178802e+07 4.261246e+05 4.261246e+05 4.451844e+06 3.776745e+05 3.776745e+05 
8.600000e-03 4.863581e+07 3.987438e+05 3.987438e+05 4.393278e+06 3.533461e+05 3.533461e+05 
8.650000e-03 4.567069e+07 3.730447e+05 3.730447e+05 4.338028e+06 3.305731e+05 3.305731e+05 
8.700000e-03 4.288029e+07 3.485306e+05 3.485306e+05 4.284439e+06 3.088735e+05 3.088735e+05 
8.750000e-03 4.025454e+07 3.251799e+05 3.251799e+05 4.229933e+06 2.882275e+05 2.882275e+05 
8.800000e-03 3.778501e+07 3.031971e+05 3.031971e+05 4.177954e+06 2.688039e+05 2.688039e+05 
8.850000e-03 3.546311e+07 2.824394e+05 2.824394e+05 4.126229e+06 2.504775e+05 2.504775e+05 
8.900000e-03 3.328023e+07 2.630211e+05 2.630211e+05 4.075409e+06 2.333449e+05 2.333449e+05 
8.950000e-03 3.122625e+07 2.442788e+05 2.442788e+05 4.023358e+06 2.167866e+05 2.167866e+05 
9.000000e-03 2.929905e+07 2.272995e+05 2.272995e+05 3.972829e+06 2.017902e+05 2.017902e+05 
9.050000e-03 2.749055e+07 2.118038e+05 2.118038e+05 3.921819e+06 1.880764e+05 1.880764e+05 
9.100000e-03 2.579765e+07 1.984000e+05 1.984000e+05 3.874601e+06 1.761239e+05 1.761239e+05 
9.150000e-03 2.420789e+07 1.860300e+05 1.860300e+05 3.827507e+06 1.651152e+05 1.651152e+05 
9.200000e-03 2.271257e+07 1.739825e+05 1.739825e+05 3.778408e+06 1.544015e+05 1.544015e+05 
9.250000e-03 2.130703e+07 1.625948e+05 1.625948e+05 3.726933e+06 1.442949e+05 1.442949e+05 
9.300000e-03 1.998635e+07 1.518752e+05 1.518752e+05 3.675480e+06 1.347992e+05 1.347992e+05 
9.350000e-03 1.874419e+07 1.414797e+05 1.414797e+05 3.621702e+06 1.255913e+05 1.255913e+05 
9.400000e-03 1.757736e+07 1.316910e+05 1.316910e+05 3.566863e+06 1.169325e+05 1.169325e+05 
9.450000e-03 1.648198e+07 1.225628e+05 1.225628e+05 3.511115e+06 1.088581e+05 1.088581e+05 
9.500000e-03 1.545148e+07 1.136599e+05 1.136599e+05 3.453288e+06 1.009739e+05 1.009739e+05 
9.550000e-03 1.448503e+07 1.055160e+05 1.055160e+05 3.395079e+06 9.377797e+04 9.377797e+04 
9.600000e-03 1.357883e+07 9.806951e+04 9.806951e+04 3.336596e+06 8.720112e+04 8.720112e+04 
9.650000e-03 1.272967e+07 9.137228e+04 9.137228e+04 3.277665e+06 8.127819e+04 8.127819e+04 
9.700000e-03 1.193585e+07 8.566648e+04 8.566648e+04 3.219235e+06 7.619067e+04 7.619067e+04 
9.750000e-03 1.119071e+07 8.022477e+04 8.022477e+04 3.160070e+06 7.133934e+04 7.133934e+04 
9.800000e-03 1.049041e+07 7.507846e+04 7.507846e+04 3.100018e+06 6.676129e+04 6.676129e+04 
9.850000e-03 9.832548e+06 7.011336e+04 7.011336e+04 3.038803e+06 6.234649e+04 6.234649e+04 
9.900000e-03 9.214701e+06 6.533692e+04 6.533692e+04 2.976586e+06 5.810193e+04 5.810193e+04 
9.950000e-03 8.634543e+06 6.080448e+04 6.080448e+04 2.913261e+06 5.407591e+04 5.407591e+04 
1.000000e-02 8.090090e+06 5.649059e+04 5.649059e+04 2.849967e+06 5.025193e+04 5.025193e+04 
1.005000e-02 7.579532e+06 5.251695e+04 5.251695e+04 2.786604e+06 4.672738e+04 4.672738e+04 
1.010000e-02 7.099710e+06 4.871132e+04 4.871132e+04 2.722706e+06 4.336095e+04 4.336095e+04 
1.015000e-02 6.650506e+06 4.521717e+04 4.521717e+04 2.659343e+06 4.026763e+04 4.026763e+04 
1.020000e-02 6.228689e+06 4.194567e+04 4.194567e+04 2.596016e+06 3.737192e+04 3.737192e+04 
1.025000e-02 5.834088e+06 3.904261e+04 3.904261e+04 2.531527e+06 3.480153e+04 3.480153e+04 
1.030000e-02 5.465614e+06 3.659828e+04 3.659828e+04 2.469751e+06 3.262042e+04 3.262042e+04 
1.035000e-02 5.119737e+06 3.425691e+04 3.425691e+04 2.407954e+06 3.052903e+04 3.052903e+04 
1.040000e-02 4.794755e+06 3.194348e+04 3.194348e+04 2.346319e+06 2.845857e+04 2.845857e+04 
1.045000e-02 4.490084e+06 2.980361e+04 2.980361e+04 2.284956e+06 2.655166e+04 2.655166e+04 
1.050000e-02 4.204203e+06 2.775029e+04 2.775029e+04 2.223912e+06 2.472372e+04 2.472372e+04 
1.055000e-02 3.936072e+06 2.582771e+04 2.582771e+04 2.162700e+06 2.301330e+04 2.301330e+04 
1.060000e-02 3.684351e+06 2.395745e+04 2.395745e+04 2.101859e+06 2.135038e+04 2.135038e+04 
1.065000e-02 3.448725e+06 2.227669e+04 2.227669e+04 2.042616e+06 1.985921e+04 1.985921e+04 
1.070000e-02 3.227539e+06 2.064619e+04 2.064619e+04 1.984284e+06 1.841459e+04 1.841459e+04 
1.075000e-02 3.019812e+06 1.901774e+04 1.901774e+04 1.926931e+06 1.695797e+04 1.695797e+04 
1.080000e-02 2.825765e+06 1.763999e+04 1.763999e+04 1.869544e+06 1.573989e+04 1.573989e+04 
1.085000e-02 2.644257e+06 1.641077e+04 1.641077e+04 1.814113e+06 1.465095e+04 1.465095e+04 
1.090000e-02 2.474714e+06 1.535497e+04 1.535497e+04 1.759815e+06 1.370682e+04 1.370682e+04 
1.095000e-02 2.315892e+06 1.437021e+04 1.437021e+04 1.705287e+06 1.282586e+04 1.282586e+04 
1.100000e-02 2.166929e+06 1.341568e+04 1.341568e+04 1.652825e+06 1.197263e+04 1.197263e+04 
1.105000e-02 2.026914e+06 1.243349e+04 1.243349e+04 1.601344e+06 1.108974e+04 1.108974e+04 
1.110000e-02 1.895654e+06 1.148665e+04 1.148665e+04 1.550167e+06 1.023809e+04 1.023809e+04 
1.115000e-02 1.772913e+06 1.065362e+04 1.065362e+04 1.499871e+06 9.495585e+03 9.495585e+03 
1.120000e-02 1.658089e+06 9.902208e+03 9.902208e+03 1.451403e+06 8.828315e+03 8.828315e+03 
1.125000e-02 1.550568e+06 9.201122e+03 9.201122e+03 1.403399e+06 8.206347e+03 8.206347e+03 
1.130000e-02 1.449361e+06 8.437324e+03 8.437324e+03 1.356977e+06 7.522671e+03 7.522671e+03 
1.135000e-02 1.355145e+06 7.833246e+03 7.833246e+03 1.311705e+06 6.987930e+03 6.987930e+03 
1.140000e-02 1.266829e+06 7.256071e+03 7.256071e+03 1.267488e+06 6.477433e+03 6.477433e+03 
1.145000e-02 1.183798e+06 6.624454e+03 6.624454e+03 1.224349e+06 5.907855e+03 5.907855e+03 
1.150000e-02 1.106872e+06 6.199406e+03 6.199406e+03 1.182402e+06 5.528600e+03 5.528600e+03 
1.155000e-02 1.034887e+06 5.800568e+03 5.800568e+03 1.141381e+06 5.172234e+03 5.172234e+03 
1.160000e-02 9.674755e+05 5.421730e+03 5.421730e+03 1.101258e+06 4.834168e+03 4.834168e+03 
1.165000e-02 9.036528e+05 4.917282e+03 4.917282e+03 1.062330e+06 4.374937e+03 4.374937e+03 
1.170000e-02 8.446000e+05 4.582669e+03 4.582669e+03 1.024384e+06 4.077700e+03 4.077700e+03 
1.175000e-02 7.892953e+05 4.258125e+03 4.258125e+03 9.871644e+05 3.789718e+03 3.789718e+03 
1.180000e-02 7.372881e+05 3.901057e+03 3.901057e+03 9.512124e+05 3.468043e+03 3.468043e+03 
1.185000e-02 6.888802e+05 3.621837e+03 3.621837e+03 9.162282e+05 3.221177e+03 3.221177e+03 
1.190000e-02 6.435276e+05 3.344573e+03 3.344573e+03 8.821700e+05 2.976201e+03 2.976201e+03 
1.195000e-02 6.012204e+05 3.107122e+03 3.107122e+03 8.490081e+05 2.766487e+03 2.766487e+03 
1.200000e-02 5.616044e+05 2.875349e+03 2.875349e+03 8.166598e+05 2.561981e+03 2.561981e+03 
1.205000e-02 5.245737e+05 2.661344e+03 2.661344e+03 7.855222e+05 2.372270e+03 2.372270e+03 
1.210000e-02 4.900064e+05 2.471162e+03 2.471162e+03 7.552429e+05 2.201736e+03 2.201736e+03 
1.215000e-02 4.577986e+05 2.314890e+03 2.314890e+03 7.257498e+05 2.062411e+03 2.062411e+03 
1.220000e-02 4.276684e+05 2.166536e+03 2.166536e+03 6.973191e+05 1.930309e+03 1.930309e+03 
1.225000e-02 3.993114e+05 1.990808e+03 1.990808e+03 6.697494e+05 1.772269e+03 1.772269e+03 
1.230000e-02 3.729487e+05 1.856216e+03 1.856216e+03 6.429511e+05 1.652733e+03 1.652733e+03 
1.235000e-02 3.482704e+05 1.723636e+03 1.723636e+03 6.169496e+05 1.535050e+03 1.535050e+03 
1.240000e-02 3.252365e+05 1.605706e+03 1.605706e+03 5.917384e+05 1.430518e+03 1.430518e+03 
1.245000e-02 3.035957e+05 1.474873e+03 1.474873e+03 5.674391e+05 1.313817e+03 1.313817e+03 
1.250000e-02 2.834212e+05 1.362115e+03 1.362115e+03 5.438509e+05 1.214022e+03 1.214022e+03 
1.255000e-02 2.644911e+05 1.240594e+03 1.240594e+03 5.209703e+05 1.105195e+03 1.105195e+03 
1.260000e-02 2.468907e+05 1.146211e+03 1.146211e+03 4.989853e+05 1.021861e+03 1.021861e+03 
1.265000e-02 2.304285e+05 1.053153e+03 1.053153e+03 4.776209e+05 9.390085e+02 9.390085e+02 
1.270000e-02 2.150365e+05 9.636323e+02 9.636323e+02 4.570576e+05 8.582683e+02 8.582683e+02 
1.275000e-02 2.007753e+05 9.035860e+02 9.035860e+02 4.371340e+05 8.047742e+02 8.047742e+02 
1.280000e-02 1.874390e+05 8.450437e+02 8.450437e+02 4.180434e+05 7.526487e+02 7.526487e+02 
1.285000e-02 1.749308e+05 7.807528e+02 7.807528e+02 3.994066e+05 6.950828e+02 6.950828e+02 
1.290000e-02 1.632217e+05 7.155803e+02 7.155803e+02 3.816588e+05 6.366543e+02 6.366543e+02 
1.295000e-02 1.522507e+05 6.479910e+02 6.479910e+02 3.645902e+05 5.759375e+02 5.759375e+02 
1.300000e-02 1.420950e+05 6.030937e+02 6.030937e+02 3.481168e+05 5.362222e+02 5.362222e+02 
1.305000e-02 1.325491e+05 5.494385e+02 5.494385e+02 3.322546e+05 4.883607e+02 4.883607e+02 
1.310000e-02 1.235741e+05 4.877238e+02 4.877238e+02 3.169839e+05 4.329785e+02 4.329785e+02 
1.315000e-02 1.153051e+05 4.522052e+02 4.522052e+02 3.023047e+05 4.016951e+02 4.016951e+02 
1.320000e-02 1.075253e+05 4.079955e+02 4.079955e+02 2.881870e+05 3.623678e+02 3.623678e+02 
1.325000e-02 1.002738e+05 3.689390e+02 3.689390e+02 2.746306e+05 3.275763e+02 3.275763e+02 
1.330000e-02 9.352537e+04 3.359873e+02 3.359873e+02 2.616195e+05 2.980319e+02 2.980319e+02 
1.335000e-02 8.717420e+04 2.956672e+02 2.956672e+02 2.491314e+05 2.616243e+02 2.616243e+02 
1.340000e-02 8.133873e+04 2.766268e+02 2.766268e+02 2.371444e+05 2.447770e+02 2.447770e+02 
1.345000e-02 7.573471e+04 2.287431e+02 2.287431e+02 2.256479e+05 2.015446e+02 2.015446e+02 
1.350000e-02 7.065282e+04 2.130119e+02 2.130119e+02 2.146206e+05 1.877067e+02 1.877067e+02 
1.355000e-02 6.590655e+04 1.981843e+02 1.981843e+02 2.038963e+05 1.746816e+02 1.746816e+02 
1.360000e-02 6.147656e+04 1.840236e+02 1.840236e+02 1.937954e+05 1.622562e+02 1.622562e+02 
1.365000e-02 5.733472e+04 1.698466e+02 1.698466e+02 1.841245e+05 1.498165e+02 1.498165e+02 
1.370000e-02 5.347077e+04 1.566661e+02 1.566661e+02 1.747268e+05 1.382639e+02 1.382639e+02 
1.375000e-02 4.986732e+04 1.451587e+02 1.451587e+02 1.658887e+05 1.282007e+02 1.282007e+02 
1.380000e-02 4.649978e+04 1.336342e+02 1.336342e+02 1.574451e+05 1.181226e+02 1.181226e+02 
1.385000e-02 4.336366e+04 1.240289e+02 1.240289e+02 1.492561e+05 1.097239e+02 1.097239e+02 
1.390000e-02 4.044558e+04 1.166423e+02 1.166423e+02 1.415680e+05 1.032189e+02 1.032189e+02 
1.395000e-02 3.772352e+04 1.099287e+02 1.099287e+02 1.342329e+05 9.728426e+01 9.728426e+01 
1.400000e-02 3.518094e+04 1.032130e+02 1.032130e+02 1.272354e+05 9.134761e+01 9.134761e+01 
1.405000e-02 3.280611e+04 9.649450e+01 9.649450e+01 1.205613e+05 8.540847e+01 8.540847e+01 
1.410000e-02 3.058764e+04 8.977243e+01 8.977243e+01 1.142001e+05 7.946616e+01 7.946616e+01 
1.415000e-02 2.842140e+04 6.474423e+01 6.474423e+01 1.081445e+05 5.687763e+01 5.687763e+01 
1.420000e-02 2.649665e+04 6.002801e+01 6.002801e+01 1.023732e+05 5.274917e+01 5.274917e+01 
1.425000e-02 2.469877e+04 5.531021e+01 5.531021e+01 9.688271e+04 4.861932e+01 4.861932e+01 
1.430000e-02 2.292708e+04 3.280256e+01 3.280256e+01 9.165879e+04 2.853242e+01 2.853242e+01 
1.435000e-02 2.136970e+04 3.001492e+01 3.001492e+01 8.668723e+04 2.612285e+01 2.612285e+01 
1.440000e-02 1.991612e+04 2.722709e+01 2.722709e+01 8.196446e+04 2.371311e+01 2.371311e+01 
1.445000e-02 1.847414e+04 8.530029e+00 8.530029e+00 7.747153e+04 7.306553e+00 7.306553e+00 
1.450000e-02 1.721947e+04 7.946696e+00 7.946696e+00 7.318952e+04 6.809826e+00 6.809826e+00 
1.455000e-02 1.605008e+04 7.551570e+00 7.551570e+00 6.914121e+04 6.472649e+00 6.472649e+00 
1.460000e-02 1.495960e+04 7.156442e+00 7.156442e+00 6.530260e+04 6.135471e+00 6.135471e+00 
1.465000e-02 1.394233e+04 6.761311e+00 6.761311e+00 6.165592e+04 5.798290e+00 5.798290e+00 
1.470000e-02 1.299330e+04 6.366178e+00 6.366178e+00 5.820116e+04 5.461107e+00 5.461107e+00 
1.475000e-02 1.210825e+04 5.971042e+00 5.971042e+00 5.492412e+04 5.123922e+00 5.123922e+00 
1.480000e-02 1.128362e+04 5.575902e+00 5.575902e+00 5.181769e+04 4.786733e+00 4.786733e+00 
1.485000e-02 1.051376e+04 5.180759e+00 5.180759e+00 4.887474e+04 4.449543e+00 4.449543e+00 
1.490000e-02 9.796186e+03 4.785613e+00 4.785613e+00 4.608819e+04 4.112348e+00 4.112348e+00 
1.495000e-02 9.127125e+03 4.390463e+00 4.390463e+00 4.344736e+04 3.775151e+00 3.775151e+00 
1.500000e-02 8.502920e+03 3.995307e+00 3.995307e+00 4.094870e+04 3.437949e+00 3.437949e+00 
1.505000e-02 7.917337e+03 2.915862e+00 2.915862e+00 3.858481e+04 2.517967e+00 2.517967e+00 
1.510000e-02 7.361677e+03 9.551591e-02 9.551591e-02 3.634919e+04 8.079938e-02 8.079938e-02 
1.515000e-02 6.857979e+03 9.059394e-02 9.059394e-02 3.423371e+04 7.665412e-02 7.665412e-02 
1.520000e-02 6.388294e+03 8.567194e-02 8.567194e-02 3.223445e+04 7.250882e-02 7.250882e-02 
1.525000e-02 5.950740e+03 8.074988e-02 8.074988e-02 3.034502e+04 6.836348e-02 6.836348e-02 
1.530000e-02 5.542828e+03 7.582779e-02 7.582779e-02 2.855972e+04 6.421811e-02 6.421811e-02 
1.535000e-02 5.162853e+03 7.090564e-02 7.090564e-02 2.687359e+04 6.007269e-02 6.007269e-02 
1.540000e-02 4.808645e+03 6.598343e-02 6.598343e-02 2.528094e+04 5.592723e-02 5.592723e-02 
1.545000e-02 4.478536e+03 6.106117e-02 6.106117e-02 2.377785e+04 5.178171e-02 5.178171e-02 
1.550000e-02 4.170960e+03 5.613884e-02 5.613884e-02 2.235900e+04 4.763614e-02 4.763614e-02 
1.555000e-02 3.884355e+03 5.121644e-02 5.121644e-02 2.102083e+04 4.349052e-02 4.349052e-02 
1.560000e-02 3.617297e+03 4.629396e-02 4.629396e-02 1.975801e+04 3.934483e-02 3.934483e-02 
1.565000e-02 3.368245e+03 4.455440e-34 4.455440e-34 1.856769e+04 4.455440e-34 4.455440e-34 
1.570000e-02 3.136473e+03 4.455440e-34 4.455440e-34 1.744527e+04 4.455440e-34 4.455440e-34 
1.575000e-02 2.920482e+03 4.455440e-34 4.455440e-34 1.638752e+04 4.455440e-34 4.455440e-34 
1.580000e-02 2.719312e+03 4.455440e-34 4.455440e-34 1.539092e+04 4.455440e-34 4.455440e-34 
1.585000e-02 2.531897e+03 4.455440e-34 4.455440e-34 1.445224e+04 4.455440e-34 4.455440e-34 
1.590000e-02 2.357313e+03 4.455440e-34 4.455440e-34 1.356795e+04 4.455440e-34 4.455440e-34 
1.595000e-02 2.194706e+03 4.455440e-34 4.455440e-34 1.273590e+04 4.455440e-34 4.455440e-34 
1.600000e-02 2.043225e+03 4.455440e-34 4.455440e-34 1.195219e+04 4.455440e-34 4.455440e-34 
1.605000e-02 1.902157e+03 4.455440e-34 4.455440e-34 1.121504e+04 4.455440e-34 4.455440e-34 
1.610000e-02 1.770721e+03 4.455440e-34 4.455440e-34 1.052125e+04 4.455440e-34 4.455440e-34 
1.615000e-02 1.648349e+03 4.455440e-34 4.455440e-34 9.869052e+03 4.455440e-34 4.455440e-34 
1.620000e-02 1.534364e+03 4.455440e-34 4.455440e-34 9.255591e+03 4.455440e-34 4.455440e-34 
1.625000e-02 1.428199e+03 4.455440e-34 4.455440e-34 8.678738e+03 4.455440e-34 4.455440e-34 
1.630000e-02 1.329356e+03 4.455440e-34 4.455440e-34 8.136717e+03 4.455440e-34 4.455440e-34 
1.635000e-02 1.237337e+03 4.455440e-34 4.455440e-34 7.627394e+03 4.455440e-34 4.455440e-34 
1.640000e-02 1.151609e+03 4.455440e-34 4.455440e-34 7.148639e+03 4.455440e-34 4.455440e-34 
1.645000e-02 1.071780e+03 4.455440e-34 4.455440e-34 6.699383e+03 4.455440e-34 4.455440e-34 
1.650000e-02 9.975040e+02 4.455440e-34 4.455440e-34 6.277140e+03 4.455440e-34 4.455440e-34 
1.655000e-02 9.283136e+02 4.455440e-34 4.455440e-34 5.880842e+03 4.455440e-34 4.455440e-34 
1.660000e-02 8.638895e+02 4.455440e-34 4.455440e-34 5.508713e+03 4.455440e-34 4.455440e-34 
1.665000e-02 8.039117e+02 4.455440e-34 4.455440e-34 5.159332e+03 4.455440e-34 4.455440e-34 
1.670000e-02 7.480640e+02 4.455440e-34 4.455440e-34 4.831631e+03 4.455440e-34 4.455440e-34 
1.675000e-02 6.961082e+02 4.455440e-34 4.455440e-34 4.524189e+03 4.455440e-34 4.455440e-34 
1.680000e-02 6.477030e+02 4.455440e-34 4.455440e-34 4.235941e+03 4.455440e-34 4.455440e-34 
1.685000e-02 6.026601e+02 4.455440e-34 4.455440e-34 3.965463e+03 4.455440e-34 4.455440e-34 
1.690000e-02 5.607272e+02 4.455440e-34 4.455440e-34 3.711691e+03 4.455440e-34 4.455440e-34 
1.695000e-02 5.217124e+02 4.455440e-34 4.455440e-34 3.473948e+03 4.455440e-34 4.455440e-34 
1.700000e-02 4.853916e+02 4.455440e-34 4.455440e-34 3.250990e+03 4.455440e-34 4.455440e-34 
1.705000e-02 4.515766e+02 4.455440e-34 4.455440e-34 3.042037e+03 4.455440e-34 4.455440e-34 
1.710000e-02 4.201145e+02 4.455440e-34 4.455440e-34 2.846234e+03 4.455440e-34 4.455440e-34 
1.715000e-02 3.908240e+02 4.455440e-34 4.455440e-34 2.662764e+03 4.455440e-34 4.455440e-34 
1.720000e-02 3.635701e+02 4.455440e-34 4.455440e-34 2.490881e+03 4.455440e-34 4.455440e-34 
1.725000e-02 3.382035e+02 4.455440e-34 4.455440e-34 2.329838e+03 4.455440e-34 4.455440e-34 
1.730000e-02 3.145998e+02 4.455440e-34 4.455440e-34 2.179032e+03 4.455440e-34 4.455440e-34 
1.735000e-02 2.926346e+02 4.455440e-34 4.455440e-34 2.037751e+03 4.455440e-34 4.455440e-34 
1.740000e-02 2.721942e+02 4.455440e-34 4.455440e-34 1.905498e+03 4.455440e-34 4.455440e-34 
1.745000e-02 2.531719e+02 4.455440e-34 4.455440e-34 1.781668e+03 4.455440e-34 4.455440e-34 
1.750000e-02 2.354754e+02 4.455440e-34 4.455440e-34 1.665729e+03 4.455440e-34 4.455440e-34 
1.755000e-02 2.190086e+02 4.455440e-34 4.455440e-34 1.557218e+03 4.455440e-34 4.455440e-34 
1.760000e-02 2.036863e+02 4.455440e-34 4.455440e-34 1.455674e+03 4.455440e-34 4.455440e-34 
1.765000e-02 1.894302e+02 4.455440e-34 4.455440e-34 1.360598e+03 4.455440e-34 4.455440e-34 
1.770000e-02 1.761694e+02 4.455440e-34 4.455440e-34 1.271671e+03 4.455440e-34 4.455440e-34 
1.775000e-02 1.638326e+02 4.455440e-34 4.455440e-34 1.188431e+03 4.455440e-34 4.455440e-34 
1.780000e-02 1.523560e+02 4.455440e-34 4.455440e-34 1.110593e+03 4.455440e-34 4.455440e-34 
1.785000e-02 1.416755e+02 4.455440e-34 4.455440e-34 1.037731e+03 4.455440e-34 4.455440e-34 
1.790000e-02 1.317449e+02 4.455440e-34 4.455440e-34 9.695961e+02 4.455440e-34 4.455440e-34 
1.795000e-02 1.225004e+02 4.455440e-34 4.455440e-34 9.059041e+02 4.455440e-34 4.455440e-34 
1.800000e-02 1.139062e+02 4.455440e-34 4.455440e-34 8.462996e+02 4.455440e-34 4.455440e-34 
1.805000e-02 1.059106e+02 4.455440e-34 4.455440e-34 7.905691e+02 4.455440e-34 4.455440e-34 
1.810000e-02 9.847549e+01 4.455440e-34 4.455440e-34 7.384285e+02 4.455440e-34 4.455440e-34 
1.815000e-02 9.155894e+01 4.455440e-34 4.455440e-34 6.897354e+02 4.455440e-34 4.455440e-34 
1.820000e-02 8.512364e+01 4.455440e-34 4.455440e-34 6.441701e+02 4.455440e-34 4.455440e-34 
1.825000e-02 7.914008e+01 4.455440e-34 4.455440e-34 6.015903e+02 4.455440e-34 4.455440e-34 
1.830000e-02 7.357734e+01 4.455440e-34 4.455440e-34 5.617828e+02 4.455440e-34 4.455440e-34 
1.835000e-02 6.840024e+01 4.455440e-34 4.455440e-34 5.245700e+02 4.455440e-34 4.455440e-34 
1.840000e-02 6.358887e+01 4.455440e-34 4.455440e-34 4.898095e+02 4.455440e-34 4.455440e-34 
1.845000e-02 5.911408e+01 4.455440e-34 4.455440e-34 4.573238e+02 4.455440e-34 4.455440e-34 
1.850000e-02 5.494958e+01 4.455440e-34 4.455440e-34 4.269351e+02 4.455440e-34 4.455440e-34 
1.855000e-02 5.107937e+01 4.455440e-34 4.455440e-34 3.985722e+02 4.455440e-34 4.455440e-34 
1.860000e-02 4.748035e+01 4.455440e-34 4.455440e-34 3.720576e+02 4.455440e-34 4.455440e-34 
1.865000e-02 4.413404e+01 4.455440e-34 4.455440e-34 3.472952e+02 4.455440e-34 4.455440e-34 
1.870000e-02 4.102195e+01 4.455440e-34 4.455440e-34 3.241536e+02 4.455440e-34 4.455440e-34 
1.875000e-02 3.812844e+01 4.455440e-34 4.455440e-34 3.025403e+02 4.455440e-34 4.455440e-34 
1.880000e-02 3.543859e+01 4.455440e-34 4.455440e-34 2.823522e+02 4.455440e-34 4.455440e-34 
1.885000e-02 3.293748e+01 4.455440e-34 4.455440e-34 2.634970e+02 4.455440e-34 4.455440e-34 
1.890000e-02 3.061194e+01 4.455440e-34 4.455440e-34 2.458857e+02 4.455440e-34 4.455440e-34 
1.895000e-02 2.844990e+01 4.455440e-34 4.455440e-34 2.294403e+02 4.455440e-34 4.455440e-34 
1.900000e-02 2.643998e+01 4.455440e-34 4.455440e-34 2.140824e+02 4.455440e-34 4.455440e-34 
1.905000e-02 2.457151e+01 4.455440e-34 4.455440e-34 1.997411e+02 4.455440e-34 4.455440e-34 
1.910000e-02 2.283420e+01 4.455440e-34 4.455440e-34 1.863487e+02 4.455440e-34 4.455440e-34 
1.915000e-02 2.121987e+01 4.455440e-34 4.455440e-34 1.738449e+02 4.455440e-34 4.455440e-34 
1.920000e-02 1.971856e+01 4.455440e-34 4.455440e-34 1.621763e+02 4.455440e-34 4.455440e-34 
1.925000e-02 1.832316e+01 4.455440e-34 4.455440e-34 1.512790e+02 4.455440e-34 4.455440e-34 
1.930000e-02 1.702622e+01 4.455440e-34 4.455440e-34 1.411104e+02 4.455440e-34 4.455440e-34 
1.935000e-02 1.582062e+01 4.455440e-34 4.455440e-34 1.316134e+02 4.455440e-34 4.455440e-34 
1.940000e-02 1.469997e+01 4.455440e-34 4.455440e-34 1.227527e+02 4.455440e-34 4.455440e-34 
1.945000e-02 1.365858e+01 4.455440e-34 4.455440e-34 1.144820e+02 4.455440e-34 4.455440e-34 
1.950000e-02 1.269076e+01 4.455440e-34 4.455440e-34 1.067622e+02 4.455440e-34 4.455440e-34 
1.955000e-02 1.179118e+01 4.455440e-34 4.455440e-34 9.955776e+01 4.455440e-34 4.455440e-34 
1.960000e-02 1.095487e+01 4.455440e-34 4.455440e-34 9.283669e+01 4.455440e-34 4.455440e-34 
1.965000e-02 1.017752e+01 4.455440e-34 4.455440e-34 8.656702e+01 4.455440e-34 4.455440e-34 
1.970000e-02 9.455588e+00 4.455440e-34 4.455440e-34 8.071319e+01 4.455440e-34 4.455440e-34 
1.975000e-02 8.784299e+00 4.455440e-34 4.455440e-34 7.525388e+01 4.455440e-34 4.455440e-34 
1.980000e-02 8.160708e+00 4.455440e-34 4.455440e-34 7.015710e+01 4.455440e-34 4.455440e-34 
1.985000e-02 7.580870e+00 4.455440e-34 4.455440e-34 6.540509e+01 4.455440e-34 4.455440e-34 
1.990000e-02 7.042296e+00 4.455440e-34 4.455440e-34 6.097295e+01 4.455440e-34 4.455440e-34 
1.995000e-02 6.541930e+00 4.455440e-34 4.455440e-34 5.683582e+01 4.455440e-34 4.455440e-34 
2.000000e-02 6.077071e+00 4.455440e-34 4.455440e-34 5.297947e+01 4.455440e-34 4.455440e-34 
2.005000e-02 5.644770e+00 4.455440e-34 4.455440e-34 4.938258e+01 4.455440e-34 4.455440e-34 
2.010000e-02 5.243354e+00 4.455440e-34 4.455440e-34 4.602738e+01 4.455440e-34 4.455440e-34 
2.015000e-02 4.870266e+00 4.455440e-34 4.455440e-34 4.289610e+01 4.455440e-34 4.455440e-34 
2.020000e-02 4.523656e+00 4.455440e-34 4.455440e-34 3.997807e+01 4.455440e-34 4.455440e-34 
2.025000e-02 4.201607e+00 4.455440e-34 4.455440e-34 3.725552e+01 4.455440e-34 4.455440e-34 
2.030000e-02 3.902411e+00 4.455440e-34 4.455440e-34 3.471815e+01 4.455440e-34 4.455440e-34 
2.035000e-02 3.624470e+00 4.455440e-34 4.455440e-34 3.235174e+01 4.455440e-34 4.455440e-34 
2.040000e-02 3.366219e+00 4.455440e-34 4.455440e-34 3.014527e+01 4.455440e-34 4.455440e-34 
2.045000e-02 3.126308e+00 4.455440e-34 4.455440e-34 2.808843e+01 4.455440e-34 4.455440e-34 
2.050000e-02 2.903457e+00 4.455440e-34 4.455440e-34 2.617056e+01 4.455440e-34 4.455440e-34 
2.055000e-02 2.696387e+00 4.455440e-34 4.455440e-34 2.438243e+01 4.455440e-34 4.455440e-34 
2.060000e-02 2.504103e+00 4.455440e-34 4.455440e-34 2.271585e+01 4.455440e-34 4.455440e-34 
2.065000e-02 2.325431e+00 4.455440e-34 4.455440e-34 2.116193e+01 4.455440e-34 4.455440e-34 
2.070000e-02 2.159448e+00 4.455440e-34 4.455440e-34 1.971394e+01 4.455440e-34 4.455440e-34 
2.075000e-02 2.005265e+00 4.455440e-34 4.455440e-34 1.836404e+01 4.455440e-34 4.455440e-34 
2.080000e-02 1.862101e+00 4.455440e-34 4.455440e-34 1.710584e+01 4.455440e-34 4.455440e-34 
2.085000e-02 1.729101e+00 4.455440e-34 4.455440e-34 1.593329e+01 4.455440e-34 4.455440e-34 
2.090000e-02 1.605556e+00 4.455440e-34 4.455440e-34 1.484036e+01 4.455440e-34 4.455440e-34 
2.095000e-02 1.490790e+00 4.455440e-34 4.455440e-34 1.382208e+01 4.455440e-34 4.455440e-34 
2.100000e-02 1.384269e+00 4.455440e-34 4.455440e-34 1.287309e+01 4.455440e-34 4.455440e-34 
2.105000e-02 1.285248e+00 4.455440e-34 4.455440e-34 1.198844e+01 4.455440e-34 4.455440e-34 
2.110000e-02 1.193335e+00 4.455440e-34 4.455440e-34 1.116457e+01 4.455440e-34 4.455440e-34 
2.115000e-02 1.107963e+00 4.455440e-34 4.455440e-34 1.039686e+01 4.455440e-34 4.455440e-34 
2.120000e-02 1.028689e+00 4.455440e-34 4.455440e-34 9.681389e+00 4.455440e-34 4.455440e-34 
2.125000e-02 9.550450e-01 4.455440e-34 4.455440e-34 9.014969e+00 4.455440e-34 4.455440e-34 
2.130000e-02 8.866828e-01 4.455440e-34 4.455440e-34 8.394044e+00 4.455440e-34 4.455440e-34 
2.135000e-02 8.231899e-01 4.455440e-34 4.455440e-34 7.815414e+00 4.455440e-34 4.455440e-34 
2.140000e-02 7.642038e-01 4.455440e-34 4.455440e-34 7.276591e+00 4.455440e-34 4.455440e-34 
2.145000e-02 7.094437e-01 4.455440e-34 4.455440e-34 6.774733e+00 4.455440e-34 4.455440e-34 
2.150000e-02 6.585967e-01 4.455440e-34 4.455440e-34 6.306995e+00 4.455440e-34 4.455440e-34 
2.155000e-02 6.113929e-01 4.455440e-34 4.455440e-34 5.871601e+00 4.455440e-34 4.455440e-34 
2.160000e-02 5.675691e-01 4.455440e-34 4.455440e-34 5.466062e+00 4.455440e-34 4.455440e-34 
2.165000e-02 5.268447e-01 4.455440e-34 4.455440e-34 5.088247e+00 4.455440e-34 4.455440e-34 
2.170000e-02 4.890454e-01 4.455440e-34 4.455440e-34 4.736377e+00 4.455440e-34 4.455440e-34 
2.175000e-02 4.539544e-01 4.455440e-34 4.455440e-34 4.408677e+00 4.455440e-34 4.455440e-34 
2.180000e-02 4.213691e-01 4.455440e-34 4.455440e-34 4.103368e+00 4.455440e-34 4.455440e-34 
2.185000e-02 3.911154e-01 4.455440e-34 4.455440e-34 3.819384e+00 4.455440e-34 4.455440e-34 
2.190000e-02 3.630299e-01 4.455440e-34 4.455440e-34 3.554593e+00 4.455440e-34 4.455440e-34 
2.195000e-02 3.369524e-01 4.455440e-34 4.455440e-34 3.308214e+00 4.455440e-34 4.455440e-34 
2.200000e-02 3.127445e-01 4.455440e-34 4.455440e-34 3.078823e+00 4.455440e-34 4.455440e-34 
2.205000e-02 2.902675e-01 4.455440e-34 4.455440e-34 2.865178e+00 4.455440e-34 4.455440e-34 
2.210000e-02 2.694041e-01 4.455440e-34 4.455440e-34 2.666283e+00 4.455440e-34 4.455440e-34 
2.215000e-02 2.500335e-01 4.455440e-34 4.455440e-34 2.481142e+00 4.455440e-34 4.455440e-34 
2.220000e-02 2.320526e-01 4.455440e-34 4.455440e-34 2.308726e+00 4.455440e-34 4.455440e-34 
2.225000e-02 2.153584e-01 4.455440e-34 4.455440e-34 2.148252e+00 4.455440e-34 4.455440e-34 
2.230000e-02 1.998655e-01 4.455440e-34 4.455440e-34 1.998868e+00 4.455440e-34 4.455440e-34 
2.235000e-02 1.854779e-01 4.455440e-34 4.455440e-34 1.859826e+00 4.455440e-34 4.455440e-34 
2.240000e-02 1.721282e-01 4.455440e-34 4.455440e-34 1.730345e+00 4.455440e-34 4.455440e-34 
2.245000e-02 1.597346e-01 4.455440e-34 4.455440e-34 1.609857e+00 4.455440e-34 4.455440e-34 
2.250000e-02 1.482295e-01 4.455440e-34 4.455440e-34 1.497720e+00 4.455440e-34 4.455440e-34 
2.255000e-02 1.375526e-01 4.455440e-34 4.455440e-34 1.393332e+00 4.455440e-34 4.455440e-34 
2.260000e-02 1.276433e-01 4.455440e-34 4.455440e-34 1.296195e+00 4.455440e-34 4.455440e-34 
2.265000e-02 1.184414e-01 4.455440e-34 4.455440e-34 1.205775e+00 4.455440e-34 4.455440e-34 
2.270000e-02 1.099077e-01 4.455440e-34 4.455440e-34 1.121646e+00 4.455440e-34 4.455440e-34 
2.275000e-02 1.019785e-01 4.455440e-34 4.455440e-34 1.043311e+00 4.455440e-34 4.455440e-34 
2.280000e-02 9.462447e-02 4.455440e-34 4.455440e-34 9.704491e-01 4.455440e-34 4.455440e-34 
2.285000e-02 8.780140e-02 4.455440e-34 4.455440e-34 9.026343e-01 4.455440e-34 4.455440e-34 
2.290000e-02 8.146526e-02 4.455440e-34 4.455440e-34 8.395465e-01 4.455440e-34 4.455440e-34 
2.295000e-02 7.558656e-02 4.455440e-34 4.455440e-34 7.808305e-01 4.455440e-34 4.455440e-34 
2.300000e-02 7.013009e-02 4.455440e-34 4.455440e-34 7.262019e-01 4.455440e-34 4.455440e-34 
2.305000e-02 6.506814e-02 4.455440e-34 4.455440e-34 6.753763e-01 4.455440e-34 4.455440e-34 
2.310000e-02 6.036660e-02 4.455440e-34 4.455440e-34 6.281049e-01 4.455440e-34 4.455440e-34 
2.315000e-02 5.600946e-02 4.455440e-34 4.455440e-34 5.841035e-01 4.455440e-34 4.455440e-34 
2.320000e-02 5.196154e-02 4.455440e-34 4.455440e-34 5.431942e-01 4.455440e-34 4.455440e-34 
2.325000e-02 4.820648e-02 4.455440e-34 4.455440e-34 5.050927e-01 4.455440e-34 4.455440e-34 
2.330000e-02 4.472226e-02 4.455440e-34 4.455440e-34 4.696925e-01 4.455440e-34 4.455440e-34 
2.335000e-02 4.148933e-02 4.455440e-34 4.455440e-34 4.367447e-01 4.455440e-34 4.455440e-34 
2.340000e-02 3.848955e-02 4.455440e-34 4.455440e-34 4.060717e-01 4.455440e-34 4.455440e-34 
2.345000e-02 3.570552e-02 4.455440e-34 4.455440e-34 3.775667e-01 4.455440e-34 4.455440e-34 
2.350000e-02 3.312265e-02 4.455440e-34 4.455440e-34 3.510556e-01 4.455440e-34 4.455440e-34 
2.355000e-02 3.072639e-02 4.455440e-34 4.455440e-34 3.263892e-01 4.455440e-34 4.455440e-34 
2.360000e-02 2.850250e-02 4.455440e-34 4.455440e-34 3.034466e-01 4.455440e-34 4.455440e-34 
2.365000e-02 2.643962e-02 4.455440e-34 4.455440e-34 2.821105e-01 4.455440e-34 4.455440e-34 
2.370000e-02 2.452495e-02 4.455440e-34 4.455440e-34 2.622672e-01 4.455440e-34 4.455440e-34 
2.375000e-02 2.274925e-02 4.455440e-34 4.455440e-34 2.438101e-01 4.455440e-34 4.455440e-34 
2.380000e-02 2.110115e-02 4.455440e-34 4.455440e-34 2.266502e-01 4.455440e-34 4.455440e-34 
2.385000e-02 1.957283e-02 4.455440e-34 4.455440e-34 2.106881e-01 4.455440e-34 4.455440e-34 
2.390000e-02 1.815434e-02 4.455440e-34 4.455440e-34 1.958456e-01 4.455440e-34 4.455440e-34 
2.395000e-02 1.683856e-02 4.455440e-34 4.455440e-34 1.820445e-01 4.455440e-34 4.455440e-34 
2.400000e-02 1.561839e-02 4.455440e-34 4.455440e-34 1.692102e-01 4.455440e-34 4.455440e-34 
2.405000e-02 1.448601e-02 4.455440e-34 4.455440e-34 1.572786e-01 4.455440e-34 4.455440e-34 
2.410000e-02 1.343537e-02 4.455440e-34 4.455440e-34 1.461822e-01 4.455440e-34 4.455440e-34 
2.415000e-02 1.246080e-02 4.455440e-34 4.455440e-34 1.358643e-01 4.455440e-34 4.455440e-34 
2.420000e-02 1.155660e-02 4.455440e-34 4.455440e-34 1.262750e-01 4.455440e-34 4.455440e-34 
2.425000e-02 1.071809e-02 4.455440e-34 4.455440e-34 1.173574e-01 4.455440e-34 4.455440e-34 
2.430000e-02 9.940386e-03 4.455440e-34 4.455440e-34 1.090653e-01 4.455440e-34 4.455440e-34 
2.435000e-02 9.218591e-03 4.455440e-34 4.455440e-34 1.013562e-01 4.455440e-34 4.455440e-34 
2.440000e-02 8.549222e-03 4.455440e-34 4.455440e-34 9.419086e-02 4.455440e-34 4.455440e-34 
2.445000e-02 7.928581e-03 4.455440e-34 4.455440e-34 8.753022e-02 4.455440e-34 4.455440e-34 
2.450000e-02 7.352723e-03 4.455440e-34 4.455440e-34 8.133873e-02 4.455440e-34 4.455440e-34 
2.455000e-02 6.818414e-03 4.455440e-34 4.455440e-34 7.558087e-02 4.455440e-34 4.455440e-34 
2.460000e-02 6.322918e-03 4.455440e-34 4.455440e-34 7.023174e-02 4.455440e-34 4.455440e-34 
2.465000e-02 5.863533e-03 4.455440e-34 4.455440e-34 6.525936e-02 4.455440e-34 4.455440e-34 
2.470000e-02 5.437309e-03 4.455440e-34 4.455440e-34 6.063530e-02 4.455440e-34 4.455440e-34 
2.475000e-02 5.041971e-03 4.455440e-34 4.455440e-34 5.633822e-02 4.455440e-34 4.455440e-34 
2.480000e-02 4.675316e-03 4.455440e-34 4.455440e-34 5.234326e-02 4.455440e-34 4.455440e-34 
2.485000e-02 4.335282e-03 4.455440e-34 4.455440e-34 4.863264e-02 4.455440e-34 4.455440e-34 
2.490000e-02 4.019914e-03 4.455440e-34 4.455440e-34 4.518503e-02 4.455440e-34 4.455440e-34 
2.495000e-02 3.727436e-03 4.455440e-34 4.455440e-34 4.197910e-02 4.455440e-34 4.455440e-34 
2.500000e-02 3.456141e-03 4.455440e-34 4.455440e-34 3.899710e-02 4.455440e-34 4.455440e-34 
