       0	        0	        0	        0	        0	        0	        0	 
   5e-05	  2536.52	 5.90639e+06	 5.90639e+06	 3.02106e+06	   673312	   673312	 
  0.0001	  18040.6	 2.35071e+07	 2.35071e+07	 1.14344e+07	 2.55497e+06	 2.55497e+06	 
 0.00015	   112366	 5.28847e+07	 5.28847e+07	 2.55545e+07	 5.76611e+06	 5.76611e+06	 
  0.0002	   367743	 9.34979e+07	 9.34979e+07	 4.5384e+07	 1.03712e+07	 1.03712e+07	 
 0.00025	   936782	 1.47014e+08	 1.47014e+08	 7.13157e+07	 1.65764e+07	 1.65764e+07	 
  0.0003	 1.89847e+06	 2.13184e+08	 2.13184e+08	 1.03047e+08	 2.43757e+07	 2.43757e+07	 
 0.00035	 3.33871e+06	 2.91308e+08	 2.91308e+08	 1.40186e+08	 3.37489e+07	 3.37489e+07	 
  0.0004	 5.23382e+06	 3.81095e+08	 3.81095e+08	 1.81888e+08	 4.44898e+07	 4.44898e+07	 
 0.00045	 7.59774e+06	 4.82236e+08	 4.82236e+08	 2.27519e+08	 5.64686e+07	 5.64686e+07	 
  0.0005	 1.03919e+07	 5.9139e+08	 5.9139e+08	 2.76332e+08	 6.94889e+07	 6.94889e+07	 
 0.00055	 1.35661e+07	 7.13832e+08	 7.13832e+08	 3.27479e+08	 8.33236e+07	 8.33236e+07	 
  0.0006	 1.70944e+07	 8.46423e+08	 8.46423e+08	 3.80324e+08	 9.78112e+07	 9.78112e+07	 
 0.00065	 2.08353e+07	 9.87895e+08	 9.87895e+08	 4.34068e+08	 1.12664e+08	 1.12664e+08	 
  0.0007	 2.47191e+07	 1.13797e+09	 1.13797e+09	 4.88227e+08	 1.2772e+08	 1.2772e+08	 
 0.00075	 2.87005e+07	 1.29598e+09	 1.29598e+09	 5.42269e+08	 1.42826e+08	 1.42826e+08	 
  0.0008	 3.27888e+07	 1.46156e+09	 1.46156e+09	 5.95892e+08	 1.57921e+08	 1.57921e+08	 
 0.00085	 3.68757e+07	 1.63362e+09	 1.63362e+09	 6.48602e+08	 1.72813e+08	 1.72813e+08	 
  0.0009	 4.09032e+07	 1.81219e+09	 1.81219e+09	 7.0004e+08	 1.87376e+08	 1.87376e+08	 
 0.00095	 4.48259e+07	 1.99589e+09	 1.99589e+09	 7.49868e+08	 2.015e+08	 2.015e+08	 
   0.001	 4.86287e+07	 2.18424e+09	 2.18424e+09	 7.97849e+08	 2.1512e+08	 2.1512e+08	 
 0.00105	 5.22926e+07	 2.3768e+09	 2.3768e+09	 8.43609e+08	 2.28139e+08	 2.28139e+08	 
  0.0011	 5.57839e+07	 2.57279e+09	 2.57279e+09	 8.86931e+08	 2.40481e+08	 2.40481e+08	 
 0.00115	 5.90877e+07	 2.77149e+09	 2.77149e+09	 9.27696e+08	 2.5211e+08	 2.5211e+08	 
  0.0012	 6.21876e+07	 2.97276e+09	 2.97276e+09	 9.65747e+08	 2.62976e+08	 2.62976e+08	 
 0.00125	 6.50888e+07	 3.17577e+09	 3.17577e+09	 1.00109e+09	 2.73087e+08	 2.73087e+08	 
  0.0013	 6.77833e+07	 3.37999e+09	 3.37999e+09	 1.03362e+09	 2.82411e+08	 2.82411e+08	 
 0.00135	 7.02657e+07	 3.58478e+09	 3.58478e+09	 1.06329e+09	 2.90934e+08	 2.90934e+08	 
  0.0014	 7.25218e+07	 3.7897e+09	 3.7897e+09	 1.09002e+09	 2.98629e+08	 2.98629e+08	 
 0.00145	 7.45775e+07	 3.99411e+09	 3.99411e+09	 1.11373e+09	 3.05497e+08	 3.05497e+08	 
  0.0015	 7.6444e+07	 4.1978e+09	 4.1978e+09	 1.13437e+09	 3.11536e+08	 3.11536e+08	 
 0.00155	 7.81106e+07	 4.40067e+09	 4.40067e+09	 1.15208e+09	 3.16768e+08	 3.16768e+08	 
  0.0016	 7.95337e+07	 4.60103e+09	 4.60103e+09	 1.16684e+09	 3.21154e+08	 3.21154e+08	 
 0.00165	 8.07685e+07	 4.79884e+09	 4.79884e+09	 1.17884e+09	 3.24781e+08	 3.24781e+08	 
  0.0017	 8.17963e+07	 4.99391e+09	 4.99391e+09	 1.18806e+09	 3.2763e+08	 3.2763e+08	 
 0.00175	 8.26294e+07	 5.18546e+09	 5.18546e+09	 1.1946e+09	 3.29731e+08	 3.29731e+08	 
  0.0018	 8.32662e+07	 5.37347e+09	 5.37347e+09	 1.19853e+09	 3.311e+08	 3.311e+08	 
 0.00185	 8.37248e+07	 5.55755e+09	 5.55755e+09	 1.19996e+09	 3.31775e+08	 3.31775e+08	 
  0.0019	 8.40302e+07	 5.73721e+09	 5.73721e+09	 1.19905e+09	 3.31809e+08	 3.31809e+08	 
 0.00195	 8.41765e+07	 5.91187e+09	 5.91187e+09	 1.19585e+09	 3.31212e+08	 3.31212e+08	 
   0.002	 8.41888e+07	 6.08177e+09	 6.08177e+09	 1.19054e+09	 3.30042e+08	 3.30042e+08	 
 0.00205	 8.40524e+07	 6.24608e+09	 6.24608e+09	 1.18314e+09	 3.28291e+08	 3.28291e+08	 
  0.0021	 8.3786e+07	 6.40503e+09	 6.40503e+09	 1.17381e+09	 3.26012e+08	 3.26012e+08	 
 0.00215	 8.33981e+07	 6.55831e+09	 6.55831e+09	 1.16262e+09	 3.23222e+08	 3.23222e+08	 
  0.0022	 8.28851e+07	 6.70562e+09	 6.70562e+09	 1.14966e+09	 3.19944e+08	 3.19944e+08	 
 0.00225	 8.22681e+07	 6.84659e+09	 6.84659e+09	 1.13512e+09	 3.16233e+08	 3.16233e+08	 
  0.0023	 8.15491e+07	 6.98142e+09	 6.98142e+09	 1.11906e+09	 3.12105e+08	 3.12105e+08	 
 0.00235	 8.074e+07	 7.10986e+09	 7.10986e+09	 1.10162e+09	 3.076e+08	 3.076e+08	 
  0.0024	 7.98366e+07	 7.23179e+09	 7.23179e+09	 1.08292e+09	 3.02742e+08	 3.02742e+08	 
 0.00245	 7.8869e+07	 7.34751e+09	 7.34751e+09	 1.06311e+09	 2.97586e+08	 2.97586e+08	 
  0.0025	 7.78311e+07	 7.45646e+09	 7.45646e+09	 1.04221e+09	 2.92135e+08	 2.92135e+08	 
 0.00255	 7.67223e+07	 7.55867e+09	 7.55867e+09	 1.02035e+09	 2.86416e+08	 2.86416e+08	 
  0.0026	 7.55583e+07	 7.6545e+09	 7.6545e+09	 9.97714e+08	 2.8048e+08	 2.8048e+08	 
 0.00265	 7.43376e+07	 7.74384e+09	 7.74384e+09	 9.74344e+08	 2.74337e+08	 2.74337e+08	 
  0.0027	 7.30768e+07	 7.82661e+09	 7.82661e+09	 9.50361e+08	 2.68027e+08	 2.68027e+08	 
 0.00275	 7.17705e+07	 7.90291e+09	 7.90291e+09	 9.25868e+08	 2.61568e+08	 2.61568e+08	 
  0.0028	 7.04425e+07	 7.97348e+09	 7.97348e+09	 9.00968e+08	 2.55002e+08	 2.55002e+08	 
 0.00285	 6.90878e+07	 8.03735e+09	 8.03735e+09	 8.7576e+08	 2.48346e+08	 2.48346e+08	 
  0.0029	 6.7708e+07	 8.09507e+09	 8.09507e+09	 8.50264e+08	 2.41607e+08	 2.41607e+08	 
 0.00295	 6.63026e+07	 8.14667e+09	 8.14667e+09	 8.24602e+08	 2.34812e+08	 2.34812e+08	 
   0.003	 6.48912e+07	 8.19248e+09	 8.19248e+09	 7.98914e+08	 2.28005e+08	 2.28005e+08	 
 0.00305	 6.34733e+07	 8.23242e+09	 8.23242e+09	 7.73202e+08	 2.21189e+08	 2.21189e+08	 
  0.0031	 6.20323e+07	 8.26673e+09	 8.26673e+09	 7.47504e+08	 2.14358e+08	 2.14358e+08	 
 0.00315	 6.05993e+07	 8.2956e+09	 8.2956e+09	 7.21982e+08	 2.07572e+08	 2.07572e+08	 
  0.0032	 5.91578e+07	 8.31905e+09	 8.31905e+09	 6.96604e+08	 2.00811e+08	 2.00811e+08	 
 0.00325	 5.77253e+07	 8.33736e+09	 8.33736e+09	 6.715e+08	 1.94118e+08	 1.94118e+08	 
  0.0033	 5.62814e+07	 8.35056e+09	 8.35056e+09	 6.46669e+08	 1.87477e+08	 1.87477e+08	 
 0.00335	 5.48497e+07	 8.35879e+09	 8.35879e+09	 6.22189e+08	 1.80924e+08	 1.80924e+08	 
  0.0034	 5.34091e+07	 8.3624e+09	 8.3624e+09	 5.9804e+08	 1.74437e+08	 1.74437e+08	 
 0.00345	 5.19883e+07	 8.3613e+09	 8.3613e+09	 5.74312e+08	 1.68059e+08	 1.68059e+08	 
  0.0035	 5.05848e+07	 8.35592e+09	 8.35592e+09	 5.51084e+08	 1.61806e+08	 1.61806e+08	 
 0.00355	 4.92014e+07	 8.34611e+09	 8.34611e+09	 5.28358e+08	 1.55679e+08	 1.55679e+08	 
  0.0036	 4.78225e+07	 8.33232e+09	 8.33232e+09	 5.06142e+08	 1.4967e+08	 1.4967e+08	 
 0.00365	 4.64676e+07	 8.3145e+09	 8.3145e+09	 4.84482e+08	 1.43803e+08	 1.43803e+08	 
  0.0037	 4.5129e+07	 8.29282e+09	 8.29282e+09	 4.63385e+08	 1.38074e+08	 1.38074e+08	 
 0.00375	 4.38039e+07	 8.26746e+09	 8.26746e+09	 4.42867e+08	 1.32484e+08	 1.32484e+08	 
  0.0038	 4.25116e+07	 8.23866e+09	 8.23866e+09	 4.22966e+08	 1.27056e+08	 1.27056e+08	 
 0.00385	 4.12384e+07	 8.20629e+09	 8.20629e+09	 4.0366e+08	 1.21776e+08	 1.21776e+08	 
  0.0039	 4.00028e+07	 8.17073e+09	 8.17073e+09	 3.85017e+08	 1.16672e+08	 1.16672e+08	 
 0.00395	 3.87622e+07	 8.13203e+09	 8.13203e+09	 3.6694e+08	 1.1169e+08	 1.1169e+08	 
   0.004	 3.75559e+07	 8.09018e+09	 8.09018e+09	 3.49517e+08	 1.0688e+08	 1.0688e+08	 
 0.00405	 3.63923e+07	 8.04562e+09	 8.04562e+09	 3.32771e+08	 1.02254e+08	 1.02254e+08	 
  0.0041	 3.52507e+07	 7.99809e+09	 7.99809e+09	 3.16622e+08	 9.77769e+07	 9.77769e+07	 
 0.00415	 3.41384e+07	 7.94791e+09	 7.94791e+09	 3.01114e+08	 9.34656e+07	 9.34656e+07	 
  0.0042	 3.30466e+07	 7.89516e+09	 7.89516e+09	 2.86213e+08	 8.93052e+07	 8.93052e+07	 
 0.00425	 3.19805e+07	 7.83984e+09	 7.83984e+09	 2.71865e+08	 8.52877e+07	 8.52877e+07	 
  0.0043	 3.09413e+07	 7.78206e+09	 7.78206e+09	 2.5817e+08	 8.14361e+07	 8.14361e+07	 
 0.00435	 2.99224e+07	 7.72199e+09	 7.72199e+09	 2.45023e+08	 7.77219e+07	 7.77219e+07	 
  0.0044	 2.89179e+07	 7.65953e+09	 7.65953e+09	 2.32402e+08	 7.4136e+07	 7.4136e+07	 
 0.00445	 2.79393e+07	 7.59498e+09	 7.59498e+09	 2.20345e+08	 7.06955e+07	 7.06955e+07	 
  0.0045	 2.69801e+07	 7.52845e+09	 7.52845e+09	 2.0881e+08	 6.73863e+07	 6.73863e+07	 
 0.00455	 2.6039e+07	 7.45971e+09	 7.45971e+09	 1.9778e+08	 6.42033e+07	 6.42033e+07	 
  0.0046	 2.51253e+07	 7.3891e+09	 7.3891e+09	 1.87154e+08	 6.11314e+07	 6.11314e+07	 
 0.00465	 2.42393e+07	 7.31662e+09	 7.31662e+09	 1.77176e+08	 5.82249e+07	 5.82249e+07	 
  0.0047	 2.33872e+07	 7.24238e+09	 7.24238e+09	 1.67704e+08	 5.54573e+07	 5.54573e+07	 
 0.00475	 2.25476e+07	 7.16632e+09	 7.16632e+09	 1.58643e+08	 5.27908e+07	 5.27908e+07	 
  0.0048	 2.17315e+07	 7.08858e+09	 7.08858e+09	 1.50025e+08	 5.02407e+07	 5.02407e+07	 
 0.00485	 2.09593e+07	 7.00929e+09	 7.00929e+09	 1.41906e+08	 4.7836e+07	 4.7836e+07	 
  0.0049	 2.0208e+07	 6.92851e+09	 6.92851e+09	 1.32588e+08	 4.5181e+07	 4.5181e+07	 
 0.00495	 1.94818e+07	 6.84625e+09	 6.84625e+09	 1.25645e+08	 4.30733e+07	 4.30733e+07	 
   0.005	 1.87895e+07	 6.76251e+09	 6.76251e+09	 1.19063e+08	 4.10723e+07	 4.10723e+07	 
 0.00505	 1.81102e+07	 6.67746e+09	 6.67746e+09	 1.12752e+08	 3.91415e+07	 3.91415e+07	 
  0.0051	 1.74408e+07	 6.59107e+09	 6.59107e+09	 1.06702e+08	 3.72763e+07	 3.72763e+07	 
 0.00515	 1.67926e+07	 6.50346e+09	 6.50346e+09	 1.00942e+08	 3.54923e+07	 3.54923e+07	 
  0.0052	 1.61761e+07	 6.41468e+09	 6.41468e+09	 9.54718e+07	 3.37972e+07	 3.37972e+07	 
 0.00525	 1.55698e+07	 6.32475e+09	 6.32475e+09	 9.02741e+07	 3.21706e+07	 3.21706e+07	 
  0.0053	 1.49735e+07	 6.23369e+09	 6.23369e+09	 8.53138e+07	 3.06045e+07	 3.06045e+07	 
 0.00535	 1.44018e+07	 6.14182e+09	 6.14182e+09	 8.0607e+07	 2.91139e+07	 2.91139e+07	 
  0.0054	 1.38386e+07	 6.04889e+09	 6.04889e+09	 7.61307e+07	 2.76811e+07	 2.76811e+07	 
 0.00545	 1.3297e+07	 5.95525e+09	 5.95525e+09	 7.18977e+07	 2.63192e+07	 2.63192e+07	 
  0.0055	 1.27788e+07	 5.86069e+09	 5.86069e+09	 6.78874e+07	 2.5025e+07	 2.5025e+07	 
 0.00555	 1.2286e+07	 5.76552e+09	 5.76552e+09	 6.41313e+07	 2.38071e+07	 2.38071e+07	 
  0.0056	 1.18048e+07	 5.66971e+09	 5.66971e+09	 6.05572e+07	 2.26386e+07	 2.26386e+07	 
 0.00565	 1.13358e+07	 5.57334e+09	 5.57334e+09	 5.71531e+07	 2.15173e+07	 2.15173e+07	 
  0.0057	 1.08963e+07	 5.47658e+09	 5.47658e+09	 5.39756e+07	 2.04694e+07	 2.04694e+07	 
 0.00575	 1.0469e+07	 5.37927e+09	 5.37927e+09	 5.09592e+07	 1.94667e+07	 1.94667e+07	 
  0.0058	 1.00509e+07	 5.2817e+09	 5.2817e+09	 4.80887e+07	 1.85037e+07	 1.85037e+07	 
 0.00585	 9.65012e+06	 5.18379e+09	 5.18379e+09	 4.53542e+07	 1.75843e+07	 1.75843e+07	 
  0.0059	 9.25903e+06	 5.08571e+09	 5.08571e+09	 4.2826e+07	 1.67183e+07	 1.67183e+07	 
 0.00595	 8.87932e+06	 4.98757e+09	 4.98757e+09	 4.03979e+07	 1.58834e+07	 1.58834e+07	 
   0.006	 8.51953e+06	 4.8893e+09	 4.8893e+09	 3.81265e+07	 1.50988e+07	 1.50988e+07	 
 0.00605	 8.16931e+06	 4.79115e+09	 4.79115e+09	 3.59726e+07	 1.43478e+07	 1.43478e+07	 
  0.0061	 7.83332e+06	 4.69304e+09	 4.69304e+09	 3.39452e+07	 1.36359e+07	 1.36359e+07	 
 0.00615	 7.50914e+06	 4.59516e+09	 4.59516e+09	 3.19924e+07	 1.29498e+07	 1.29498e+07	 
  0.0062	 7.20625e+06	 4.49755e+09	 4.49755e+09	 3.02345e+07	 1.23236e+07	 1.23236e+07	 
 0.00625	 6.90846e+06	 4.40034e+09	 4.40034e+09	 2.85618e+07	 1.17203e+07	 1.17203e+07	 
  0.0063	 6.62349e+06	 4.30335e+09	 4.30335e+09	 2.69958e+07	 1.11506e+07	 1.11506e+07	 
 0.00635	 6.34659e+06	 4.20698e+09	 4.20698e+09	 2.55127e+07	 1.06057e+07	 1.06057e+07	 
  0.0064	 6.08667e+06	 4.11115e+09	 4.11115e+09	 2.41357e+07	 1.00975e+07	 1.00975e+07	 
 0.00645	 5.83243e+06	 4.01593e+09	 4.01593e+09	 2.27869e+07	 9.60005e+06	 9.60005e+06	 
  0.0065	 5.58549e+06	 3.92131e+09	 3.92131e+09	 2.15566e+07	 9.13458e+06	 9.13458e+06	 
 0.00655	 5.34461e+06	 3.82749e+09	 3.82749e+09	 2.03871e+07	 8.68734e+06	 8.68734e+06	 
  0.0066	 5.11309e+06	 3.73448e+09	 3.73448e+09	 1.92846e+07	 8.26228e+06	 8.26228e+06	 
 0.00665	 4.89267e+06	 3.64239e+09	 3.64239e+09	 1.8253e+07	 7.86159e+06	 7.86159e+06	 
  0.0067	 4.67852e+06	 3.55119e+09	 3.55119e+09	 1.72745e+07	 7.47759e+06	 7.47759e+06	 
 0.00675	 4.47289e+06	 3.4609e+09	 3.4609e+09	 1.63109e+07	 7.10352e+06	 7.10352e+06	 
  0.0068	 4.27769e+06	 3.37182e+09	 3.37182e+09	 1.54612e+07	 6.76289e+06	 6.76289e+06	 
 0.00685	 4.09101e+06	 3.28374e+09	 3.28374e+09	 1.46644e+07	 6.44062e+06	 6.44062e+06	 
  0.0069	 3.91669e+06	 3.19696e+09	 3.19696e+09	 1.39273e+07	 6.14124e+06	 6.14124e+06	 
 0.00695	 3.74953e+06	 3.11128e+09	 3.11128e+09	 1.32349e+07	 5.85736e+06	 5.85736e+06	 
   0.007	 3.58769e+06	 3.02689e+09	 3.02689e+09	 1.25801e+07	 5.58599e+06	 5.58599e+06	 
 0.00705	 3.43133e+06	 2.94379e+09	 2.94379e+09	 1.19651e+07	 5.3277e+06	 5.3277e+06	 
  0.0071	 3.28412e+06	 2.86188e+09	 2.86188e+09	 1.13764e+07	 5.08238e+06	 5.08238e+06	 
 0.00715	 3.1426e+06	 2.78145e+09	 2.78145e+09	 1.08478e+07	 4.85485e+06	 4.85485e+06	 
  0.0072	 3.00377e+06	 2.70231e+09	 2.70231e+09	 1.034e+07	 4.63404e+06	 4.63404e+06	 
 0.00725	 2.86945e+06	 2.62464e+09	 2.62464e+09	 9.85857e+06	 4.42257e+06	 4.42257e+06	 
  0.0073	 2.74012e+06	 2.54845e+09	 2.54845e+09	 9.40395e+06	 4.22096e+06	 4.22096e+06	 
 0.00735	 2.61582e+06	 2.47365e+09	 2.47365e+09	 8.97555e+06	 4.02907e+06	 4.02907e+06	 
  0.0074	 2.49534e+06	 2.40032e+09	 2.40032e+09	 8.55447e+06	 3.8418e+06	 3.8418e+06	 
 0.00745	 2.38044e+06	 2.32847e+09	 2.32847e+09	 8.17833e+06	 3.66884e+06	 3.66884e+06	 
  0.0075	 2.2697e+06	 2.2581e+09	 2.2581e+09	 7.82091e+06	 3.50329e+06	 3.50329e+06	 
 0.00755	 2.16785e+06	 2.18938e+09	 2.18938e+09	 7.49636e+06	 3.35195e+06	 3.35195e+06	 
  0.0076	 2.06942e+06	 2.12202e+09	 2.12202e+09	 7.18802e+06	 3.20687e+06	 3.20687e+06	 
 0.00765	 1.97377e+06	 2.0563e+09	 2.0563e+09	 6.89378e+06	 3.06709e+06	 3.06709e+06	 
  0.0077	 1.88268e+06	 1.99202e+09	 1.99202e+09	 6.60476e+06	 2.93202e+06	 2.93202e+06	 
 0.00775	 1.79664e+06	 1.92925e+09	 1.92925e+09	 6.35081e+06	 2.80866e+06	 2.80866e+06	 
  0.0078	 1.7186e+06	 1.86806e+09	 1.86806e+09	 6.12559e+06	 2.69792e+06	 2.69792e+06	 
 0.00785	 1.6432e+06	 1.80831e+09	 1.80831e+09	 5.91035e+06	 2.59144e+06	 2.59144e+06	 
  0.0079	 1.56887e+06	 1.75e+09	 1.75e+09	 5.70131e+06	 2.48718e+06	 2.48718e+06	 
 0.00795	 1.49686e+06	 1.6932e+09	 1.6932e+09	 5.502e+06	 2.38688e+06	 2.38688e+06	 
   0.008	 1.42835e+06	 1.63786e+09	 1.63786e+09	 5.30503e+06	 2.28983e+06	 2.28983e+06	 
 0.00805	 1.36139e+06	 1.58394e+09	 1.58394e+09	 5.12734e+06	 2.19826e+06	 2.19826e+06	 
  0.0081	 1.29697e+06	 1.53146e+09	 1.53146e+09	 4.95885e+06	 2.11071e+06	 2.11071e+06	 
 0.00815	 1.23495e+06	 1.48037e+09	 1.48037e+09	 4.79766e+06	 2.02666e+06	 2.02666e+06	 
  0.0082	 1.1751e+06	 1.43067e+09	 1.43067e+09	 4.64347e+06	 1.94584e+06	 1.94584e+06	 
 0.00825	 1.11987e+06	 1.38234e+09	 1.38234e+09	 4.50317e+06	 1.8717e+06	 1.8717e+06	 
  0.0083	 1.06671e+06	 1.33533e+09	 1.33533e+09	 4.36891e+06	 1.80052e+06	 1.80052e+06	 
 0.00835	 1.0153e+06	 1.28964e+09	 1.28964e+09	 4.23605e+06	 1.73101e+06	 1.73101e+06	 
  0.0084	   965517	 1.24525e+09	 1.24525e+09	 4.11357e+06	 1.66508e+06	 1.66508e+06	 
 0.00845	   918978	 1.20212e+09	 1.20212e+09	 3.99917e+06	 1.60346e+06	 1.60346e+06	 
  0.0085	   876230	 1.16023e+09	 1.16023e+09	 3.89457e+06	 1.54696e+06	 1.54696e+06	 
 0.00855	   835959	 1.11958e+09	 1.11958e+09	 3.7963e+06	 1.4938e+06	 1.4938e+06	 
  0.0086	   798011	 1.08011e+09	 1.08011e+09	 3.70335e+06	 1.44363e+06	 1.44363e+06	 
 0.00865	   761540	 1.0418e+09	 1.0418e+09	 3.61176e+06	 1.39492e+06	 1.39492e+06	 
  0.0087	   725928	 1.00464e+09	 1.00464e+09	 3.5255e+06	 1.34805e+06	 1.34805e+06	 
 0.00875	   691059	 9.68578e+08	 9.68578e+08	 3.44e+06	 1.30193e+06	 1.30193e+06	 
  0.0088	   658026	 9.3361e+08	 9.3361e+08	 3.35921e+06	 1.25828e+06	 1.25828e+06	 
 0.00885	   625733	 8.99717e+08	 8.99717e+08	 3.27935e+06	 1.21542e+06	 1.21542e+06	 
  0.0089	   595156	 8.66846e+08	 8.66846e+08	 3.20346e+06	 1.17477e+06	 1.17477e+06	 
 0.00895	   566228	 8.34996e+08	 8.34996e+08	 3.13064e+06	 1.13609e+06	 1.13609e+06	 
   0.009	   537924	 8.04143e+08	 8.04143e+08	 3.0593e+06	 1.09822e+06	 1.09822e+06	 
 0.00905	   511513	 7.74254e+08	 7.74254e+08	 2.99228e+06	 1.06279e+06	 1.06279e+06	 
  0.0091	   485910	 7.45314e+08	 7.45314e+08	 2.92625e+06	 1.0282e+06	 1.0282e+06	 
 0.00915	   460885	 7.17285e+08	 7.17285e+08	 2.8609e+06	   994215	   994215	 
  0.0092	   438378	 6.90162e+08	 6.90162e+08	 2.80118e+06	   963439	   963439	 
 0.00925	   417282	 6.63913e+08	 6.63913e+08	 2.74208e+06	   933899	   933899	 
  0.0093	   397135	 6.38526e+08	 6.38526e+08	 2.68698e+06	   905983	   905983	 
 0.00935	   378062	 6.13963e+08	 6.13963e+08	 2.633e+06	   879153	   879153	 
  0.0094	   360244	 5.90214e+08	 5.90214e+08	 2.58059e+06	   853649	   853649	 
 0.00945	   343079	 5.67269e+08	 5.67269e+08	 2.52911e+06	   828858	   828858	 
  0.0095	   326363	 5.45086e+08	 5.45086e+08	 2.47775e+06	   804444	   804444	 
 0.00955	   310192	 5.23638e+08	 5.23638e+08	 2.4269e+06	   780565	   780565	 
  0.0096	   295158	 5.02936e+08	 5.02936e+08	 2.37822e+06	   758055	   758055	 
 0.00965	   280478	 4.82937e+08	 4.82937e+08	 2.32979e+06	   735876	   735876	 
  0.0097	   266379	 4.63644e+08	 4.63644e+08	 2.2819e+06	   714267	   714267	 
 0.00975	   252953	 4.45007e+08	 4.45007e+08	 2.23512e+06	   693430	   693430	 
  0.0098	   240076	 4.27036e+08	 4.27036e+08	 2.18881e+06	   673122	   673122	 
 0.00985	   227739	 4.09701e+08	 4.09701e+08	 2.14336e+06	   653428	   653428	 
  0.0099	   215918	 3.92993e+08	 3.92993e+08	 2.09846e+06	   634257	   634257	 
 0.00995	   205130	 3.76884e+08	 3.76884e+08	 2.05579e+06	   616383	   616383	 
    0.01	   194713	 3.61362e+08	 3.61362e+08	 2.01322e+06	   598820	   598820	 
 0.01005	   184767	 3.46408e+08	 3.46408e+08	 1.97109e+06	   581724	   581724	 
  0.0101	   175259	 3.32002e+08	 3.32002e+08	 1.92931e+06	   565043	   565043	 
 0.01015	   166797	 3.18137e+08	 3.18137e+08	 1.88947e+06	   549609	   549609	 
  0.0102	   158680	 3.04791e+08	 3.04791e+08	 1.85007e+06	   534540	   534540	 
 0.01025	   150939	 2.91953e+08	 2.91953e+08	 1.81121e+06	   519883	   519883	 
  0.0103	   143631	 2.79606e+08	 2.79606e+08	 1.77337e+06	   505791	   505791	 
 0.01035	   136557	 2.67717e+08	 2.67717e+08	 1.73552e+06	   491878	   491878	 
  0.0104	   129694	 2.56309e+08	 2.56309e+08	 1.69803e+06	   478209	   478209	 
 0.01045	   123125	 2.4533e+08	 2.4533e+08	 1.66115e+06	   464904	   464904	 
  0.0105	   116667	 2.34782e+08	 2.34782e+08	 1.62425e+06	   451681	   451681	 
 0.01055	   110621	 2.24657e+08	 2.24657e+08	 1.58835e+06	   439001	   439001	 
  0.0106	   104929	 2.14929e+08	 2.14929e+08	 1.55327e+06	   426779	   426779	 
 0.01065	  99464.2	 2.05583e+08	 2.05583e+08	 1.5187e+06	   414845	   414845	 
  0.0107	  94214.4	 1.9662e+08	 1.9662e+08	 1.48452e+06	   403169	   403169	 
 0.01075	  89130.1	 1.88021e+08	 1.88021e+08	 1.4507e+06	   391697	   391697	 
  0.0108	  84454.5	 1.79763e+08	 1.79763e+08	 1.4178e+06	   380751	   380751	 
 0.01085	  79923.3	 1.71855e+08	 1.71855e+08	 1.38521e+06	   369983	   369983	 
  0.0109	  75816.5	 1.6426e+08	 1.6426e+08	 1.3537e+06	   359789	   359789	 
 0.01095	    72215	 1.56986e+08	 1.56986e+08	 1.3234e+06	   350253	   350253	 
   0.011	  68765.1	 1.50013e+08	 1.50013e+08	 1.29356e+06	   340940	   340940	 
 0.01105	  65412.6	 1.43331e+08	 1.43331e+08	 1.2641e+06	   331784	   331784	 
  0.0111	  62140.7	 1.36928e+08	 1.36928e+08	 1.23497e+06	   322767	   322767	 
 0.01115	  58972.6	 1.30796e+08	 1.30796e+08	 1.20627e+06	   313924	   313924	 
  0.0112	  55902.1	 1.24922e+08	 1.24922e+08	 1.17794e+06	   305241	   305241	 
 0.01125	    52938	 1.19298e+08	 1.19298e+08	 1.15007e+06	   296743	   296743	 
  0.0113	  50236.2	 1.13914e+08	 1.13914e+08	 1.12309e+06	   288645	   288645	 
 0.01135	  47630.4	 1.0876e+08	 1.0876e+08	 1.0966e+06	   280733	   280733	 
  0.0114	  45058.4	 1.03828e+08	 1.03828e+08	 1.07036e+06	   272900	   272900	 
 0.01145	  42588.4	 9.91079e+07	 9.91079e+07	 1.04457e+06	   265249	   265249	 
  0.0115	  40248.5	 9.45935e+07	 9.45935e+07	 1.01922e+06	   257796	   257796	 
 0.01155	  38045.3	 9.02739e+07	 9.02739e+07	   994564	   250603	   250603	 
  0.0116	  35967.8	 8.61441e+07	 8.61441e+07	   970441	   243626	   243626	 
 0.01165	  34091.5	 8.21946e+07	 8.21946e+07	   947100	   236980	   236980	 
  0.0117	  32435.4	 7.84187e+07	 7.84187e+07	   924440	   230656	   230656	 
 0.01175	  30861.1	 7.48091e+07	 7.48091e+07	   902197	   224489	   224489	 
  0.0118	  29339.3	 7.13589e+07	 7.13589e+07	   880368	   218455	   218455	 
 0.01185	  27851.3	 6.80612e+07	 6.80612e+07	   858880	   212522	   212522	 
  0.0119	  26405.4	 6.4911e+07	 6.4911e+07	   837692	   206689	   206689	 
 0.01195	  25047.2	 6.18988e+07	 6.18988e+07	   817074	   201051	   201051	 
   0.012	  23728.5	 5.90224e+07	 5.90224e+07	   796710	   195500	   195500	 
 0.01205	  22500.3	 5.62753e+07	 5.62753e+07	   777027	   190171	   190171	 
  0.0121	  21318.5	 5.36503e+07	 5.36503e+07	   757674	   184951	   184951	 
 0.01215	  20153.5	 5.11446e+07	 5.11446e+07	   738644	   179816	   179816	 
  0.0122	  19009.6	 4.87503e+07	 4.87503e+07	   719928	   174768	   174768	 
 0.01225	  17947.3	 4.64655e+07	 4.64655e+07	   701682	   169887	   169887	 
  0.0123	  16957.9	 4.42836e+07	 4.42836e+07	   683908	   165167	   165167	 
 0.01235	  16050.3	 4.22016e+07	 4.22016e+07	   666593	   160614	   160614	 
  0.0124	    15161	 4.02143e+07	 4.02143e+07	   649594	   156144	   156144	 
 0.01245	  14356.8	 3.83171e+07	 3.83171e+07	   633048	   151842	   151842	 
  0.0125	  13663.5	 3.65063e+07	 3.65063e+07	   616948	   147725	   147725	 
 0.01255	  12986.5	 3.47795e+07	 3.47795e+07	   601191	   143697	   143697	 
  0.0126	  12311.1	 3.31318e+07	 3.31318e+07	   585731	   139736	   139736	 
 0.01265	  11677.5	 3.15595e+07	 3.15595e+07	   570613	   135884	   135884	 
  0.0127	  11077.5	 3.00604e+07	 3.00604e+07	   555820	   132130	   132130	 
 0.01275	  10495.1	 2.86298e+07	 2.86298e+07	   541293	   128449	   128449	 
  0.0128	  9957.48	 2.72658e+07	 2.72658e+07	   527177	   124894	   124894	 
 0.01285	  9428.92	 2.59652e+07	 2.59652e+07	   513279	   121394	   121394	 
  0.0129	  8904.32	 2.47243e+07	 2.47243e+07	   499679	   117964	   117964	 
 0.01295	   8386.7	 2.35412e+07	 2.35412e+07	   486342	   114598	   114598	 
   0.013	  7931.07	 2.24135e+07	 2.24135e+07	   473419	   111372	   111372	 
 0.01305	  7483.46	 2.13381e+07	 2.13381e+07	   460748	   108208	   108208	 
  0.0131	  7066.23	 2.03132e+07	 2.03132e+07	   448383	   105135	   105135	 
 0.01315	  6665.52	 1.93366e+07	 1.93366e+07	   436203	   102117	   102117	 
  0.0132	  6300.31	 1.84055e+07	 1.84055e+07	   424419	  99214.6	  99214.6	 
 0.01325	  5984.35	 1.75182e+07	 1.75182e+07	   412961	  96422.5	  96422.5	 
  0.0133	   5686.4	 1.66737e+07	 1.66737e+07	   401757	  93701.1	  93701.1	 
 0.01335	  5391.83	 1.58678e+07	 1.58678e+07	   390787	  91034.3	  91034.3	 
  0.0134	  5116.68	 1.51003e+07	 1.51003e+07	   380082	  88441.3	  88441.3	 
 0.01345	  4848.32	 1.43693e+07	 1.43693e+07	   369618	  85907.3	  85907.3	 
  0.0135	  4593.92	 1.36727e+07	 1.36727e+07	   359222	  83399.3	  83399.3	 
 0.01355	  4357.82	 1.30091e+07	 1.30091e+07	   349256	  81000.9	  81000.9	 
  0.0136	  4124.24	 1.23772e+07	 1.23772e+07	   339486	  78648.3	  78648.3	 
 0.01365	  3894.27	 1.17753e+07	 1.17753e+07	   329931	    76346	    76346	 
  0.0137	  3672.86	 1.1202e+07	 1.1202e+07	   320604	  74101.2	  74101.2	 
 0.01375	  3457.82	 1.0656e+07	 1.0656e+07	   311507	  71912.5	  71912.5	 
  0.0138	  3259.46	 1.01361e+07	 1.01361e+07	   302618	  69782.9	  69782.9	 
 0.01385	  3076.66	 9.64117e+06	 9.64117e+06	   293944	  67713.2	  67713.2	 
  0.0139	  2903.44	 9.16991e+06	 9.16991e+06	   285386	  65676.6	  65676.6	 
 0.01395	  2733.26	 8.72111e+06	 8.72111e+06	   277122	  63707.9	  63707.9	 
   0.014	  2584.79	 8.29396e+06	 8.29396e+06	   269077	  61804.6	  61804.6	 
 0.01405	  2456.55	 7.88749e+06	 7.88749e+06	   261265	    59969	    59969	 
  0.0141	  2333.27	 7.50057e+06	 7.50057e+06	   253617	  58173.5	  58173.5	 
 0.01415	  2192.71	 7.13215e+06	 7.13215e+06	   246085	  56390.4	  56390.4	 
  0.0142	  2082.05	 6.7815e+06	 6.7815e+06	   238810	  54687.6	  54687.6	 
 0.01425	  1971.77	 6.44784e+06	 6.44784e+06	   231637	    53008	    53008	 
  0.0143	  1870.11	 6.13042e+06	 6.13042e+06	   224727	  51393.4	  51393.4	 
 0.01435	  1771.13	 5.82824e+06	 5.82824e+06	   217865	  49791.5	  49791.5	 
  0.0144	  1674.11	 5.54072e+06	 5.54072e+06	   211251	  48246.1	  48246.1	 
 0.01445	  1578.63	 5.26716e+06	 5.26716e+06	   204811	  46740.9	  46740.9	 
  0.0145	  1489.17	 5.00681e+06	 5.00681e+06	   198536	  45276.9	  45276.9	 
 0.01455	  1389.13	 4.75923e+06	 4.75923e+06	   192354	  43825.3	  43825.3	 
  0.0146	  1309.87	 4.52362e+06	 4.52362e+06	   186403	  42441.2	  42441.2	 
 0.01465	  1235.43	 4.29954e+06	 4.29954e+06	   180599	  41093.6	  41093.6	 
  0.0147	  1161.96	 4.08632e+06	 4.08632e+06	   174885	  39766.6	  39766.6	 
 0.01475	  1096.05	 3.88356e+06	 3.88356e+06	   169357	    38487	    38487	 
  0.0148	  1027.59	 3.69067e+06	 3.69067e+06	   164001	  37243.4	  37243.4	 
 0.01485	  968.004	 3.50717e+06	 3.50717e+06	   158792	  36039.7	  36039.7	 
  0.0149	  920.525	 3.3329e+06	 3.3329e+06	   153714	  34874.3	  34874.3	 
 0.01495	  873.816	 3.16692e+06	 3.16692e+06	   148751	    33735	    33735	 
   0.015	  813.229	 3.00921e+06	 3.00921e+06	   143866	  32602.5	  32602.5	 
 0.01505	  767.472	 2.85906e+06	 2.85906e+06	   139185	  31526.5	  31526.5	 
  0.0151	  727.097	 2.71645e+06	 2.71645e+06	   134618	  30480.3	  30480.3	 
 0.01515	  687.629	 2.58077e+06	 2.58077e+06	   130175	  29462.2	  29462.2	 
  0.0152	   648.29	 2.45189e+06	 2.45189e+06	   125846	  28469.8	  28469.8	 
 0.01525	  602.446	 2.32917e+06	 2.32917e+06	   121634	  27498.1	  27498.1	 
  0.0153	  567.961	 2.2126e+06	 2.2126e+06	   117540	  26561.5	  26561.5	 
 0.01535	  534.445	 2.10183e+06	 2.10183e+06	   113559	  25650.6	  25650.6	 
  0.0154	  495.137	 1.99642e+06	 1.99642e+06	   109689	  24760.1	  24760.1	 
 0.01545	  463.267	 1.8963e+06	 1.8963e+06	   105926	  23899.3	  23899.3	 
  0.0155	   435.79	 1.80109e+06	 1.80109e+06	   102262	  23063.6	  23063.6	 
 0.01555	  412.095	 1.71057e+06	 1.71057e+06	  98679.5	    22249	    22249	 
  0.0156	  392.472	 1.62466e+06	 1.62466e+06	  95242.7	  21470.1	  21470.1	 
 0.01565	  370.157	 1.54287e+06	 1.54287e+06	  91902.7	  20710.5	  20710.5	 
  0.0157	  342.091	 1.46518e+06	 1.46518e+06	  88657.4	  19967.5	  19967.5	 
 0.01575	  324.389	 1.39135e+06	 1.39135e+06	  85507.4	  19253.7	  19253.7	 
  0.0158	  308.211	 1.32119e+06	 1.32119e+06	  82452.2	  18562.2	  18562.2	 
 0.01585	  292.273	 1.25451e+06	 1.25451e+06	    79475	  17888.2	  17888.2	 
  0.0159	  276.464	 1.19116e+06	 1.19116e+06	  76596.7	  17236.3	  17236.3	 
 0.01595	  260.839	 1.13096e+06	 1.13096e+06	  73793.3	  16601.2	  16601.2	 
   0.016	  245.704	 1.07375e+06	 1.07375e+06	  71072.7	  15984.9	  15984.9	 
 0.01605	  231.842	 1.0194e+06	 1.0194e+06	  68452.3	  15391.8	  15391.8	 
  0.0161	  218.127	   967754	   967754	  65904.6	    14815	    14815	 
 0.01615	  205.849	   918699	   918699	  63436.5	    14257	    14257	 
  0.0162	  192.632	   872084	   872084	  61048.9	  13716.1	  13716.1	 
 0.01625	  175.226	   827780	   827780	  58729.6	  13187.2	  13187.2	 
  0.0163	  165.342	   785735	   785735	  56500.7	  12684.2	  12684.2	 
 0.01635	  157.085	   745776	   745776	    54339	  12197.4	  12197.4	 
  0.0164	   149.71	   707841	   707841	  52231.5	  11723.3	  11723.3	 
 0.01645	  142.368	   671801	   671801	    50218	  11270.2	  11270.2	 
  0.0165	  135.087	   637568	   637568	    48221	  10820.7	  10820.7	 
 0.01655	    126.6	   605050	   605050	  46340.6	  10396.3	  10396.3	 
  0.0166	  120.121	   574179	   574179	  44523.1	  9987.33	  9987.33	 
 0.01665	  111.708	   544855	   544855	  42765.7	  9590.27	  9590.27	 
  0.0167	  105.397	   517002	   517002	  41068.6	  9208.22	  9208.22	 
 0.01675	  97.0689	   490549	   490549	    39429	   8837.4	   8837.4	 
  0.0168	  90.4057	   465439	   465439	  37847.3	  8480.74	  8480.74	 
 0.01685	  83.5878	   441589	   441589	  36319.7	  8135.97	  8135.97	 
  0.0169	  78.7196	   418965	   418965	  34847.6	  7805.05	  7805.05	 
 0.01695	   73.169	   397472	   397472	  33427.3	  7485.12	  7485.12	 
   0.017	  66.8441	   377061	   377061	  32056.8	  7175.64	  7175.64	 
 0.01705	  61.6839	   357698	   357698	    30736	  6878.12	  6878.12	 
  0.0171	  54.1068	   339295	   339295	  29464.1	  6589.59	  6589.59	 
 0.01715	  51.6655	   321846	   321846	  28241.1	   6315.9	   6315.9	 
  0.0172	  49.2232	   305275	   305275	  27061.3	  6051.83	  6051.83	 
 0.01725	  38.4986	   289528	   289528	  25923.6	  5790.67	  5790.67	 
  0.0173	  36.6897	   274620	   274620	  24830.5	  5546.37	  5546.37	 
 0.01735	  34.8805	   260455	   260455	  23779.4	  5311.39	  5311.39	 
  0.0174	  33.0711	   247009	   247009	  22766.2	  5084.81	  5084.81	 
 0.01745	  31.2613	   234262	   234262	  21792.1	  4866.95	  4866.95	 
  0.0175	  29.4511	   222152	   222152	  20855.9	  4657.51	  4657.51	 
 0.01755	  27.7567	   210667	   210667	  19944.1	  4453.57	  4453.57	 
  0.0176	  26.0702	   199765	   199765	  19079.2	  4260.06	  4260.06	 
 0.01765	  24.4593	   189417	   189417	  18232.6	  4070.66	  4070.66	 
  0.0177	   23.051	   179610	   179610	  17435.3	  3892.39	  3892.39	 
 0.01775	  21.6413	   170296	   170296	    16669	  3721.02	  3721.02	 
  0.0178	   20.259	   161464	   161464	  15931.8	  3556.11	  3556.11	 
 0.01785	  19.1016	   153080	   153080	  15218.2	  3396.63	  3396.63	 
  0.0179	   18.212	   145129	   145129	  14542.5	   3245.8	   3245.8	 
 0.01795	  17.4387	   137588	   137588	  13892.8	  3100.81	  3100.81	 
   0.018	  16.6654	   130434	   130434	  13271.3	  2962.11	  2962.11	 
 0.01805	   15.892	   123648	   123648	  12674.9	  2828.97	  2828.97	 
  0.0181	  15.1185	   117210	   117210	    12103	  2701.29	  2701.29	 
 0.01815	  14.3449	   111105	   111105	  11554.8	  2578.87	  2578.87	 
  0.0182	  13.5711	   105314	   105314	  11029.8	  2461.59	  2461.59	 
 0.01825	  12.7971	  99820.7	  99820.7	  10526.6	  2349.18	  2349.18	 
  0.0183	  10.1211	  94604.3	  94604.3	  10044.1	  2239.88	  2239.88	 
 0.01835	  9.51158	  89664.6	  89664.6	  9582.95	  2136.92	  2136.92	 
  0.0184	  8.90184	  84979.9	  84979.9	  9141.25	  2038.29	  2038.29	 
 0.01845	  5.63138	    80529	    80529	  8717.79	  1941.64	  1941.64	 
  0.0185	  5.25184	  76316.7	  76316.7	  8313.47	   1851.5	   1851.5	 
 0.01855	  4.87229	  72323.1	  72323.1	   7926.6	  1765.24	  1765.24	 
  0.0186	  2.68132	  68529.9	  68529.9	  7556.21	  1681.22	  1681.22	 
 0.01865	  2.48042	  64939.2	  64939.2	  7199.08	  1601.71	  1601.71	 
  0.0187	  2.38703	  61534.5	  61534.5	  6860.48	  1526.39	  1526.39	 
 0.01875	  2.29396	  58307.5	  58307.5	  6537.65	  1454.58	  1454.58	 
  0.0188	  2.20089	  55247.6	  55247.6	  6229.16	  1385.95	  1385.95	 
 0.01885	  2.10781	  52347.7	  52347.7	  5934.46	  1320.39	  1320.39	 
  0.0189	  2.01474	  49597.3	  49597.3	  5653.01	  1257.78	  1257.78	 
 0.01895	  1.92166	  46990.5	  46990.5	  5384.27	  1197.99	  1197.99	 
   0.019	  1.82859	  44520.3	  44520.3	  5127.57	  1140.87	  1140.87	 
 0.01905	  1.73551	  42178.1	  42178.1	  4882.63	  1086.37	  1086.37	 
  0.0191	  1.64244	  39957.1	  39957.1	  4648.78	  1034.33	  1034.33	 
 0.01915	  1.54936	  37852.2	  37852.2	  4425.61	  984.663	  984.663	 
  0.0192	  1.45628	  35858.6	  35858.6	  4212.72	  937.281	  937.281	 
 0.01925	   1.3632	  33967.6	  33967.6	  4009.56	  892.064	  892.064	 
  0.0193	  1.27013	  32176.2	  32176.2	  3815.87	   848.95	   848.95	 
 0.01935	  1.17705	  30477.6	  30477.6	  3630.97	  807.789	  807.789	 
  0.0194	  1.08406	  28868.9	  28868.9	   3454.8	  768.568	  768.568	 
 0.01945	 0.335684	    27341	    27341	   3286.4	  730.564	  730.564	 
  0.0195	  0.32278	  25896.6	  25896.6	   3126.3	  694.976	  694.976	 
 0.01955	 0.309875	  24527.3	  24527.3	  2973.76	  661.069	  661.069	 
  0.0196	  0.29697	  23229.4	  23229.4	  2828.39	  628.756	  628.756	 
 0.01965	 0.284066	  22000.3	  22000.3	  2689.92	  597.975	  597.975	 
  0.0197	 0.271161	  20834.9	  20834.9	  2557.94	  568.636	  568.636	 
 0.01975	 0.258256	  19730.9	  19730.9	  2432.18	   540.68	   540.68	 
  0.0198	 0.245351	  18685.2	  18685.2	  2312.51	  514.075	  514.075	 
 0.01985	 0.232446	  17694.9	  17694.9	  2198.51	  488.733	  488.733	 
  0.0199	 0.219541	  16755.7	  16755.7	  2089.92	  464.593	  464.593	 
 0.01995	 0.206636	  15866.9	  15866.9	  1986.61	  441.624	  441.624	 
    0.02	 0.193731	  15024.2	  15024.2	   1888.3	  419.768	  419.768	 
 0.02005	 0.180826	  14225.9	  14225.9	  1794.59	  398.933	  398.933	 
  0.0201	 0.167921	  13469.9	  13469.9	  1705.47	   379.12	   379.12	 
 0.02015	 0.155015	  12753.6	  12753.6	  1620.68	  360.268	  360.268	 
  0.0202	 0.00285683	  12074.8	  12074.8	  1539.91	    342.2	    342.2	 
 0.02025	 0.000242916	  11432.2	  11432.2	   1463.1	   325.13	   325.13	 
  0.0203	 0.00023316	  10823.5	  10823.5	  1390.08	  308.904	  308.904	 
 0.02035	 0.000223404	  10247.1	  10247.1	  1320.55	  293.453	  293.453	 
  0.0204	 0.000213648	  9701.05	  9701.05	  1254.44	  278.762	  278.762	 
 0.02045	 0.000203892	  9183.85	  9183.85	  1191.58	  264.792	  264.792	 
  0.0205	 0.000194136	  8694.08	  8694.08	  1131.78	  251.504	  251.504	 
 0.02055	 0.00018438	   8230.2	   8230.2	  1074.93	  238.872	  238.872	 
  0.0206	 0.000174623	  7790.92	  7790.92	  1020.87	  226.858	  226.858	 
 0.02065	 0.000164866	  7374.89	  7374.89	  969.474	  215.436	  215.436	 
  0.0207	 0.00015511	  6980.93	  6980.93	  920.618	   204.58	   204.58	 
 0.02075	 0.000145353	  6607.87	  6607.87	  874.156	  194.255	  194.255	 
  0.0208	 0.000135596	  6254.54	  6254.54	  830.006	  184.444	  184.444	 
 0.02085	 0.000125839	  5919.95	  5919.95	  788.046	   175.12	   175.12	 
  0.0209	 0.000116081	  5603.14	  5603.14	  748.156	  166.255	  166.255	 
 0.02095	 2.12965e-35	  5303.23	  5303.23	  710.253	  157.832	  157.832	 
   0.021	 2.12965e-35	  5019.23	  5019.23	   674.23	  149.827	  149.827	 
 0.02105	 2.12965e-35	  4750.38	  4750.38	  640.005	  142.222	  142.222	 
  0.0211	 2.12965e-35	  4495.68	  4495.68	  607.485	  134.995	  134.995	 
 0.02115	 2.12965e-35	  4254.65	  4254.65	    576.6	  128.132	  128.132	 
  0.0212	 2.12965e-35	  4026.42	  4026.42	  547.243	  121.608	  121.608	 
 0.02125	 2.12965e-35	   3810.4	   3810.4	   519.36	  115.412	  115.412	 
  0.0213	 2.12965e-35	   3605.9	   3605.9	  492.884	  109.529	  109.529	 
 0.02135	 2.12965e-35	  3412.24	  3412.24	  467.719	  103.936	  103.936	 
  0.0214	 2.12965e-35	  3228.93	  3228.93	  443.825	  98.6268	  98.6268	 
 0.02145	 2.12965e-35	  3055.39	  3055.39	  421.135	  93.5845	  93.5845	 
  0.0215	 2.12965e-35	  2891.12	  2891.12	  399.581	  88.7947	  88.7947	 
 0.02155	 2.12965e-35	  2735.66	  2735.66	  379.122	  84.2483	  84.2483	 
  0.0216	 2.12965e-35	  2588.51	  2588.51	   359.69	  79.9303	  79.9303	 
 0.02165	 2.12965e-35	  2449.16	  2449.16	  341.246	  75.8316	  75.8316	 
  0.0217	 2.12965e-35	  2317.26	  2317.26	  323.721	  71.9373	  71.9373	 
 0.02175	 2.12965e-35	  2192.47	  2192.47	  307.089	  68.2412	  68.2412	 
  0.0218	 2.12965e-35	  2074.38	  2074.38	  291.295	  64.7315	  64.7315	 
 0.02185	 2.12965e-35	  1962.55	  1962.55	  276.313	  61.4021	  61.4021	 
  0.0219	 2.12965e-35	  1856.66	  1856.66	  262.087	  58.2409	  58.2409	 
 0.02195	 2.12965e-35	  1756.52	  1756.52	  248.579	   55.239	   55.239	 
   0.022	 2.12965e-35	  1661.71	  1661.71	  235.759	  52.3904	  52.3904	 
 0.02205	 2.12965e-35	  1572.04	  1572.04	   223.59	   49.686	   49.686	 
  0.0221	 2.12965e-35	  1487.17	  1487.17	  212.041	  47.1198	  47.1198	 
 0.02215	 2.12965e-35	  1406.82	  1406.82	  201.075	  44.6828	  44.6828	 
  0.0222	 2.12965e-35	   1330.8	   1330.8	  190.676	  42.3721	  42.3721	 
 0.02225	 2.12965e-35	  1258.88	  1258.88	  180.805	  40.1785	  40.1785	 
  0.0223	 2.12965e-35	  1190.79	  1190.79	  171.448	  38.0991	  38.0991	 
 0.02235	 2.12965e-35	  1126.37	  1126.37	  162.564	  36.1249	  36.1249	 
  0.0224	 2.12965e-35	  1065.42	  1065.42	  154.126	  34.2498	  34.2498	 
 0.02245	 2.12965e-35	  1007.75	  1007.75	  146.134	  32.4739	  32.4739	 
  0.0225	 2.12965e-35	  953.181	  953.181	  138.535	  30.7852	  30.7852	 
 0.02255	 2.12965e-35	  901.548	  901.548	  131.338	   29.186	   29.186	 
  0.0226	 2.12965e-35	  852.688	  852.688	  124.508	  27.6682	  27.6682	 
 0.02265	 2.12965e-35	  806.466	  806.466	  118.028	  26.2283	  26.2283	 
  0.0227	 2.12965e-35	  762.744	  762.744	  111.883	  24.8625	  24.8625	 
 0.02275	 2.12965e-35	  721.365	  721.365	  106.053	  23.5671	  23.5671	 
  0.0228	 2.12965e-35	  682.223	  682.223	  100.523	  22.3381	  22.3381	 
 0.02285	 2.12965e-35	  645.191	  645.191	  95.2788	  21.1728	  21.1728	 
  0.0229	 2.12965e-35	  610.169	  610.169	  90.3053	  20.0676	  20.0676	 
 0.02295	 2.12965e-35	  577.014	  577.014	  85.5874	  19.0192	  19.0192	 
   0.023	 2.12965e-35	  545.665	  545.665	  81.1142	  18.0252	  18.0252	 
 0.02305	 2.12965e-35	  516.006	  516.006	  76.8723	  17.0825	  17.0825	 
  0.0231	 2.12965e-35	  487.958	  487.958	  72.8481	  16.1883	  16.1883	 
 0.02315	 2.12965e-35	  461.414	  461.414	  69.0335	  15.3406	  15.3406	 
  0.0232	 2.12965e-35	  436.315	  436.315	  65.4177	  14.5371	  14.5371	 
 0.02325	 2.12965e-35	  412.574	  412.574	  61.9884	  13.7751	  13.7751	 
  0.0233	 2.12965e-35	  390.112	  390.112	  58.7364	  13.0524	  13.0524	 
 0.02335	 2.12965e-35	  368.871	  368.871	  55.6533	  12.3673	  12.3673	 
  0.0234	 2.12965e-35	  348.773	  348.773	  52.7311	  11.7179	  11.7179	 
 0.02345	 2.12965e-35	  329.768	  329.768	  49.9604	  11.1022	  11.1022	 
  0.0235	 2.12965e-35	  311.799	  311.799	  47.3331	  10.5183	  10.5183	 
 0.02355	 2.12965e-35	  294.796	  294.796	  44.8437	  9.96514	  9.96514	 
  0.0236	 2.12965e-35	  278.721	  278.721	  42.4827	  9.44049	  9.44049	 
 0.02365	 2.12965e-35	  263.518	  263.518	  40.2461	  8.94348	  8.94348	 
  0.0237	 2.12965e-35	  249.131	  249.131	  38.1258	  8.47231	  8.47231	 
 0.02375	 2.12965e-35	  235.537	  235.537	  36.1151	  8.02548	  8.02548	 
  0.0238	 2.12965e-35	  222.671	  222.671	  34.2098	  7.60209	  7.60209	 
 0.02385	 2.12965e-35	  210.509	  210.509	  32.4046	  7.20094	  7.20094	 
  0.0239	 2.12965e-35	   199.01	   199.01	   30.694	  6.82082	  6.82082	 
 0.02395	 2.12965e-35	  188.129	  188.129	  29.0714	  6.46023	  6.46023	 
   0.024	 2.12965e-35	  177.848	  177.848	  27.5352	  6.11887	  6.11887	 
 0.02405	 2.12965e-35	  168.113	  168.113	  26.0789	  5.79525	  5.79525	 
  0.0241	 2.12965e-35	  158.916	  158.916	  24.6996	  5.48875	  5.48875	 
 0.02415	 2.12965e-35	  150.226	  150.226	   23.392	  5.19817	  5.19817	 
  0.0242	 2.12965e-35	      142	      142	  22.1521	  4.92262	  4.92262	 
 0.02425	 2.12965e-35	  134.226	  134.226	  20.9783	   4.6618	   4.6618	 
  0.0243	 2.12965e-35	  126.875	  126.875	  19.8655	   4.4145	   4.4145	 
 0.02435	 2.12965e-35	  119.924	  119.924	  18.8121	  4.18041	  4.18041	 
  0.0244	 2.12965e-35	  113.352	  113.352	  17.8141	  3.95865	  3.95865	 
 0.02445	 2.12965e-35	  107.137	  107.137	  16.8676	  3.74831	  3.74831	 
  0.0245	 2.12965e-35	  101.263	  101.263	  15.9711	  3.54908	  3.54908	 
 0.02455	 2.12965e-35	  95.7097	  95.7097	  15.1232	  3.36068	  3.36068	 
  0.0246	 2.12965e-35	  90.4585	  90.4585	  14.3186	  3.18189	  3.18189	 
 0.02465	 2.12965e-35	  85.4934	  85.4934	   13.556	  3.01241	  3.01241	 
  0.0247	 2.12965e-35	  80.7999	  80.7999	   12.835	  2.85219	  2.85219	 
 0.02475	 2.12965e-35	  76.3642	  76.3642	  12.1514	  2.70029	  2.70029	 
  0.0248	 2.12965e-35	  72.1697	  72.1697	   11.504	  2.55642	  2.55642	 
 0.02485	 2.12965e-35	  68.2048	  68.2048	  10.8908	  2.42014	  2.42014	 
  0.0249	 2.12965e-35	  64.4565	  64.4565	    10.31	  2.29109	  2.29109	 
 0.02495	 2.12965e-35	  60.9134	  60.9134	  9.75991	  2.16884	  2.16884	 
   0.025	 2.12965e-35	  57.5637	  57.5637	  9.23891	  2.05307	  2.05307	 
       0	        0	        0	        0	        0	        0	        0	 
