       0	        0	        0	        0	        0	        0	        0	 
   5e-05	  1140.07	   633109	   633109	  30329.7	  7626.58	  7626.58	 
  0.0001	   262397	 5.34184e+06	 5.34184e+06	 4.99761e+06	 1.31465e+06	 1.31465e+06	 
 0.00015	 3.69706e+06	 4.07254e+07	 4.07254e+07	 5.86574e+07	 1.59103e+07	 1.59103e+07	 
  0.0002	 2.17275e+07	 1.9655e+08	 1.9655e+08	 3.0121e+08	 8.38341e+07	 8.38341e+07	 
 0.00025	 7.8514e+07	 6.10749e+08	 6.10749e+08	 9.44455e+08	 2.70943e+08	 2.70943e+08	 
  0.0003	 2.00036e+08	 1.33799e+09	 1.33799e+09	 2.07096e+09	 6.15792e+08	 6.15792e+08	 
 0.00035	 4.0233e+08	 2.36352e+09	 2.36352e+09	 3.63689e+09	 1.12111e+09	 1.12111e+09	 
  0.0004	 6.45076e+08	 3.52941e+09	 3.52941e+09	 5.40903e+09	 1.70372e+09	 1.70372e+09	 
 0.00045	 9.13686e+08	 4.78412e+09	 4.78412e+09	 7.30631e+09	 2.33425e+09	 2.33425e+09	 
  0.0005	 1.2015e+09	 6.07943e+09	 6.07943e+09	 9.2534e+09	 2.99079e+09	 2.99079e+09	 
 0.00055	 1.50362e+09	 7.37584e+09	 7.37584e+09	 1.11822e+10	 3.65439e+09	 3.65439e+09	 
  0.0006	 1.8198e+09	 8.64749e+09	 8.64749e+09	 1.30352e+10	 4.31208e+09	 4.31208e+09	 
 0.00065	 2.14077e+09	 9.83588e+09	 9.83588e+09	 1.47179e+10	 4.93565e+09	 4.93565e+09	 
  0.0007	 2.44756e+09	 1.09013e+10	 1.09013e+10	 1.61835e+10	 5.49996e+09	 5.49996e+09	 
 0.00075	 2.73074e+09	 1.18131e+10	 1.18131e+10	 1.73994e+10	 5.99041e+09	 5.99041e+09	 
  0.0008	 2.98153e+09	 1.25703e+10	 1.25703e+10	 1.83568e+10	 6.39821e+09	 6.39821e+09	 
 0.00085	 3.20036e+09	 1.31782e+10	 1.31782e+10	 1.90644e+10	 6.72566e+09	 6.72566e+09	 
  0.0009	 3.37942e+09	 1.36216e+10	 1.36216e+10	 1.95295e+10	 6.96829e+09	 6.96829e+09	 
 0.00095	 3.52015e+09	 1.39141e+10	 1.39141e+10	 1.9764e+10	 7.12986e+09	 7.12986e+09	 
   0.001	 3.62445e+09	 1.40716e+10	 1.40716e+10	 1.98e+10	 7.21897e+09	 7.21897e+09	 
 0.00105	 3.69315e+09	 1.41326e+10	 1.41326e+10	 1.96867e+10	 7.24723e+09	 7.24723e+09	 
  0.0011	 3.73201e+09	 1.40732e+10	 1.40732e+10	 1.94258e+10	 7.21949e+09	 7.21949e+09	 
 0.00115	 3.74114e+09	 1.39226e+10	 1.39226e+10	 1.90459e+10	 7.14217e+09	 7.14217e+09	 
  0.0012	 3.72553e+09	 1.37037e+10	 1.37037e+10	 1.85765e+10	 7.0257e+09	 7.0257e+09	 
 0.00125	 3.68766e+09	 1.34307e+10	 1.34307e+10	 1.80297e+10	 6.87475e+09	 6.87475e+09	 
  0.0013	 3.63294e+09	 1.31074e+10	 1.31074e+10	 1.74229e+10	 6.69735e+09	 6.69735e+09	 
 0.00135	 3.56258e+09	 1.27393e+10	 1.27393e+10	 1.67638e+10	 6.49616e+09	 6.49616e+09	 
  0.0014	 3.47816e+09	 1.23428e+10	 1.23428e+10	 1.6076e+10	 6.27764e+09	 6.27764e+09	 
 0.00145	 3.38181e+09	 1.19201e+10	 1.19201e+10	 1.53652e+10	 6.04475e+09	 6.04475e+09	 
  0.0015	 3.27716e+09	 1.14813e+10	 1.14813e+10	 1.46451e+10	 5.80334e+09	 5.80334e+09	 
 0.00155	 3.16669e+09	 1.10324e+10	 1.10324e+10	 1.39233e+10	 5.55703e+09	 5.55703e+09	 
  0.0016	 3.05071e+09	 1.05774e+10	 1.05774e+10	 1.32052e+10	 5.30725e+09	 5.30725e+09	 
 0.00165	 2.93169e+09	 1.01223e+10	 1.01223e+10	 1.24981e+10	 5.05755e+09	 5.05755e+09	 
  0.0017	 2.81147e+09	 9.6703e+09	 9.6703e+09	 1.18073e+10	 4.81051e+09	 4.81051e+09	 
 0.00175	 2.69102e+09	 9.22595e+09	 9.22595e+09	 1.11399e+10	 4.56853e+09	 4.56853e+09	 
  0.0018	 2.57032e+09	 8.78717e+09	 8.78717e+09	 1.04881e+10	 4.3298e+09	 4.3298e+09	 
 0.00185	 2.45081e+09	 8.35792e+09	 8.35792e+09	 9.86142e+09	 4.09759e+09	 4.09759e+09	 
  0.0019	 2.33289e+09	 7.93668e+09	 7.93668e+09	 9.25526e+09	 3.87118e+09	 3.87118e+09	 
 0.00195	 2.21647e+09	 7.52552e+09	 7.52552e+09	 8.67212e+09	 3.65104e+09	 3.65104e+09	 
   0.002	 2.10328e+09	 7.12973e+09	 7.12973e+09	 8.12035e+09	 3.44039e+09	 3.44039e+09	 
 0.00205	 1.99282e+09	 6.74425e+09	 6.74425e+09	 7.59263e+09	 3.23721e+09	 3.23721e+09	 
  0.0021	 1.88702e+09	 6.37938e+09	 6.37938e+09	 7.09833e+09	 3.04507e+09	 3.04507e+09	 
 0.00215	 1.78445e+09	 6.0259e+09	 6.0259e+09	 6.62933e+09	 2.86108e+09	 2.86108e+09	 
  0.0022	 1.68536e+09	 5.68675e+09	 5.68675e+09	 6.1851e+09	 2.68529e+09	 2.68529e+09	 
 0.00225	 1.58896e+09	 5.35706e+09	 5.35706e+09	 5.76035e+09	 2.51592e+09	 2.51592e+09	 
  0.0023	 1.49772e+09	 5.04722e+09	 5.04722e+09	 5.36674e+09	 2.3575e+09	 2.3575e+09	 
 0.00235	 1.40854e+09	 4.74462e+09	 4.74462e+09	 4.98841e+09	 2.20406e+09	 2.20406e+09	 
  0.0024	 1.3256e+09	 4.46441e+09	 4.46441e+09	 4.64395e+09	 2.063e+09	 2.063e+09	 
 0.00245	 1.24611e+09	 4.19658e+09	 4.19658e+09	 4.31796e+09	 1.92874e+09	 1.92874e+09	 
  0.0025	 1.17058e+09	 3.94184e+09	 3.94184e+09	 4.01327e+09	 1.80228e+09	 1.80228e+09	 
 0.00255	 1.09796e+09	 3.69638e+09	 3.69638e+09	 3.72306e+09	 1.68131e+09	 1.68131e+09	 
  0.0026	 1.02992e+09	 3.46688e+09	 3.46688e+09	 3.45507e+09	 1.56883e+09	 1.56883e+09	 
 0.00265	 9.64325e+08	 3.24541e+09	 3.24541e+09	 3.19966e+09	 1.46106e+09	 1.46106e+09	 
  0.0027	 9.03271e+08	 3.04042e+09	 3.04042e+09	 2.96658e+09	 1.36178e+09	 1.36178e+09	 
 0.00275	 8.46258e+08	 2.84978e+09	 2.84978e+09	 2.752e+09	 1.26975e+09	 1.26975e+09	 
  0.0028	 7.91458e+08	 2.66618e+09	 2.66618e+09	 2.54947e+09	 1.18212e+09	 1.18212e+09	 
 0.00285	 7.39868e+08	 2.49361e+09	 2.49361e+09	 2.36082e+09	 1.10008e+09	 1.10008e+09	 
  0.0029	 6.90067e+08	 2.32694e+09	 2.32694e+09	 2.1822e+09	 1.02165e+09	 1.02165e+09	 
 0.00295	 6.43269e+08	 2.17e+09	 2.17e+09	 2.01759e+09	 9.4867e+08	 9.4867e+08	 
   0.003	 5.99362e+08	 2.02205e+09	 2.02205e+09	 1.86591e+09	 8.80814e+08	 8.80814e+08	 
 0.00305	 5.58402e+08	 1.88404e+09	 1.88404e+09	 1.72542e+09	 8.17737e+08	 8.17737e+08	 
  0.0031	 5.19784e+08	 1.75409e+09	 1.75409e+09	 1.59388e+09	 7.58468e+08	 7.58468e+08	 
 0.00315	 4.83674e+08	 1.63273e+09	 1.63273e+09	 1.47206e+09	 7.03311e+08	 7.03311e+08	 
  0.0032	 4.49644e+08	 1.51852e+09	 1.51852e+09	 1.35807e+09	 6.51514e+08	 6.51514e+08	 
 0.00325	 4.17428e+08	 1.41045e+09	 1.41045e+09	 1.25094e+09	 6.02651e+08	 6.02651e+08	 
  0.0033	 3.87755e+08	 1.31075e+09	 1.31075e+09	 1.15385e+09	 5.57996e+08	 5.57996e+08	 
 0.00335	 3.5964e+08	 1.2161e+09	 1.2161e+09	 1.06311e+09	 5.15965e+08	 5.15965e+08	 
  0.0034	 3.33911e+08	 1.12926e+09	 1.12926e+09	 9.81737e+08	 4.77871e+08	 4.77871e+08	 
 0.00345	 3.09471e+08	 1.04659e+09	 1.04659e+09	 9.05351e+08	 4.41887e+08	 4.41887e+08	 
  0.0035	 2.86095e+08	 9.67569e+08	 9.67569e+08	 8.32569e+08	 4.07532e+08	 4.07532e+08	 
 0.00355	 2.64664e+08	 8.9514e+08	 8.9514e+08	 7.66419e+08	 3.76164e+08	 3.76164e+08	 
  0.0036	 2.44577e+08	 8.2726e+08	 8.2726e+08	 7.04835e+08	 3.46855e+08	 3.46855e+08	 
 0.00365	 2.25491e+08	 7.62797e+08	 7.62797e+08	 6.46563e+08	 3.19061e+08	 3.19061e+08	 
  0.0037	 2.08266e+08	 7.046e+08	 7.046e+08	 5.94446e+08	 2.94083e+08	 2.94083e+08	 
 0.00375	 1.92477e+08	 6.51264e+08	 6.51264e+08	 5.4695e+08	 2.71248e+08	 2.71248e+08	 
  0.0038	 1.77617e+08	 6.00999e+08	 6.00999e+08	 5.0247e+08	 2.49806e+08	 2.49806e+08	 
 0.00385	 1.64006e+08	 5.54842e+08	 5.54842e+08	 4.62344e+08	 2.30303e+08	 2.30303e+08	 
  0.0039	 1.51167e+08	 5.11285e+08	 5.11285e+08	 4.2477e+08	 2.11967e+08	 2.11967e+08	 
 0.00395	 1.39147e+08	 4.70523e+08	 4.70523e+08	 3.89728e+08	 1.94831e+08	 1.94831e+08	 
   0.004	 1.28016e+08	 4.32766e+08	 4.32766e+08	 3.57514e+08	 1.79015e+08	 1.79015e+08	 
 0.00405	 1.17485e+08	 3.97046e+08	 3.97046e+08	 3.27168e+08	 1.64081e+08	 1.64081e+08	 
  0.0041	 1.07856e+08	 3.64397e+08	 3.64397e+08	 2.99515e+08	 1.50446e+08	 1.50446e+08	 
 0.00415	 9.90207e+07	 3.34436e+08	 3.34436e+08	 2.74281e+08	 1.37967e+08	 1.37967e+08	 
  0.0042	 9.10652e+07	 3.07479e+08	 3.07479e+08	 2.51635e+08	 1.26747e+08	 1.26747e+08	 
 0.00425	 8.37379e+07	 2.8266e+08	 2.8266e+08	 2.3088e+08	 1.16436e+08	 1.16436e+08	 
  0.0043	 7.6898e+07	 2.59492e+08	 2.59492e+08	 2.11563e+08	 1.06823e+08	 1.06823e+08	 
 0.00435	 7.0621e+07	 2.38237e+08	 2.38237e+08	 1.9389e+08	 9.80139e+07	 9.80139e+07	 
  0.0044	 6.47747e+07	 2.18434e+08	 2.18434e+08	 1.77526e+08	 8.98303e+07	 8.98303e+07	 
 0.00445	 5.91658e+07	 1.99425e+08	 1.99425e+08	 1.61928e+08	 8.20016e+07	 8.20016e+07	 
  0.0045	 5.40464e+07	 1.82084e+08	 1.82084e+08	 1.47714e+08	 7.48611e+07	 7.48611e+07	 
 0.00455	 4.94471e+07	 1.665e+08	 1.665e+08	 1.35016e+08	 6.84622e+07	 6.84622e+07	 
  0.0046	 4.5274e+07	 1.52373e+08	 1.52373e+08	 1.23496e+08	 6.26565e+07	 6.26565e+07	 
 0.00465	 4.13662e+07	 1.39166e+08	 1.39166e+08	 1.12677e+08	 5.72128e+07	 5.72128e+07	 
  0.0047	 3.7916e+07	 1.27518e+08	 1.27518e+08	 1.03114e+08	 5.24042e+07	 5.24042e+07	 
 0.00475	 3.48277e+07	 1.17085e+08	 1.17085e+08	 9.46175e+07	 4.81142e+07	 4.81142e+07	 
  0.0048	 3.18495e+07	 1.07023e+08	 1.07023e+08	 8.64573e+07	 4.39845e+07	 4.39845e+07	 
 0.00485	 2.89787e+07	 9.7323e+07	 9.7323e+07	 7.86229e+07	 4.00106e+07	 4.00106e+07	 
  0.0049	 2.64157e+07	 8.86597e+07	 8.86597e+07	 7.16603e+07	 3.647e+07	 3.647e+07	 
 0.00495	 2.40652e+07	 8.07186e+07	 8.07186e+07	 6.52731e+07	 3.32224e+07	 3.32224e+07	 
   0.005	 2.18906e+07	 7.33812e+07	 7.33812e+07	 5.93523e+07	 3.02153e+07	 3.02153e+07	 
 0.00505	 1.9945e+07	 6.68206e+07	 6.68206e+07	 5.40584e+07	 2.75256e+07	 2.75256e+07	 
  0.0051	 1.82518e+07	 6.112e+07	 6.112e+07	 4.94362e+07	 2.51816e+07	 2.51816e+07	 
 0.00515	 1.67512e+07	 5.60733e+07	 5.60733e+07	 4.53383e+07	 2.31038e+07	 2.31038e+07	 
  0.0052	 1.52847e+07	 5.11409e+07	 5.11409e+07	 4.13465e+07	 2.10761e+07	 2.10761e+07	 
 0.00525	 1.38842e+07	 4.64284e+07	 4.64284e+07	 3.75553e+07	 1.91444e+07	 1.91444e+07	 
  0.0053	 1.26121e+07	 4.21484e+07	 4.21484e+07	 3.41158e+07	 1.73907e+07	 1.73907e+07	 
 0.00535	 1.14478e+07	 3.82315e+07	 3.82315e+07	 3.0977e+07	 1.57876e+07	 1.57876e+07	 
  0.0054	 1.03881e+07	 3.46676e+07	 3.46676e+07	 2.81248e+07	 1.43295e+07	 1.43295e+07	 
 0.00545	 9.44041e+06	 3.14822e+07	 3.14822e+07	 2.55709e+07	 1.30249e+07	 1.30249e+07	 
  0.0055	 8.6087e+06	 2.86915e+07	 2.86915e+07	 2.33207e+07	 1.1878e+07	 1.1878e+07	 
 0.00555	 7.88546e+06	 2.62717e+07	 2.62717e+07	 2.13486e+07	 1.08773e+07	 1.08773e+07	 
  0.0056	 7.19246e+06	 2.39523e+07	 2.39523e+07	 1.94671e+07	 9.92013e+06	 9.92013e+06	 
 0.00565	 6.51748e+06	 2.16932e+07	 2.16932e+07	 1.76362e+07	 8.98828e+06	 8.98828e+06	 
  0.0057	 5.91183e+06	 1.96657e+07	 1.96657e+07	 1.60032e+07	 8.15433e+06	 8.15433e+06	 
 0.00575	 5.35572e+06	 1.78032e+07	 1.78032e+07	 1.45066e+07	 7.38923e+06	 7.38923e+06	 
  0.0058	 4.84561e+06	 1.60959e+07	 1.60959e+07	 1.31342e+07	 6.68751e+06	 6.68751e+06	 
 0.00585	 4.3914e+06	 1.45756e+07	 1.45756e+07	 1.19138e+07	 6.06302e+06	 6.06302e+06	 
  0.0059	 3.98991e+06	 1.32343e+07	 1.32343e+07	 1.0833e+07	 5.51058e+06	 5.51058e+06	 
 0.00595	 3.64976e+06	 1.21003e+07	 1.21003e+07	 9.90118e+06	 5.03895e+06	 5.03895e+06	 
   0.006	 3.32519e+06	 1.10201e+07	 1.10201e+07	 9.01897e+06	 4.59046e+06	 4.59046e+06	 
 0.00605	 3.00816e+06	 9.96522e+06	 9.96522e+06	 8.15936e+06	 4.15286e+06	 4.15286e+06	 
  0.0061	 2.72975e+06	 9.03757e+06	 9.03757e+06	 7.40673e+06	 3.76907e+06	 3.76907e+06	 
 0.00615	 2.46845e+06	 8.16717e+06	 8.16717e+06	 6.70366e+06	 3.4096e+06	 3.4096e+06	 
  0.0062	 2.22682e+06	 7.36269e+06	 7.36269e+06	 6.04452e+06	 3.07519e+06	 3.07519e+06	 
 0.00625	 2.0112e+06	 6.64462e+06	 6.64462e+06	 5.46572e+06	 2.77886e+06	 2.77886e+06	 
  0.0063	 1.82531e+06	 6.02588e+06	 6.02588e+06	 4.9664e+06	 2.52332e+06	 2.52332e+06	 
 0.00635	 1.66357e+06	 5.48887e+06	 5.48887e+06	 4.51961e+06	 2.29824e+06	 2.29824e+06	 
  0.0064	 1.51481e+06	 4.99636e+06	 4.99636e+06	 4.11514e+06	 2.09265e+06	 2.09265e+06	 
 0.00645	 1.36984e+06	 4.51688e+06	 4.51688e+06	 3.72508e+06	 1.89322e+06	 1.89322e+06	 
  0.0065	 1.24196e+06	 4.09303e+06	 4.09303e+06	 3.37938e+06	 1.71694e+06	 1.71694e+06	 
 0.00655	 1.12078e+06	 3.69164e+06	 3.69164e+06	 3.05202e+06	 1.54994e+06	 1.54994e+06	 
  0.0066	 1.01008e+06	 3.32476e+06	 3.32476e+06	 2.7528e+06	 1.39734e+06	 1.39734e+06	 
 0.00665	   910662	 2.99573e+06	 2.99573e+06	 2.48814e+06	 1.26121e+06	 1.26121e+06	 
  0.0067	   825018	 2.71185e+06	 2.71185e+06	 2.25723e+06	 1.14328e+06	 1.14328e+06	 
 0.00675	   748721	 2.45935e+06	 2.45935e+06	 2.04981e+06	 1.03785e+06	 1.03785e+06	 
  0.0068	   680676	 2.23498e+06	 2.23498e+06	 1.86359e+06	   943543	   943543	 
 0.00685	   616844	 2.02465e+06	 2.02465e+06	 1.68897e+06	   855092	   855092	 
  0.0069	   558264	 1.83163e+06	 1.83163e+06	 1.52931e+06	   774050	   774050	 
 0.00695	   503436	 1.65095e+06	 1.65095e+06	 1.37906e+06	   698016	   698016	 
   0.007	   453931	 1.48767e+06	 1.48767e+06	 1.24261e+06	   629192	   629192	 
 0.00705	   408912	 1.33927e+06	 1.33927e+06	 1.11925e+06	   566763	   566763	 
  0.0071	   370037	 1.21095e+06	 1.21095e+06	 1.01319e+06	   512958	   512958	 
 0.00715	   334621	 1.09426e+06	 1.09426e+06	   917432	   464133	   464133	 
  0.0072	   303507	   992018	   992018	   832667	   421097	   421097	 
 0.00725	   274757	   897834	   897834	   752966	   381024	   381024	 
  0.0073	   248365	   811377	   811377	   681674	   344655	   344655	 
 0.00735	   224007	   731490	   731490	   610018	   309786	   309786	 
  0.0074	   201518	   657787	   657787	   550395	   279046	   279046	 
 0.00745	   181574	   592318	   592318	   496488	   251554	   251554	 
  0.0075	   163736	   533720	   533720	   448482	   227012	   227012	 
 0.00755	   147906	   481784	   481784	   405786	   205212	   205212	 
  0.0076	   133582	   434894	   434894	   367403	   185542	   185542	 
 0.00765	   120886	   393447	   393447	   328524	   167027	   167027	 
  0.0077	   108700	   353830	   353830	   297264	   150603	   150603	 
 0.00775	  98112.7	   319247	   319247	   268460	   135967	   135967	 
  0.0078	    88391	   287475	   287475	   242111	   122551	   122551	 
 0.00785	  79632.8	   258846	   258846	   218445	   110480	   110480	 
  0.0079	  71843.5	   233362	   233362	   196572	  99560.7	  99560.7	 
 0.00795	  64726.1	   210113	   210113	   176121	  89480.2	  89480.2	 
   0.008	  57818.8	   187670	   187670	   158188	  80122.9	  80122.9	 
 0.00805	  52177.4	   169292	   169292	   141412	  72007.1	  72007.1	 
  0.0081	  47205.1	   153124	   153124	   127965	  65151.5	  65151.5	 
 0.00815	  42677.5	   138388	   138388	   114422	  58620.5	  58620.5	 
  0.0082	  38457.6	   124653	   124653	   102016	  52581.6	  52581.6	 
 0.00825	  34509.4	   111821	   111821	  91980.9	  47280.7	  47280.7	 
  0.0083	  30952.1	   100272	   100272	  82265.4	  42354.9	  42354.9	 
 0.00835	  27771.3	  89923.4	  89923.4	  70647.6	  37299.3	  37299.3	 
  0.0084	  24742.5	  80102.7	  80102.7	    63535	  33362.9	  33362.9	 
 0.00845	  22249.4	  72001.2	  72001.2	  57233.4	  30023.5	  30023.5	 
  0.0085	  20041.8	    64857	    64857	  51196.4	  26964.9	  26964.9	 
 0.00855	  17837.8	  57759.5	  57759.5	  44596.9	  23784.2	  23784.2	 
  0.0086	  16084.8	  52064.4	  52064.4	  40267.4	  21458.6	  21458.6	 
 0.00865	  14357.8	  46475.7	  46475.7	  30911.1	  18036.2	  18036.2	 
  0.0087	  12399.8	    40207	    40207	  27789.6	  15819.7	  15819.7	 
 0.00875	  11135.5	  36083.7	  36083.7	  24968.5	  14209.5	  14209.5	 
  0.0088	  10011.6	    32422	    32422	  22522.7	  12791.8	  12791.8	 
 0.00885	  8973.13	  29045.4	  29045.4	  20299.3	    11490	    11490	 
  0.0089	  8010.37	  25935.7	  25935.7	  18375.8	  10313.8	  10313.8	 
 0.00895	  7003.98	  22710.4	  22710.4	  16618.4	   9140.5	   9140.5	 
   0.009	  6324.87	  20501.5	  20501.5	  15059.3	  8265.84	  8265.84	 
 0.00905	  4853.67	  15846.4	  15846.4	  13334.8	  6738.33	  6738.33	 
  0.0091	  4382.21	  14298.8	  14298.8	  12054.1	  6087.04	  6087.04	 
 0.00915	  3930.87	    12819	    12819	  10828.9	  5463.75	  5463.75	 
  0.0092	  3536.81	  11526.6	  11526.6	  9758.27	  4919.34	  4919.34	 
 0.00925	  3172.04	  10331.8	  10331.8	  8765.66	  4415.06	  4415.06	 
  0.0093	  2863.16	  9320.76	  9320.76	  7472.88	  3887.53	  3887.53	 
 0.00935	  2602.78	  8469.48	  8469.48	  6488.84	  3466.34	  3466.34	 
  0.0094	  2360.21	  7676.86	  7676.86	  5235.53	  2999.17	  2999.17	 
 0.00945	  2130.95	  6928.18	  6928.18	  4317.65	  2616.87	  2616.87	 
  0.0095	  1922.86	  6248.44	  6248.44	  2972.83	  2156.18	  2156.18	 
 0.00955	  1729.13	   5615.9	   5615.9	  2658.12	  1935.57	  1935.57	 
  0.0096	  1550.77	  5033.98	  5033.98	  1577.54	  1556.72	  1556.72	 
 0.00965	  1387.54	  4501.77	  4501.77	  1296.16	  1367.23	  1367.23	 
  0.0097	  1176.03	  3824.47	  3824.47	  700.042	  1070.26	  1070.26	 
 0.00975	     1017	  3313.27	  3313.27	  384.747	  876.504	  876.504	 
  0.0098	  815.433	  2671.36	  2671.36	   317.77	  704.842	  704.842	 
 0.00985	  667.926	  2198.06	  2198.06	  267.428	  578.928	  578.928	 
  0.0099	  442.648	  1480.68	  1480.68	  193.157	  387.206	  387.206	 
 0.00995	  396.244	  1325.32	  1325.32	  173.923	   346.84	   346.84	 
    0.01	  209.899	  728.712	  728.712	  111.631	  188.062	  188.062	 
 0.01005	   184.96	  642.877	  642.877	  99.0018	  165.858	  165.858	 
  0.0101	  77.2497	  294.281	  294.281	  60.9044	  73.6175	  73.6175	 
 0.01015	  37.3863	  161.896	  161.896	  43.6827	  38.7855	  38.7855	 
  0.0102	  34.5624	  148.719	  148.719	  10.6345	  29.2452	  29.2452	 
 0.01025	  32.0134	  136.832	  136.832	   9.8502	  27.0883	  27.0883	 
  0.0103	  29.4644	  125.298	  125.298	  9.06589	  24.9314	  24.9314	 
 0.01035	  26.9153	  114.083	  114.083	  8.28156	  22.7745	  22.7745	 
  0.0104	  24.3662	  103.158	  103.158	  7.49722	  20.6175	  20.6175	 
 0.01045	   21.817	   92.495	   92.495	  6.71286	  18.4605	  18.4605	 
  0.0105	  19.2677	  82.0671	  82.0671	  5.92848	  16.3035	  16.3035	 
 0.01055	  16.7183	  71.8523	  71.8523	  5.14406	  14.1463	  14.1463	 
  0.0106	 2.50871e-32	  16.5047	  16.5047	 2.50871e-32	 2.50871e-32	 2.50871e-32	 
 0.01065	 2.50871e-32	  14.8886	  14.8886	 2.50871e-32	 2.50871e-32	 2.50871e-32	 
  0.0107	 2.50871e-32	   13.429	   13.429	 2.50871e-32	 2.50871e-32	 2.50871e-32	 
 0.01075	 2.50871e-32	  12.1123	  12.1123	 2.50871e-32	 2.50871e-32	 2.50871e-32	 
  0.0108	 2.50871e-32	  10.9232	  10.9232	 2.50871e-32	 2.50871e-32	 2.50871e-32	 
 0.01085	 2.50871e-32	   9.8506	   9.8506	 2.50871e-32	 2.50871e-32	 2.50871e-32	 
  0.0109	 2.50871e-32	  8.88264	  8.88264	 2.50871e-32	 2.50871e-32	 2.50871e-32	 
 0.01095	 2.50871e-32	  8.00925	  8.00925	 2.50871e-32	 2.50871e-32	 2.50871e-32	 
   0.011	 2.50871e-32	  7.22128	  7.22128	 2.50871e-32	 2.50871e-32	 2.50871e-32	 
 0.01105	 2.50871e-32	  6.51036	  6.51036	 2.50871e-32	 2.50871e-32	 2.50871e-32	 
  0.0111	 2.50871e-32	  5.86902	  5.86902	 2.50871e-32	 2.50871e-32	 2.50871e-32	 
 0.01115	 2.50871e-32	  5.29054	  5.29054	 2.50871e-32	 2.50871e-32	 2.50871e-32	 
  0.0112	 2.50871e-32	  4.76871	  4.76871	 2.50871e-32	 2.50871e-32	 2.50871e-32	 
 0.01125	 2.50871e-32	  4.29816	  4.29816	 2.50871e-32	 2.50871e-32	 2.50871e-32	 
  0.0113	 2.50871e-32	  3.87372	  3.87372	 2.50871e-32	 2.50871e-32	 2.50871e-32	 
 0.01135	 2.50871e-32	  3.49096	  3.49096	 2.50871e-32	 2.50871e-32	 2.50871e-32	 
  0.0114	 2.50871e-32	  3.14588	  3.14588	 2.50871e-32	 2.50871e-32	 2.50871e-32	 
 0.01145	 2.50871e-32	  2.83474	  2.83474	 2.50871e-32	 2.50871e-32	 2.50871e-32	 
  0.0115	 2.50871e-32	  2.55413	  2.55413	 2.50871e-32	 2.50871e-32	 2.50871e-32	 
 0.01155	 2.50871e-32	  2.30125	  2.30125	 2.50871e-32	 2.50871e-32	 2.50871e-32	 
  0.0116	 2.50871e-32	  2.07321	  2.07321	 2.50871e-32	 2.50871e-32	 2.50871e-32	 
 0.01165	 2.50871e-32	  1.86771	  1.86771	 2.50871e-32	 2.50871e-32	 2.50871e-32	 
  0.0117	 2.50871e-32	  1.68245	  1.68245	 2.50871e-32	 2.50871e-32	 2.50871e-32	 
 0.01175	 2.50871e-32	  1.51548	  1.51548	 2.50871e-32	 2.50871e-32	 2.50871e-32	 
  0.0118	 2.50871e-32	  1.36493	  1.36493	 2.50871e-32	 2.50871e-32	 2.50871e-32	 
 0.01185	 2.50871e-32	  1.22935	  1.22935	 2.50871e-32	 2.50871e-32	 2.50871e-32	 
  0.0119	 2.50871e-32	  1.10712	  1.10712	 2.50871e-32	 2.50871e-32	 2.50871e-32	 
 0.01195	 2.50871e-32	 0.997053	 0.997053	 2.50871e-32	 2.50871e-32	 2.50871e-32	 
   0.012	 2.50871e-32	  0.89779	  0.89779	 2.50871e-32	 2.50871e-32	 2.50871e-32	 
 0.01205	 2.50871e-32	 0.808436	 0.808436	 2.50871e-32	 2.50871e-32	 2.50871e-32	 
  0.0121	 2.50871e-32	 0.727912	 0.727912	 2.50871e-32	 2.50871e-32	 2.50871e-32	 
 0.01215	 2.50871e-32	 0.655366	 0.655366	 2.50871e-32	 2.50871e-32	 2.50871e-32	 
  0.0122	 2.50871e-32	 0.590024	 0.590024	 2.50871e-32	 2.50871e-32	 2.50871e-32	 
 0.01225	 2.50871e-32	 0.531164	 0.531164	 2.50871e-32	 2.50871e-32	 2.50871e-32	 
  0.0123	 2.50871e-32	 0.478146	 0.478146	 2.50871e-32	 2.50871e-32	 2.50871e-32	 
 0.01235	 2.50871e-32	 0.430403	 0.430403	 2.50871e-32	 2.50871e-32	 2.50871e-32	 
  0.0124	 2.50871e-32	 0.387398	 0.387398	 2.50871e-32	 2.50871e-32	 2.50871e-32	 
 0.01245	 2.50871e-32	 0.348679	 0.348679	 2.50871e-32	 2.50871e-32	 2.50871e-32	 
  0.0125	 2.50871e-32	 0.313814	 0.313814	 2.50871e-32	 2.50871e-32	 2.50871e-32	 
 0.01255	 2.50871e-32	  0.28241	  0.28241	 2.50871e-32	 2.50871e-32	 2.50871e-32	 
  0.0126	 2.50871e-32	 0.254146	 0.254146	 2.50871e-32	 2.50871e-32	 2.50871e-32	 
 0.01265	 2.50871e-32	 0.228696	 0.228696	 2.50871e-32	 2.50871e-32	 2.50871e-32	 
  0.0127	 2.50871e-32	 0.205781	 0.205781	 2.50871e-32	 2.50871e-32	 2.50871e-32	 
 0.01275	 2.50871e-32	 0.185155	 0.185155	 2.50871e-32	 2.50871e-32	 2.50871e-32	 
  0.0128	 2.50871e-32	 0.166587	 0.166587	 2.50871e-32	 2.50871e-32	 2.50871e-32	 
 0.01285	 2.50871e-32	 0.149873	 0.149873	 2.50871e-32	 2.50871e-32	 2.50871e-32	 
  0.0129	 2.50871e-32	 0.134834	 0.134834	 2.50871e-32	 2.50871e-32	 2.50871e-32	 
 0.01295	 2.50871e-32	 0.121293	 0.121293	 2.50871e-32	 2.50871e-32	 2.50871e-32	 
   0.013	 2.50871e-32	 0.109113	 0.109113	 2.50871e-32	 2.50871e-32	 2.50871e-32	 
 0.01305	 2.50871e-32	 0.0981402	 0.0981402	 2.50871e-32	 2.50871e-32	 2.50871e-32	 
  0.0131	 2.50871e-32	 0.0882735	 0.0882735	 2.50871e-32	 2.50871e-32	 2.50871e-32	 
 0.01315	 2.50871e-32	 0.0793968	 0.0793968	 2.50871e-32	 2.50871e-32	 2.50871e-32	 
  0.0132	 2.50871e-32	 0.0714073	 0.0714073	 2.50871e-32	 2.50871e-32	 2.50871e-32	 
 0.01325	 2.50871e-32	 0.0642182	 0.0642182	 2.50871e-32	 2.50871e-32	 2.50871e-32	 
  0.0133	 2.50871e-32	 0.0577512	 0.0577512	 2.50871e-32	 2.50871e-32	 2.50871e-32	 
 0.01335	 2.50871e-32	 0.0519323	 0.0519323	 2.50871e-32	 2.50871e-32	 2.50871e-32	 
  0.0134	 2.50871e-32	 0.0466978	 0.0466978	 2.50871e-32	 2.50871e-32	 2.50871e-32	 
 0.01345	 2.50871e-32	 0.0419882	 0.0419882	 2.50871e-32	 2.50871e-32	 2.50871e-32	 
  0.0135	 2.50871e-32	 0.0377531	 0.0377531	 2.50871e-32	 2.50871e-32	 2.50871e-32	 
 0.01355	 2.50871e-32	 0.0339425	 0.0339425	 2.50871e-32	 2.50871e-32	 2.50871e-32	 
  0.0136	 2.50871e-32	 0.0305155	 0.0305155	 2.50871e-32	 2.50871e-32	 2.50871e-32	 
 0.01365	 2.50871e-32	 0.0274338	 0.0274338	 2.50871e-32	 2.50871e-32	 2.50871e-32	 
  0.0137	 2.50871e-32	 0.0246618	 0.0246618	 2.50871e-32	 2.50871e-32	 2.50871e-32	 
 0.01375	 2.50871e-32	 0.0221687	 0.0221687	 2.50871e-32	 2.50871e-32	 2.50871e-32	 
  0.0138	 2.50871e-32	 0.0199274	 0.0199274	 2.50871e-32	 2.50871e-32	 2.50871e-32	 
 0.01385	 2.50871e-32	 0.0179116	 0.0179116	 2.50871e-32	 2.50871e-32	 2.50871e-32	 
  0.0139	 2.50871e-32	 0.016099	 0.016099	 2.50871e-32	 2.50871e-32	 2.50871e-32	 
 0.01395	 2.50871e-32	 0.0144693	 0.0144693	 2.50871e-32	 2.50871e-32	 2.50871e-32	 
   0.014	 2.50871e-32	 0.0130037	 0.0130037	 2.50871e-32	 2.50871e-32	 2.50871e-32	 
 0.01405	 2.50871e-32	 0.0116862	 0.0116862	 2.50871e-32	 2.50871e-32	 2.50871e-32	 
  0.0141	 2.50871e-32	 0.0105021	 0.0105021	 2.50871e-32	 2.50871e-32	 2.50871e-32	 
 0.01415	 2.50871e-32	 0.00943722	 0.00943722	 2.50871e-32	 2.50871e-32	 2.50871e-32	 
  0.0142	 2.50871e-32	 0.00848031	 0.00848031	 2.50871e-32	 2.50871e-32	 2.50871e-32	 
 0.01425	 2.50871e-32	 0.00761986	 0.00761986	 2.50871e-32	 2.50871e-32	 2.50871e-32	 
  0.0143	 2.50871e-32	 0.00684651	 0.00684651	 2.50871e-32	 2.50871e-32	 2.50871e-32	 
 0.01435	 2.50871e-32	 0.00615142	 0.00615142	 2.50871e-32	 2.50871e-32	 2.50871e-32	 
  0.0144	 2.50871e-32	 0.00552666	 0.00552666	 2.50871e-32	 2.50871e-32	 2.50871e-32	 
 0.01445	 2.50871e-32	 0.00496511	 0.00496511	 2.50871e-32	 2.50871e-32	 2.50871e-32	 
  0.0145	 2.50871e-32	 0.00446046	 0.00446046	 2.50871e-32	 2.50871e-32	 2.50871e-32	 
 0.01455	 2.50871e-32	 0.00400701	 0.00400701	 2.50871e-32	 2.50871e-32	 2.50871e-32	 
  0.0146	 2.50871e-32	 0.00359941	 0.00359941	 2.50871e-32	 2.50871e-32	 2.50871e-32	 
 0.01465	 2.50871e-32	 0.00323323	 0.00323323	 2.50871e-32	 2.50871e-32	 2.50871e-32	 
  0.0147	 2.50871e-32	 0.00290414	 0.00290414	 2.50871e-32	 2.50871e-32	 2.50871e-32	 
 0.01475	 2.50871e-32	 0.00260848	 0.00260848	 2.50871e-32	 2.50871e-32	 2.50871e-32	 
  0.0148	 2.50871e-32	 0.00234284	 0.00234284	 2.50871e-32	 2.50871e-32	 2.50871e-32	 
 0.01485	 2.50871e-32	 0.00210417	 0.00210417	 2.50871e-32	 2.50871e-32	 2.50871e-32	 
  0.0149	 2.50871e-32	 0.00188974	 0.00188974	 2.50871e-32	 2.50871e-32	 2.50871e-32	 
 0.01495	 2.50871e-32	 0.00169708	 0.00169708	 2.50871e-32	 2.50871e-32	 2.50871e-32	 
   0.015	 2.50871e-32	 0.00152399	 0.00152399	 2.50871e-32	 2.50871e-32	 2.50871e-32	 
 0.01505	 2.50871e-32	 0.00136859	 0.00136859	 2.50871e-32	 2.50871e-32	 2.50871e-32	 
  0.0151	 2.50871e-32	 0.00122892	 0.00122892	 2.50871e-32	 2.50871e-32	 2.50871e-32	 
 0.01515	 2.50871e-32	 0.00110346	 0.00110346	 2.50871e-32	 2.50871e-32	 2.50871e-32	 
  0.0152	 2.50871e-32	 0.000990758	 0.000990758	 2.50871e-32	 2.50871e-32	 2.50871e-32	 
 0.01525	 2.50871e-32	 0.000889625	 0.000889625	 2.50871e-32	 2.50871e-32	 2.50871e-32	 
  0.0153	 2.50871e-32	 0.000798705	 0.000798705	 2.50871e-32	 2.50871e-32	 2.50871e-32	 
 0.01535	 2.50871e-32	 0.000717075	 0.000717075	 2.50871e-32	 2.50871e-32	 2.50871e-32	 
  0.0154	 2.50871e-32	 0.000643763	 0.000643763	 2.50871e-32	 2.50871e-32	 2.50871e-32	 
 0.01545	 2.50871e-32	 0.000577928	 0.000577928	 2.50871e-32	 2.50871e-32	 2.50871e-32	 
  0.0155	 2.50871e-32	 0.000518813	 0.000518813	 2.50871e-32	 2.50871e-32	 2.50871e-32	 
 0.01555	 2.50871e-32	 0.000465728	 0.000465728	 2.50871e-32	 2.50871e-32	 2.50871e-32	 
  0.0156	 2.50871e-32	 0.000418053	 0.000418053	 2.50871e-32	 2.50871e-32	 2.50871e-32	 
 0.01565	 2.50871e-32	 0.000375252	 0.000375252	 2.50871e-32	 2.50871e-32	 2.50871e-32	 
  0.0157	 2.50871e-32	 0.000336822	 0.000336822	 2.50871e-32	 2.50871e-32	 2.50871e-32	 
 0.01575	 2.50871e-32	 0.000302314	 0.000302314	 2.50871e-32	 2.50871e-32	 2.50871e-32	 
  0.0158	 2.50871e-32	 0.000271336	 0.000271336	 2.50871e-32	 2.50871e-32	 2.50871e-32	 
 0.01585	 2.50871e-32	 0.000243522	 0.000243522	 2.50871e-32	 2.50871e-32	 2.50871e-32	 
  0.0159	 2.50871e-32	 0.000218549	 0.000218549	 2.50871e-32	 2.50871e-32	 2.50871e-32	 
 0.01595	 2.50871e-32	 0.000196136	 0.000196136	 2.50871e-32	 2.50871e-32	 2.50871e-32	 
   0.016	 2.50871e-32	 0.000176011	 0.000176011	 2.50871e-32	 2.50871e-32	 2.50871e-32	 
 0.01605	 2.50871e-32	 0.000157953	 0.000157953	 2.50871e-32	 2.50871e-32	 2.50871e-32	 
  0.0161	 2.50871e-32	 0.000141733	 0.000141733	 2.50871e-32	 2.50871e-32	 2.50871e-32	 
 0.01615	 2.50871e-32	 0.000127179	 0.000127179	 2.50871e-32	 2.50871e-32	 2.50871e-32	 
  0.0162	 2.50871e-32	 0.000114123	 0.000114123	 2.50871e-32	 2.50871e-32	 2.50871e-32	 
 0.01625	 2.50871e-32	 0.000102393	 0.000102393	 2.50871e-32	 2.50871e-32	 2.50871e-32	 
  0.0163	 2.50871e-32	 9.18715e-05	 9.18715e-05	 2.50871e-32	 2.50871e-32	 2.50871e-32	 
 0.01635	 2.50871e-32	 8.243e-05	 8.243e-05	 2.50871e-32	 2.50871e-32	 2.50871e-32	 
  0.0164	 2.50871e-32	 7.39548e-05	 7.39548e-05	 2.50871e-32	 2.50871e-32	 2.50871e-32	 
 0.01645	 2.50871e-32	 6.6348e-05	 6.6348e-05	 2.50871e-32	 2.50871e-32	 2.50871e-32	 
  0.0165	 2.50871e-32	 5.95229e-05	 5.95229e-05	 2.50871e-32	 2.50871e-32	 2.50871e-32	 
 0.01655	 2.50871e-32	 5.33979e-05	 5.33979e-05	 2.50871e-32	 2.50871e-32	 2.50871e-32	 
  0.0166	 2.50871e-32	 4.79014e-05	 4.79014e-05	 2.50871e-32	 2.50871e-32	 2.50871e-32	 
 0.01665	 2.50871e-32	 4.29697e-05	 4.29697e-05	 2.50871e-32	 2.50871e-32	 2.50871e-32	 
  0.0167	 2.50871e-32	 3.8545e-05	 3.8545e-05	 2.50871e-32	 2.50871e-32	 2.50871e-32	 
 0.01675	 2.50871e-32	 3.45745e-05	 3.45745e-05	 2.50871e-32	 2.50871e-32	 2.50871e-32	 
  0.0168	 2.50871e-32	 3.10122e-05	 3.10122e-05	 2.50871e-32	 2.50871e-32	 2.50871e-32	 
 0.01685	 2.50871e-32	 2.78157e-05	 2.78157e-05	 2.50871e-32	 2.50871e-32	 2.50871e-32	 
  0.0169	 2.50871e-32	 2.49484e-05	 2.49484e-05	 2.50871e-32	 2.50871e-32	 2.50871e-32	 
 0.01695	 2.50871e-32	 2.23763e-05	 2.23763e-05	 2.50871e-32	 2.50871e-32	 2.50871e-32	 
   0.017	 2.50871e-32	 2.00686e-05	 2.00686e-05	 2.50871e-32	 2.50871e-32	 2.50871e-32	 
 0.01705	 2.50871e-32	 1.79983e-05	 1.79983e-05	 2.50871e-32	 2.50871e-32	 2.50871e-32	 
  0.0171	 2.50871e-32	 1.61407e-05	 1.61407e-05	 2.50871e-32	 2.50871e-32	 2.50871e-32	 
 0.01715	 2.50871e-32	 1.44752e-05	 1.44752e-05	 2.50871e-32	 2.50871e-32	 2.50871e-32	 
  0.0172	 2.50871e-32	 1.29807e-05	 1.29807e-05	 2.50871e-32	 2.50871e-32	 2.50871e-32	 
 0.01725	 2.50871e-32	 1.16402e-05	 1.16402e-05	 2.50871e-32	 2.50871e-32	 2.50871e-32	 
  0.0173	 2.50871e-32	 1.04375e-05	 1.04375e-05	 2.50871e-32	 2.50871e-32	 2.50871e-32	 
 0.01735	 2.50871e-32	 9.35981e-06	 9.35981e-06	 2.50871e-32	 2.50871e-32	 2.50871e-32	 
  0.0174	 2.50871e-32	 8.39227e-06	 8.39227e-06	 2.50871e-32	 2.50871e-32	 2.50871e-32	 
 0.01745	 2.50871e-32	 7.52485e-06	 7.52485e-06	 2.50871e-32	 2.50871e-32	 2.50871e-32	 
  0.0175	 2.50871e-32	 6.74691e-06	 6.74691e-06	 2.50871e-32	 2.50871e-32	 2.50871e-32	 
 0.01755	 2.50871e-32	 6.04918e-06	 6.04918e-06	 2.50871e-32	 2.50871e-32	 2.50871e-32	 
  0.0176	 2.50871e-32	 5.42348e-06	 5.42348e-06	 2.50871e-32	 2.50871e-32	 2.50871e-32	 
 0.01765	 2.50871e-32	 4.86244e-06	 4.86244e-06	 2.50871e-32	 2.50871e-32	 2.50871e-32	 
  0.0177	 2.50871e-32	 4.35924e-06	 4.35924e-06	 2.50871e-32	 2.50871e-32	 2.50871e-32	 
 0.01775	 2.50871e-32	 3.90809e-06	 3.90809e-06	 2.50871e-32	 2.50871e-32	 2.50871e-32	 
  0.0178	 2.50871e-32	 3.50346e-06	 3.50346e-06	 2.50871e-32	 2.50871e-32	 2.50871e-32	 
 0.01785	 2.50871e-32	 3.14069e-06	 3.14069e-06	 2.50871e-32	 2.50871e-32	 2.50871e-32	 
  0.0179	 2.50871e-32	 2.81534e-06	 2.81534e-06	 2.50871e-32	 2.50871e-32	 2.50871e-32	 
 0.01795	 2.50871e-32	 2.52368e-06	 2.52368e-06	 2.50871e-32	 2.50871e-32	 2.50871e-32	 
   0.018	 2.50871e-32	 2.26221e-06	 2.26221e-06	 2.50871e-32	 2.50871e-32	 2.50871e-32	 
 0.01805	 2.50871e-32	 2.02779e-06	 2.02779e-06	 2.50871e-32	 2.50871e-32	 2.50871e-32	 
  0.0181	 2.50871e-32	 1.81753e-06	 1.81753e-06	 2.50871e-32	 2.50871e-32	 2.50871e-32	 
 0.01815	 2.50871e-32	 1.62912e-06	 1.62912e-06	 2.50871e-32	 2.50871e-32	 2.50871e-32	 
  0.0182	 2.50871e-32	 1.46011e-06	 1.46011e-06	 2.50871e-32	 2.50871e-32	 2.50871e-32	 
 0.01825	 2.50871e-32	 1.30871e-06	 1.30871e-06	 2.50871e-32	 2.50871e-32	 2.50871e-32	 
  0.0183	 2.50871e-32	 1.17287e-06	 1.17287e-06	 2.50871e-32	 2.50871e-32	 2.50871e-32	 
 0.01835	 2.50871e-32	 1.05115e-06	 1.05115e-06	 2.50871e-32	 2.50871e-32	 2.50871e-32	 
  0.0184	 2.50871e-32	 9.4202e-07	 9.4202e-07	 2.50871e-32	 2.50871e-32	 2.50871e-32	 
 0.01845	 2.50871e-32	 8.44255e-07	 8.44255e-07	 2.50871e-32	 2.50871e-32	 2.50871e-32	 
  0.0185	 2.50871e-32	 7.56584e-07	 7.56584e-07	 2.50871e-32	 2.50871e-32	 2.50871e-32	 
 0.01855	 2.50871e-32	 6.78008e-07	 6.78008e-07	 2.50871e-32	 2.50871e-32	 2.50871e-32	 
  0.0186	 2.50871e-32	 6.07571e-07	 6.07571e-07	 2.50871e-32	 2.50871e-32	 2.50871e-32	 
 0.01865	 2.50871e-32	 5.44441e-07	 5.44441e-07	 2.50871e-32	 2.50871e-32	 2.50871e-32	 
  0.0187	 2.50871e-32	 4.8786e-07	 4.8786e-07	 2.50871e-32	 2.50871e-32	 2.50871e-32	 
 0.01875	 2.50871e-32	 4.37148e-07	 4.37148e-07	 2.50871e-32	 2.50871e-32	 2.50871e-32	 
  0.0188	 2.50871e-32	 3.91702e-07	 3.91702e-07	 2.50871e-32	 2.50871e-32	 2.50871e-32	 
 0.01885	 2.50871e-32	 3.50967e-07	 3.50967e-07	 2.50871e-32	 2.50871e-32	 2.50871e-32	 
  0.0189	 2.50871e-32	 3.1446e-07	 3.1446e-07	 2.50871e-32	 2.50871e-32	 2.50871e-32	 
 0.01895	 2.50871e-32	 2.81747e-07	 2.81747e-07	 2.50871e-32	 2.50871e-32	 2.50871e-32	 
   0.019	 2.50871e-32	 2.52436e-07	 2.52436e-07	 2.50871e-32	 2.50871e-32	 2.50871e-32	 
 0.01905	 2.50871e-32	 2.26161e-07	 2.26161e-07	 2.50871e-32	 2.50871e-32	 2.50871e-32	 
  0.0191	 2.50871e-32	 2.02617e-07	 2.02617e-07	 2.50871e-32	 2.50871e-32	 2.50871e-32	 
 0.01915	 2.50871e-32	 1.81523e-07	 1.81523e-07	 2.50871e-32	 2.50871e-32	 2.50871e-32	 
  0.0192	 2.50871e-32	 1.62623e-07	 1.62623e-07	 2.50871e-32	 2.50871e-32	 2.50871e-32	 
 0.01925	 2.50871e-32	 1.45688e-07	 1.45688e-07	 2.50871e-32	 2.50871e-32	 2.50871e-32	 
  0.0193	 2.50871e-32	 1.30505e-07	 1.30505e-07	 2.50871e-32	 2.50871e-32	 2.50871e-32	 
 0.01935	 2.50871e-32	 1.16913e-07	 1.16913e-07	 2.50871e-32	 2.50871e-32	 2.50871e-32	 
  0.0194	 2.50871e-32	 1.04724e-07	 1.04724e-07	 2.50871e-32	 2.50871e-32	 2.50871e-32	 
 0.01945	 2.50871e-32	 9.38107e-08	 9.38107e-08	 2.50871e-32	 2.50871e-32	 2.50871e-32	 
  0.0195	 2.50871e-32	 8.40316e-08	 8.40316e-08	 2.50871e-32	 2.50871e-32	 2.50871e-32	 
 0.01955	 2.50871e-32	 7.52698e-08	 7.52698e-08	 2.50871e-32	 2.50871e-32	 2.50871e-32	 
  0.0196	 2.50871e-32	 6.74197e-08	 6.74197e-08	 2.50871e-32	 2.50871e-32	 2.50871e-32	 
 0.01965	 2.50871e-32	 6.03871e-08	 6.03871e-08	 2.50871e-32	 2.50871e-32	 2.50871e-32	 
  0.0197	 2.50871e-32	 5.40877e-08	 5.40877e-08	 2.50871e-32	 2.50871e-32	 2.50871e-32	 
 0.01975	 2.50871e-32	 4.84441e-08	 4.84441e-08	 2.50871e-32	 2.50871e-32	 2.50871e-32	 
  0.0198	 2.50871e-32	 4.33882e-08	 4.33882e-08	 2.50871e-32	 2.50871e-32	 2.50871e-32	 
 0.01985	 2.50871e-32	 3.88589e-08	 3.88589e-08	 2.50871e-32	 2.50871e-32	 2.50871e-32	 
  0.0199	 2.50871e-32	 3.48016e-08	 3.48016e-08	 2.50871e-32	 2.50871e-32	 2.50871e-32	 
 0.01995	 2.50871e-32	 3.11679e-08	 3.11679e-08	 2.50871e-32	 2.50871e-32	 2.50871e-32	 
    0.02	 2.50871e-32	 2.79127e-08	 2.79127e-08	 2.50871e-32	 2.50871e-32	 2.50871e-32	 
 0.02005	 2.50871e-32	 2.49969e-08	 2.49969e-08	 2.50871e-32	 2.50871e-32	 2.50871e-32	 
  0.0201	 2.50871e-32	 2.23856e-08	 2.23856e-08	 2.50871e-32	 2.50871e-32	 2.50871e-32	 
 0.02015	 2.50871e-32	 2.00465e-08	 2.00465e-08	 2.50871e-32	 2.50871e-32	 2.50871e-32	 
  0.0202	 2.50871e-32	 1.79515e-08	 1.79515e-08	 2.50871e-32	 2.50871e-32	 2.50871e-32	 
 0.02025	 2.50871e-32	 1.60752e-08	 1.60752e-08	 2.50871e-32	 2.50871e-32	 2.50871e-32	 
  0.0203	 2.50871e-32	 1.43944e-08	 1.43944e-08	 2.50871e-32	 2.50871e-32	 2.50871e-32	 
 0.02035	 2.50871e-32	 1.28889e-08	 1.28889e-08	 2.50871e-32	 2.50871e-32	 2.50871e-32	 
  0.0204	 2.50871e-32	 1.15416e-08	 1.15416e-08	 2.50871e-32	 2.50871e-32	 2.50871e-32	 
 0.02045	 2.50871e-32	 1.03337e-08	 1.03337e-08	 2.50871e-32	 2.50871e-32	 2.50871e-32	 
  0.0205	 2.50871e-32	 9.25264e-09	 9.25264e-09	 2.50871e-32	 2.50871e-32	 2.50871e-32	 
 0.02055	 2.50871e-32	 8.28468e-09	 8.28468e-09	 2.50871e-32	 2.50871e-32	 2.50871e-32	 
  0.0206	 2.50871e-32	 7.41767e-09	 7.41767e-09	 2.50871e-32	 2.50871e-32	 2.50871e-32	 
 0.02065	 2.50871e-32	 6.64126e-09	 6.64126e-09	 2.50871e-32	 2.50871e-32	 2.50871e-32	 
  0.0207	 2.50871e-32	 5.946e-09	 5.946e-09	 2.50871e-32	 2.50871e-32	 2.50871e-32	 
 0.02075	 2.50871e-32	 5.32337e-09	 5.32337e-09	 2.50871e-32	 2.50871e-32	 2.50871e-32	 
  0.0208	 2.50871e-32	 4.7659e-09	 4.7659e-09	 2.50871e-32	 2.50871e-32	 2.50871e-32	 
 0.02085	 2.50871e-32	 4.26678e-09	 4.26678e-09	 2.50871e-32	 2.50871e-32	 2.50871e-32	 
  0.0209	 2.50871e-32	 3.8198e-09	 3.8198e-09	 2.50871e-32	 2.50871e-32	 2.50871e-32	 
 0.02095	 2.50871e-32	 3.4196e-09	 3.4196e-09	 2.50871e-32	 2.50871e-32	 2.50871e-32	 
   0.021	 2.50871e-32	 3.06125e-09	 3.06125e-09	 2.50871e-32	 2.50871e-32	 2.50871e-32	 
 0.02105	 2.50871e-32	 2.74041e-09	 2.74041e-09	 2.50871e-32	 2.50871e-32	 2.50871e-32	 
  0.0211	 2.50871e-32	 2.45317e-09	 2.45317e-09	 2.50871e-32	 2.50871e-32	 2.50871e-32	 
 0.02115	 2.50871e-32	 2.19595e-09	 2.19595e-09	 2.50871e-32	 2.50871e-32	 2.50871e-32	 
  0.0212	 2.50871e-32	 1.9657e-09	 1.9657e-09	 2.50871e-32	 2.50871e-32	 2.50871e-32	 
 0.02125	 2.50871e-32	 1.7596e-09	 1.7596e-09	 2.50871e-32	 2.50871e-32	 2.50871e-32	 
  0.0213	 2.50871e-32	 1.57502e-09	 1.57502e-09	 2.50871e-32	 2.50871e-32	 2.50871e-32	 
 0.02135	 2.50871e-32	 1.40976e-09	 1.40976e-09	 2.50871e-32	 2.50871e-32	 2.50871e-32	 
  0.0214	 2.50871e-32	 1.26184e-09	 1.26184e-09	 2.50871e-32	 2.50871e-32	 2.50871e-32	 
 0.02145	 2.50871e-32	 1.12949e-09	 1.12949e-09	 2.50871e-32	 2.50871e-32	 2.50871e-32	 
  0.0215	 2.50871e-32	 1.01092e-09	 1.01092e-09	 2.50871e-32	 2.50871e-32	 2.50871e-32	 
 0.02155	 2.50871e-32	 9.04764e-10	 9.04764e-10	 2.50871e-32	 2.50871e-32	 2.50871e-32	 
  0.0216	 2.50871e-32	 8.09814e-10	 8.09814e-10	 2.50871e-32	 2.50871e-32	 2.50871e-32	 
 0.02165	 2.50871e-32	 7.24782e-10	 7.24782e-10	 2.50871e-32	 2.50871e-32	 2.50871e-32	 
  0.0217	 2.50871e-32	 6.48671e-10	 6.48671e-10	 2.50871e-32	 2.50871e-32	 2.50871e-32	 
 0.02175	 2.50871e-32	 5.80539e-10	 5.80539e-10	 2.50871e-32	 2.50871e-32	 2.50871e-32	 
  0.0218	 2.50871e-32	 5.19561e-10	 5.19561e-10	 2.50871e-32	 2.50871e-32	 2.50871e-32	 
 0.02185	 2.50871e-32	 4.64971e-10	 4.64971e-10	 2.50871e-32	 2.50871e-32	 2.50871e-32	 
  0.0219	 2.50871e-32	 4.16114e-10	 4.16114e-10	 2.50871e-32	 2.50871e-32	 2.50871e-32	 
 0.02195	 2.50871e-32	 3.72385e-10	 3.72385e-10	 2.50871e-32	 2.50871e-32	 2.50871e-32	 
   0.022	 2.50871e-32	 3.33241e-10	 3.33241e-10	 2.50871e-32	 2.50871e-32	 2.50871e-32	 
 0.02205	 2.50871e-32	 2.98214e-10	 2.98214e-10	 2.50871e-32	 2.50871e-32	 2.50871e-32	 
  0.0221	 2.50871e-32	 2.66862e-10	 2.66862e-10	 2.50871e-32	 2.50871e-32	 2.50871e-32	 
 0.02215	 2.50871e-32	 2.38801e-10	 2.38801e-10	 2.50871e-32	 2.50871e-32	 2.50871e-32	 
  0.0222	 2.50871e-32	 2.13683e-10	 2.13683e-10	 2.50871e-32	 2.50871e-32	 2.50871e-32	 
 0.02225	 2.50871e-32	 1.91211e-10	 1.91211e-10	 2.50871e-32	 2.50871e-32	 2.50871e-32	 
  0.0223	 2.50871e-32	 1.71095e-10	 1.71095e-10	 2.50871e-32	 2.50871e-32	 2.50871e-32	 
 0.02235	 2.50871e-32	 1.53096e-10	 1.53096e-10	 2.50871e-32	 2.50871e-32	 2.50871e-32	 
  0.0224	 2.50871e-32	 1.36986e-10	 1.36986e-10	 2.50871e-32	 2.50871e-32	 2.50871e-32	 
 0.02245	 2.50871e-32	 1.22569e-10	 1.22569e-10	 2.50871e-32	 2.50871e-32	 2.50871e-32	 
  0.0225	 2.50871e-32	 1.09666e-10	 1.09666e-10	 2.50871e-32	 2.50871e-32	 2.50871e-32	 
 0.02255	 2.50871e-32	 9.81232e-11	 9.81232e-11	 2.50871e-32	 2.50871e-32	 2.50871e-32	 
  0.0226	 2.50871e-32	 8.77886e-11	 8.77886e-11	 2.50871e-32	 2.50871e-32	 2.50871e-32	 
 0.02265	 2.50871e-32	 7.85471e-11	 7.85471e-11	 2.50871e-32	 2.50871e-32	 2.50871e-32	 
  0.0227	 2.50871e-32	 7.02751e-11	 7.02751e-11	 2.50871e-32	 2.50871e-32	 2.50871e-32	 
 0.02275	 2.50871e-32	 6.28733e-11	 6.28733e-11	 2.50871e-32	 2.50871e-32	 2.50871e-32	 
  0.0228	 2.50871e-32	 5.62507e-11	 5.62507e-11	 2.50871e-32	 2.50871e-32	 2.50871e-32	 
 0.02285	 2.50871e-32	 5.03238e-11	 5.03238e-11	 2.50871e-32	 2.50871e-32	 2.50871e-32	 
  0.0229	 2.50871e-32	 4.50213e-11	 4.50213e-11	 2.50871e-32	 2.50871e-32	 2.50871e-32	 
 0.02295	 2.50871e-32	 4.02768e-11	 4.02768e-11	 2.50871e-32	 2.50871e-32	 2.50871e-32	 
   0.023	 2.50871e-32	 3.60315e-11	 3.60315e-11	 2.50871e-32	 2.50871e-32	 2.50871e-32	 
 0.02305	 2.50871e-32	 3.22337e-11	 3.22337e-11	 2.50871e-32	 2.50871e-32	 2.50871e-32	 
  0.0231	 2.50871e-32	 2.88356e-11	 2.88356e-11	 2.50871e-32	 2.50871e-32	 2.50871e-32	 
 0.02315	 2.50871e-32	 2.57948e-11	 2.57948e-11	 2.50871e-32	 2.50871e-32	 2.50871e-32	 
  0.0232	 2.50871e-32	 2.30755e-11	 2.30755e-11	 2.50871e-32	 2.50871e-32	 2.50871e-32	 
 0.02325	 2.50871e-32	 2.06411e-11	 2.06411e-11	 2.50871e-32	 2.50871e-32	 2.50871e-32	 
  0.0233	 2.50871e-32	 1.84644e-11	 1.84644e-11	 2.50871e-32	 2.50871e-32	 2.50871e-32	 
 0.02335	 2.50871e-32	 1.65166e-11	 1.65166e-11	 2.50871e-32	 2.50871e-32	 2.50871e-32	 
  0.0234	 2.50871e-32	 1.47738e-11	 1.47738e-11	 2.50871e-32	 2.50871e-32	 2.50871e-32	 
 0.02345	 2.50871e-32	 1.32146e-11	 1.32146e-11	 2.50871e-32	 2.50871e-32	 2.50871e-32	 
  0.0235	 2.50871e-32	 1.18205e-11	 1.18205e-11	 2.50871e-32	 2.50871e-32	 2.50871e-32	 
 0.02355	 2.50871e-32	 1.05727e-11	 1.05727e-11	 2.50871e-32	 2.50871e-32	 2.50871e-32	 
  0.0236	 2.50871e-32	 9.45677e-12	 9.45677e-12	 2.50871e-32	 2.50871e-32	 2.50871e-32	 
 0.02365	 2.50871e-32	 8.45828e-12	 8.45828e-12	 2.50871e-32	 2.50871e-32	 2.50871e-32	 
  0.0237	 2.50871e-32	 7.56525e-12	 7.56525e-12	 2.50871e-32	 2.50871e-32	 2.50871e-32	 
 0.02375	 2.50871e-32	 6.76639e-12	 6.76639e-12	 2.50871e-32	 2.50871e-32	 2.50871e-32	 
  0.0238	 2.50871e-32	 6.05173e-12	 6.05173e-12	 2.50871e-32	 2.50871e-32	 2.50871e-32	 
 0.02385	 2.50871e-32	 5.41251e-12	 5.41251e-12	 2.50871e-32	 2.50871e-32	 2.50871e-32	 
  0.0239	 2.50871e-32	 4.84075e-12	 4.84075e-12	 2.50871e-32	 2.50871e-32	 2.50871e-32	 
 0.02395	 2.50871e-32	 4.32938e-12	 4.32938e-12	 2.50871e-32	 2.50871e-32	 2.50871e-32	 
   0.024	 2.50871e-32	 3.87194e-12	 3.87194e-12	 2.50871e-32	 2.50871e-32	 2.50871e-32	 
 0.02405	 2.50871e-32	 3.46272e-12	 3.46272e-12	 2.50871e-32	 2.50871e-32	 2.50871e-32	 
  0.0241	 2.50871e-32	 3.0968e-12	 3.0968e-12	 2.50871e-32	 2.50871e-32	 2.50871e-32	 
 0.02415	 2.50871e-32	 2.76941e-12	 2.76941e-12	 2.50871e-32	 2.50871e-32	 2.50871e-32	 
  0.0242	 2.50871e-32	 2.47664e-12	 2.47664e-12	 2.50871e-32	 2.50871e-32	 2.50871e-32	 
 0.02425	 2.50871e-32	 2.21483e-12	 2.21483e-12	 2.50871e-32	 2.50871e-32	 2.50871e-32	 
  0.0243	 2.50871e-32	 1.98067e-12	 1.98067e-12	 2.50871e-32	 2.50871e-32	 2.50871e-32	 
 0.02435	 2.50871e-32	 1.77117e-12	 1.77117e-12	 2.50871e-32	 2.50871e-32	 2.50871e-32	 
  0.0244	 2.50871e-32	 1.58387e-12	 1.58387e-12	 2.50871e-32	 2.50871e-32	 2.50871e-32	 
 0.02445	 2.50871e-32	 1.4163e-12	 1.4163e-12	 2.50871e-32	 2.50871e-32	 2.50871e-32	 
  0.0245	 2.50871e-32	 1.26652e-12	 1.26652e-12	 2.50871e-32	 2.50871e-32	 2.50871e-32	 
 0.02455	 2.50871e-32	 1.13255e-12	 1.13255e-12	 2.50871e-32	 2.50871e-32	 2.50871e-32	 
  0.0246	 2.50871e-32	 1.0127e-12	 1.0127e-12	 2.50871e-32	 2.50871e-32	 2.50871e-32	 
 0.02465	 2.50871e-32	 9.0553e-13	 9.0553e-13	 2.50871e-32	 2.50871e-32	 2.50871e-32	 
  0.0247	 2.50871e-32	 8.09678e-13	 8.09678e-13	 2.50871e-32	 2.50871e-32	 2.50871e-32	 
 0.02475	 2.50871e-32	 7.23973e-13	 7.23973e-13	 2.50871e-32	 2.50871e-32	 2.50871e-32	 
  0.0248	 2.50871e-32	 6.47336e-13	 6.47336e-13	 2.50871e-32	 2.50871e-32	 2.50871e-32	 
 0.02485	 2.50871e-32	 5.78804e-13	 5.78804e-13	 2.50871e-32	 2.50871e-32	 2.50871e-32	 
  0.0249	 2.50871e-32	 5.1752e-13	 5.1752e-13	 2.50871e-32	 2.50871e-32	 2.50871e-32	 
 0.02495	 2.50871e-32	 4.62717e-13	 4.62717e-13	 2.50871e-32	 2.50871e-32	 2.50871e-32	 
   0.025	 2.50871e-32	 4.13715e-13	 4.13715e-13	 2.50871e-32	 2.50871e-32	 2.50871e-32	 
       0	        0	        0	        0	        0	        0	        0	 
