       0	        0	        0	        0	        0	        0	        0	 
   5e-05	  2080.37	 1.80099e+07	 1.80099e+07	 2.02297e+07	 4.49706e+06	 4.49706e+06	 
  0.0001	   215735	 7.3445e+07	 7.3445e+07	 8.21476e+07	 1.84226e+07	 1.84226e+07	 
 0.00015	 1.64303e+06	 1.73405e+08	 1.73405e+08	 1.9561e+08	 4.47464e+07	 4.47464e+07	 
  0.0002	 7.59221e+06	 3.36433e+08	 3.36433e+08	 3.91508e+08	 9.29059e+07	 9.29059e+07	 
 0.00025	 2.32521e+07	 5.85244e+08	 5.85244e+08	 7.039e+08	 1.74506e+08	 1.74506e+08	 
  0.0003	 5.22592e+07	 9.24637e+08	 9.24637e+08	 1.13861e+09	 2.93668e+08	 2.93668e+08	 
 0.00035	 9.70382e+07	 1.34786e+09	 1.34786e+09	 1.68751e+09	 4.50471e+08	 4.50471e+08	 
  0.0004	 1.59047e+08	 1.8484e+09	 1.8484e+09	 2.33433e+09	 6.42437e+08	 6.42437e+08	 
 0.00045	 2.34992e+08	 2.40907e+09	 2.40907e+09	 3.05119e+09	 8.60808e+08	 8.60808e+08	 
  0.0005	 3.19642e+08	 3.01051e+09	 3.01051e+09	 3.81075e+09	 1.09543e+09	 1.09543e+09	 
 0.00055	 4.11384e+08	 3.6412e+09	 3.6412e+09	 4.59461e+09	 1.34098e+09	 1.34098e+09	 
  0.0006	 5.05316e+08	 4.28829e+09	 4.28829e+09	 5.38489e+09	 1.58965e+09	 1.58965e+09	 
 0.00065	 5.99378e+08	 4.93125e+09	 4.93125e+09	 6.16513e+09	 1.8362e+09	 1.8362e+09	 
  0.0007	 6.92628e+08	 5.56598e+09	 5.56598e+09	 6.92539e+09	 2.07767e+09	 2.07767e+09	 
 0.00075	 7.83983e+08	 6.18525e+09	 6.18525e+09	 7.65522e+09	 2.31091e+09	 2.31091e+09	 
  0.0008	 8.71671e+08	 6.77936e+09	 6.77936e+09	 8.34008e+09	 2.5313e+09	 2.5313e+09	 
 0.00085	 9.54397e+08	 7.34522e+09	 7.34522e+09	 8.98064e+09	 2.73799e+09	 2.73799e+09	 
  0.0009	 1.03076e+09	 7.88018e+09	 7.88018e+09	 9.57007e+09	 2.92837e+09	 2.92837e+09	 
 0.00095	 1.10111e+09	 8.37985e+09	 8.37985e+09	 1.01047e+10	 3.10189e+09	 3.10189e+09	 
   0.001	 1.16382e+09	 8.84365e+09	 8.84365e+09	 1.05792e+10	 3.2561e+09	 3.2561e+09	 
 0.00105	 1.21851e+09	 9.27115e+09	 9.27115e+09	 1.0999e+10	 3.39192e+09	 3.39192e+09	 
  0.0011	 1.26571e+09	 9.65814e+09	 9.65814e+09	 1.13642e+10	 3.50979e+09	 3.50979e+09	 
 0.00115	 1.3055e+09	 1.00043e+10	 1.00043e+10	 1.16775e+10	 3.61036e+09	 3.61036e+09	 
  0.0012	 1.3364e+09	 1.03078e+10	 1.03078e+10	 1.19351e+10	 3.69163e+09	 3.69163e+09	 
 0.00125	 1.35909e+09	 1.05696e+10	 1.05696e+10	 1.21401e+10	 3.75484e+09	 3.75484e+09	 
  0.0013	 1.37615e+09	 1.07932e+10	 1.07932e+10	 1.22977e+10	 3.80314e+09	 3.80314e+09	 
 0.00135	 1.38656e+09	 1.09776e+10	 1.09776e+10	 1.24084e+10	 3.83583e+09	 3.83583e+09	 
  0.0014	 1.39044e+09	 1.11245e+10	 1.11245e+10	 1.24747e+10	 3.85359e+09	 3.85359e+09	 
 0.00145	 1.38852e+09	 1.12363e+10	 1.12363e+10	 1.25003e+10	 3.85778e+09	 3.85778e+09	 
  0.0015	 1.38161e+09	 1.13149e+10	 1.13149e+10	 1.24869e+10	 3.84941e+09	 3.84941e+09	 
 0.00155	 1.37028e+09	 1.13605e+10	 1.13605e+10	 1.24358e+10	 3.82925e+09	 3.82925e+09	 
  0.0016	 1.3546e+09	 1.13744e+10	 1.13744e+10	 1.23492e+10	 3.79781e+09	 3.79781e+09	 
 0.00165	 1.33492e+09	 1.13587e+10	 1.13587e+10	 1.22294e+10	 3.75589e+09	 3.75589e+09	 
  0.0017	 1.31208e+09	 1.13145e+10	 1.13145e+10	 1.208e+10	 3.70492e+09	 3.70492e+09	 
 0.00175	 1.28625e+09	 1.12435e+10	 1.12435e+10	 1.19023e+10	 3.64535e+09	 3.64535e+09	 
  0.0018	 1.25773e+09	 1.11471e+10	 1.11471e+10	 1.16979e+10	 3.57774e+09	 3.57774e+09	 
 0.00185	 1.22722e+09	 1.10294e+10	 1.10294e+10	 1.14696e+10	 3.50327e+09	 3.50327e+09	 
  0.0019	 1.19519e+09	 1.089e+10	 1.089e+10	 1.12208e+10	 3.42307e+09	 3.42307e+09	 
 0.00195	 1.1617e+09	 1.0731e+10	 1.0731e+10	 1.09523e+10	 3.33737e+09	 3.33737e+09	 
   0.002	 1.1269e+09	 1.05543e+10	 1.05543e+10	 1.06668e+10	 3.24686e+09	 3.24686e+09	 
 0.00205	 1.09139e+09	 1.03621e+10	 1.03621e+10	 1.0367e+10	 3.15262e+09	 3.15262e+09	 
  0.0021	 1.05544e+09	 1.01555e+10	 1.01555e+10	 1.0055e+10	 3.05533e+09	 3.05533e+09	 
 0.00215	 1.01863e+09	 9.93483e+09	 9.93483e+09	 9.73042e+09	 2.95456e+09	 2.95456e+09	 
  0.0022	 9.8234e+08	 9.70472e+09	 9.70472e+09	 9.39952e+09	 2.8528e+09	 2.8528e+09	 
 0.00225	 9.46009e+08	 9.465e+09	 9.465e+09	 9.06137e+09	 2.7494e+09	 2.7494e+09	 
  0.0023	 9.09502e+08	 9.21696e+09	 9.21696e+09	 8.71703e+09	 2.64449e+09	 2.64449e+09	 
 0.00235	 8.73068e+08	 8.9611e+09	 8.9611e+09	 8.36832e+09	 2.53866e+09	 2.53866e+09	 
  0.0024	 8.37118e+08	 8.69933e+09	 8.69933e+09	 8.01825e+09	 2.43291e+09	 2.43291e+09	 
 0.00245	 8.02172e+08	 8.43627e+09	 8.43627e+09	 7.6691e+09	 2.32814e+09	 2.32814e+09	 
  0.0025	 7.6742e+08	 8.16748e+09	 8.16748e+09	 7.32018e+09	 2.22357e+09	 2.22357e+09	 
 0.00255	 7.33744e+08	 7.89814e+09	 7.89814e+09	 6.97614e+09	 2.12093e+09	 2.12093e+09	 
  0.0026	 7.00946e+08	 7.62833e+09	 7.62833e+09	 6.63645e+09	 2.01993e+09	 2.01993e+09	 
 0.00265	 6.6944e+08	 7.36121e+09	 7.36121e+09	 6.30412e+09	 1.92158e+09	 1.92158e+09	 
  0.0027	 6.38456e+08	 7.09365e+09	 7.09365e+09	 5.97684e+09	 1.82475e+09	 1.82475e+09	 
 0.00275	 6.08454e+08	 6.8286e+09	 6.8286e+09	 5.65704e+09	 1.73035e+09	 1.73035e+09	 
  0.0028	 5.79451e+08	 6.56726e+09	 6.56726e+09	 5.34582e+09	 1.63863e+09	 1.63863e+09	 
 0.00285	 5.50828e+08	 6.30687e+09	 6.30687e+09	 5.04112e+09	 1.54866e+09	 1.54866e+09	 
  0.0029	 5.23651e+08	 6.05225e+09	 6.05225e+09	 4.74809e+09	 1.4624e+09	 1.4624e+09	 
 0.00295	 4.9727e+08	 5.80148e+09	 5.80148e+09	 4.46447e+09	 1.37886e+09	 1.37886e+09	 
   0.003	 4.72055e+08	 5.55642e+09	 5.55642e+09	 4.19203e+09	 1.29871e+09	 1.29871e+09	 
 0.00305	 4.47752e+08	 5.31662e+09	 5.31662e+09	 3.93035e+09	 1.22165e+09	 1.22165e+09	 
  0.0031	 4.24126e+08	 5.08147e+09	 5.08147e+09	 3.6784e+09	 1.14729e+09	 1.14729e+09	 
 0.00315	 4.01662e+08	 4.85317e+09	 4.85317e+09	 3.43847e+09	 1.0765e+09	 1.0765e+09	 
  0.0032	 3.79944e+08	 4.63051e+09	 4.63051e+09	 3.20874e+09	 1.00856e+09	 1.00856e+09	 
 0.00325	 3.59431e+08	 4.41526e+09	 4.41526e+09	 2.99133e+09	 9.44292e+08	 9.44292e+08	 
  0.0033	 3.40262e+08	 4.20816e+09	 4.20816e+09	 2.78692e+09	 8.83958e+08	 8.83958e+08	 
 0.00335	 3.21749e+08	 4.00725e+09	 4.00725e+09	 2.59264e+09	 8.26385e+08	 8.26385e+08	 
  0.0034	 3.04086e+08	 3.81314e+09	 3.81314e+09	 2.40915e+09	 7.71872e+08	 7.71872e+08	 
 0.00345	 2.87496e+08	 3.6266e+09	 3.6266e+09	 2.237e+09	 7.20715e+08	 7.20715e+08	 
  0.0035	 2.71172e+08	 3.44514e+09	 3.44514e+09	 2.07337e+09	 6.71655e+08	 6.71655e+08	 
 0.00355	 2.55232e+08	 3.26915e+09	 3.26915e+09	 1.91845e+09	 6.24832e+08	 6.24832e+08	 
  0.0036	 2.40377e+08	 3.10088e+09	 3.10088e+09	 1.77441e+09	 5.81269e+08	 5.81269e+08	 
 0.00365	 2.26098e+08	 2.93855e+09	 2.93855e+09	 1.63923e+09	 5.40124e+08	 5.40124e+08	 
  0.0037	 2.12721e+08	 2.7834e+09	 2.7834e+09	 1.51349e+09	 5.01777e+08	 5.01777e+08	 
 0.00375	 2.00529e+08	 2.6365e+09	 2.6365e+09	 1.39781e+09	 4.66588e+08	 4.66588e+08	 
  0.0038	 1.88785e+08	 2.49523e+09	 2.49523e+09	 1.2893e+09	 4.33342e+08	 4.33342e+08	 
 0.00385	 1.77575e+08	 2.35997e+09	 2.35997e+09	 1.18796e+09	 4.02102e+08	 4.02102e+08	 
  0.0039	 1.66919e+08	 2.23071e+09	 2.23071e+09	 1.09353e+09	 3.72831e+08	 3.72831e+08	 
 0.00395	 1.56527e+08	 2.10639e+09	 2.10639e+09	 1.00474e+09	 3.45017e+08	 3.45017e+08	 
   0.004	 1.46866e+08	 1.9883e+09	 1.9883e+09	 9.23073e+08	 3.19354e+08	 3.19354e+08	 
 0.00405	 1.37757e+08	 1.87598e+09	 1.87598e+09	 8.47501e+08	 2.95476e+08	 2.95476e+08	 
  0.0041	 1.29173e+08	 1.76895e+09	 1.76895e+09	 7.77768e+08	 2.73303e+08	 2.73303e+08	 
 0.00415	 1.21273e+08	 1.6678e+09	 1.6678e+09	 7.14207e+08	 2.53035e+08	 2.53035e+08	 
  0.0042	 1.13797e+08	 1.57159e+09	 1.57159e+09	 6.55596e+08	 2.34195e+08	 2.34195e+08	 
 0.00425	 1.06599e+08	 1.47969e+09	 1.47969e+09	 6.00974e+08	 2.16459e+08	 2.16459e+08	 
  0.0043	 9.99366e+07	 1.39299e+09	 1.39299e+09	 5.51084e+08	 2.0019e+08	 2.0019e+08	 
 0.00435	 9.35672e+07	 1.31034e+09	 1.31034e+09	 5.04875e+08	 1.84968e+08	 1.84968e+08	 
  0.0044	 8.73298e+07	 1.23139e+09	 1.23139e+09	 4.61532e+08	 1.70485e+08	 1.70485e+08	 
 0.00445	 8.1545e+07	 1.15688e+09	 1.15688e+09	 4.21994e+08	 1.57199e+08	 1.57199e+08	 
  0.0045	 7.62648e+07	 1.0869e+09	 1.0869e+09	 3.86192e+08	 1.45137e+08	 1.45137e+08	 
 0.00455	 7.1242e+07	 1.02054e+09	 1.02054e+09	 3.53137e+08	 1.33885e+08	 1.33885e+08	 
  0.0046	 6.65669e+07	 9.5797e+08	 9.5797e+08	 3.22831e+08	 1.23514e+08	 1.23514e+08	 
 0.00465	 6.21938e+07	 8.98922e+08	 8.98922e+08	 2.95265e+08	 1.13987e+08	 1.13987e+08	 
  0.0047	 5.8246e+07	 8.43654e+08	 8.43654e+08	 2.70631e+08	 1.05442e+08	 1.05442e+08	 
 0.00475	 5.44698e+07	 7.91288e+08	 7.91288e+08	 2.47521e+08	 9.73695e+07	 9.73695e+07	 
  0.0048	 5.08172e+07	 7.41556e+08	 7.41556e+08	 2.26448e+08	 8.98459e+07	 8.98459e+07	 
 0.00485	 4.73108e+07	 6.94441e+08	 6.94441e+08	 2.06902e+08	 8.27751e+07	 8.27751e+07	 
  0.0049	 4.40734e+07	 6.50212e+08	 6.50212e+08	 1.85992e+08	 7.56106e+07	 7.56106e+07	 
 0.00495	 4.10329e+07	 6.08552e+08	 6.08552e+08	 1.70607e+08	 6.98267e+07	 6.98267e+07	 
   0.005	 3.81455e+07	 5.69233e+08	 5.69233e+08	 1.56309e+08	 6.44036e+07	 6.44036e+07	 
 0.00505	 3.54847e+07	 5.32398e+08	 5.32398e+08	 1.43255e+08	 5.94333e+07	 5.94333e+07	 
  0.0051	 3.30192e+07	 4.97847e+08	 4.97847e+08	 1.31358e+08	 5.4872e+07	 5.4872e+07	 
 0.00515	 3.08408e+07	 4.65795e+08	 4.65795e+08	 1.20818e+08	 5.08355e+07	 5.08355e+07	 
  0.0052	 2.8794e+07	 4.35665e+08	 4.35665e+08	 1.11004e+08	 4.70628e+07	 4.70628e+07	 
 0.00525	 2.68223e+07	 4.07184e+08	 4.07184e+08	 1.01926e+08	 4.35118e+07	 4.35118e+07	 
  0.0053	 2.49321e+07	 3.80312e+08	 3.80312e+08	 9.34495e+07	 4.0158e+07	 4.0158e+07	 
 0.00535	 2.31855e+07	 3.55159e+08	 3.55159e+08	 8.56499e+07	 3.70663e+07	 3.70663e+07	 
  0.0054	 2.153e+07	 3.31484e+08	 3.31484e+08	 7.85369e+07	 3.4198e+07	 3.4198e+07	 
 0.00545	 1.9951e+07	 3.0919e+08	 3.0919e+08	 7.18878e+07	 3.14924e+07	 3.14924e+07	 
  0.0055	 1.84895e+07	 2.88337e+08	 2.88337e+08	 6.5766e+07	 2.89953e+07	 2.89953e+07	 
 0.00555	 1.71603e+07	 2.68915e+08	 2.68915e+08	 6.0338e+07	 2.67552e+07	 2.67552e+07	 
  0.0056	 1.5964e+07	 2.50862e+08	 2.50862e+08	 5.54993e+07	 2.47495e+07	 2.47495e+07	 
 0.00565	 1.48257e+07	 2.339e+08	 2.339e+08	 5.09419e+07	 2.28514e+07	 2.28514e+07	 
  0.0057	 1.37778e+07	 2.18079e+08	 2.18079e+08	 4.68049e+07	 2.11171e+07	 2.11171e+07	 
 0.00575	 1.28042e+07	 2.03287e+08	 2.03287e+08	 4.30144e+07	 1.95175e+07	 1.95175e+07	 
  0.0058	 1.1914e+07	 1.89511e+08	 1.89511e+08	 3.95941e+07	 1.8065e+07	 1.8065e+07	 
 0.00585	 1.10534e+07	 1.76519e+08	 1.76519e+08	 3.6281e+07	 1.66595e+07	 1.66595e+07	 
  0.0059	 1.02181e+07	 1.64278e+08	 1.64278e+08	 3.3275e+07	 1.53418e+07	 1.53418e+07	 
 0.00595	 9.44913e+06	 1.5286e+08	 1.5286e+08	 3.05322e+07	 1.41342e+07	 1.41342e+07	 
   0.006	 8.75702e+06	 1.4228e+08	 1.4228e+08	 2.8066e+07	 1.30479e+07	 1.30479e+07	 
 0.00605	 8.1158e+06	 1.32397e+08	 1.32397e+08	 2.58363e+07	 1.20537e+07	 1.20537e+07	 
  0.0061	 7.5101e+06	 1.23147e+08	 1.23147e+08	 2.3763e+07	 1.11218e+07	 1.11218e+07	 
 0.00615	 6.94158e+06	 1.145e+08	 1.145e+08	 2.17543e+07	 1.02333e+07	 1.02333e+07	 
  0.0062	 6.43856e+06	 1.06519e+08	 1.06519e+08	 2.00747e+07	 9.46879e+06	 9.46879e+06	 
 0.00625	 5.98524e+06	 9.91253e+07	 9.91253e+07	 1.85558e+07	 8.77866e+06	 8.77866e+06	 
  0.0063	 5.55694e+06	 9.2207e+07	 9.2207e+07	 1.71347e+07	 8.12974e+06	 8.12974e+06	 
 0.00635	 5.13428e+06	 8.56758e+07	 8.56758e+07	 1.5773e+07	 7.49841e+06	 7.49841e+06	 
  0.0064	 4.75029e+06	 7.96153e+07	 7.96153e+07	 1.45526e+07	 6.92856e+06	 6.92856e+06	 
 0.00645	 4.38963e+06	 7.39537e+07	 7.39537e+07	 1.34077e+07	 6.39363e+06	 6.39363e+06	 
  0.0065	 4.06213e+06	 6.87024e+07	 6.87024e+07	 1.23993e+07	 5.91481e+06	 5.91481e+06	 
 0.00655	 3.75473e+06	 6.38005e+07	 6.38005e+07	 1.14665e+07	 5.46843e+06	 5.46843e+06	 
  0.0066	 3.45788e+06	 5.91983e+07	 5.91983e+07	 1.05722e+07	 5.03883e+06	 5.03883e+06	 
 0.00665	 3.19395e+06	 5.49525e+07	 5.49525e+07	 9.7871e+06	 4.65907e+06	 4.65907e+06	 
  0.0067	 2.95054e+06	 5.10064e+07	 5.10064e+07	 9.06708e+06	 4.30975e+06	 4.30975e+06	 
 0.00675	 2.73984e+06	 4.73856e+07	 4.73856e+07	 8.41782e+06	 4.0016e+06	 4.0016e+06	 
  0.0068	 2.53764e+06	 4.39961e+07	 4.39961e+07	 7.82875e+06	 3.71343e+06	 3.71343e+06	 
 0.00685	 2.34725e+06	 4.08323e+07	 4.08323e+07	 7.28552e+06	 3.44463e+06	 3.44463e+06	 
  0.0069	 2.16941e+06	 3.78858e+07	 3.78858e+07	 6.78207e+06	 3.19444e+06	 3.19444e+06	 
 0.00695	 2.00228e+06	 3.51373e+07	 3.51373e+07	 6.31925e+06	 2.96159e+06	 2.96159e+06	 
   0.007	 1.85004e+06	 3.2591e+07	 3.2591e+07	 5.90319e+06	 2.75073e+06	 2.75073e+06	 
 0.00705	 1.70421e+06	 3.0209e+07	 3.0209e+07	 5.51038e+06	 2.55002e+06	 2.55002e+06	 
  0.0071	 1.56824e+06	 2.79917e+07	 2.79917e+07	 5.139e+06	 2.36174e+06	 2.36174e+06	 
 0.00715	 1.44512e+06	 2.59415e+07	 2.59415e+07	 4.81574e+06	 2.19414e+06	 2.19414e+06	 
  0.0072	 1.33099e+06	 2.40363e+07	 2.40363e+07	 4.5242e+06	 2.04058e+06	 2.04058e+06	 
 0.00725	 1.23325e+06	 2.22936e+07	 2.22936e+07	 4.27461e+06	 1.9091e+06	 1.9091e+06	 
  0.0073	 1.14238e+06	 2.06755e+07	 2.06755e+07	 4.04613e+06	 1.78765e+06	 1.78765e+06	 
 0.00735	 1.05568e+06	 1.91636e+07	 1.91636e+07	 3.8311e+06	 1.67243e+06	 1.67243e+06	 
  0.0074	   974570	 1.77569e+07	 1.77569e+07	 3.62864e+06	 1.56436e+06	 1.56436e+06	 
 0.00745	   899162	 1.645e+07	 1.645e+07	 3.45132e+06	 1.4663e+06	 1.4663e+06	 
  0.0075	   828720	 1.5235e+07	 1.5235e+07	 3.28916e+06	 1.37548e+06	 1.37548e+06	 
 0.00755	   763432	 1.41063e+07	 1.41063e+07	 3.13734e+06	 1.29096e+06	 1.29096e+06	 
  0.0076	   700474	 1.30515e+07	 1.30515e+07	 2.99607e+06	 1.2106e+06	 1.2106e+06	 
 0.00765	   644745	 1.20806e+07	 1.20806e+07	 2.87436e+06	 1.14021e+06	 1.14021e+06	 
  0.0077	   592592	 1.11776e+07	 1.11776e+07	 2.76222e+06	 1.07473e+06	 1.07473e+06	 
 0.00775	   547537	 1.03513e+07	 1.03513e+07	 2.6676e+06	 1.01866e+06	 1.01866e+06	 
  0.0078	   506716	 9.59047e+06	 9.59047e+06	 2.58277e+06	   968056	   968056	 
 0.00785	   468137	 8.88047e+06	 8.88047e+06	 2.50384e+06	   920509	   920509	 
  0.0079	   431729	 8.21992e+06	 8.21992e+06	 2.43096e+06	   875998	   875998	 
 0.00795	   398000	 7.6071e+06	 7.6071e+06	 2.36431e+06	   834952	   834952	 
   0.008	   367234	 7.04039e+06	 7.04039e+06	 2.30417e+06	   797659	   797659	 
 0.00805	   337745	 6.51172e+06	 6.51172e+06	 2.24707e+06	   762034	   762034	 
  0.0081	   309603	 6.01887e+06	 6.01887e+06	 2.19297e+06	   728123	   728123	 
 0.00815	   284625	 5.56565e+06	 5.56565e+06	 2.14406e+06	   697828	   697828	 
  0.0082	   261169	 5.14456e+06	 5.14456e+06	 2.0993e+06	   669639	   669639	 
 0.00825	   240352	 4.75751e+06	 4.75751e+06	 2.05819e+06	   644311	   644311	 
  0.0083	   222103	 4.40245e+06	 4.40245e+06	 2.02242e+06	   622169	   622169	 
 0.00835	   205245	 4.07373e+06	 4.07373e+06	 1.98861e+06	   601545	   601545	 
  0.0084	   189613	 3.76891e+06	 3.76891e+06	 1.95672e+06	   582298	   582298	 
 0.00845	   174667	 3.48507e+06	 3.48507e+06	 1.92462e+06	   563542	   563542	 
  0.0085	   161067	 3.2229e+06	 3.2229e+06	 1.89234e+06	   545790	   545790	 
 0.00855	   148157	 2.97902e+06	 2.97902e+06	 1.86218e+06	   529048	   529048	 
  0.0086	   135497	 2.75092e+06	 2.75092e+06	 1.83036e+06	   512129	   512129	 
 0.00865	   124280	 2.54135e+06	 2.54135e+06	 1.79874e+06	   496377	   496377	 
  0.0087	   113815	 2.34693e+06	 2.34693e+06	 1.76861e+06	   481542	   481542	 
 0.00875	   104412	 2.16795e+06	 2.16795e+06	 1.73904e+06	   467660	   467660	 
  0.0088	    96266	 2.00418e+06	 2.00418e+06	 1.71052e+06	   454985	   454985	 
 0.00885	  89140.2	 1.85382e+06	 1.85382e+06	 1.68273e+06	   443267	   443267	 
  0.0089	  82052.7	 1.71319e+06	 1.71319e+06	 1.64787e+06	   430007	   430007	 
 0.00895	  75638.8	 1.58336e+06	 1.58336e+06	 1.61867e+06	   418530	   418530	 
   0.009	  69824.1	 1.46352e+06	 1.46352e+06	 1.58882e+06	   407374	   407374	 
 0.00905	  63930.2	 1.35106e+06	 1.35106e+06	 1.55818e+06	   395981	   395981	 
  0.0091	  58394.3	 1.24663e+06	 1.24663e+06	 1.52641e+06	   384616	   384616	 
 0.00915	  53608.4	 1.15111e+06	 1.15111e+06	 1.49497e+06	   373908	   373908	 
  0.0092	  48996.4	 1.06211e+06	 1.06211e+06	 1.46279e+06	   363169	   363169	 
 0.00925	  44797.9	   979977	   979977	 1.42829e+06	   352236	   352236	 
  0.0093	  40434.6	   902716	   902716	 1.39624e+06	   341722	   341722	 
 0.00935	  37463.2	   834459	   834459	 1.36311e+06	   332049	   332049	 
  0.0094	  34540.2	   770757	   770757	 1.3288e+06	   322151	   322151	 
 0.00945	  31839.2	   711837	   711837	 1.29623e+06	   312812	   312812	 
  0.0095	    29382	   657462	   657462	 1.26353e+06	   303633	   303633	 
 0.00955	  26975.8	   606755	   606755	 1.22903e+06	   294096	   294096	 
  0.0096	    24660	   559566	   559566	 1.19561e+06	   284868	   284868	 
 0.00965	  22569.7	   516099	   516099	 1.16245e+06	   275873	   275873	 
  0.0097	  20403.9	   475229	   475229	 1.1278e+06	   266488	   266488	 
 0.00975	  18628.4	   438096	   438096	 1.09379e+06	   257551	   257551	 
  0.0098	  16949.8	   403713	   403713	 1.06127e+06	   249018	   249018	 
 0.00985	  15441.3	   372119	   372119	 1.02914e+06	   240705	   240705	 
  0.0099	  14267.6	   343563	   343563	   997199	   232694	   232694	 
 0.00995	  13146.8	   317049	   317049	   965433	   224763	   224763	 
    0.01	  11959.5	   292123	   292123	   933783	   216807	   216807	 
 0.01005	  10989.6	   269450	   269450	   902651	   209134	   209134	 
  0.0101	    10055	   248374	   248374	   871431	   201470	   201470	 
 0.01015	  9024.28	   228417	   228417	   841083	   193924	   193924	 
  0.0102	  8120.48	   210120	   210120	   811034	   186544	   186544	 
 0.01025	  7399.67	   193555	   193555	   781281	   179371	   179371	 
  0.0103	  6791.58	   178450	   178450	   752618	   172529	   172529	 
 0.01035	  6284.45	   164676	   164676	   724465	   165878	   165878	 
  0.0104	  5811.52	   151950	   151950	   696791	   159361	   159361	 
 0.01045	  5328.42	   140064	   140064	   669580	   152938	   152938	 
  0.0105	   4926.8	   129217	   129217	   643300	   146786	   146786	 
 0.01055	  4471.44	   118948	   118948	   616635	   140506	   140506	 
  0.0106	  4096.75	   109604	   109604	   591530	   134636	   134636	 
 0.01065	  3725.52	   100903	   100903	   567049	   128907	   128907	 
  0.0107	  3351.02	  92775.9	  92775.9	   543177	   123311	   123311	 
 0.01075	  3047.41	  85400.1	  85400.1	   519748	   117868	   117868	 
  0.0108	  2769.09	    78604	    78604	   496859	   112566	   112566	 
 0.01085	  2521.91	  72368.2	  72368.2	   475005	   107517	   107517	 
  0.0109	   2287.8	  66599.9	  66599.9	   453526	   102562	   102562	 
 0.01095	  2114.97	  61407.5	  61407.5	   431933	  97629.1	  97629.1	 
   0.011	  1933.27	  56550.2	  56550.2	   412109	  93082.5	  93082.5	 
 0.01105	  1665.28	  51762.4	  51762.4	   392875	  88599.9	  88599.9	 
  0.0111	  1524.59	  47668.9	  47668.9	   374297	    84362	    84362	 
 0.01115	  1394.36	  43891.9	  43891.9	   356328	  80267.6	  80267.6	 
  0.0112	   1276.4	  40415.3	  40415.3	   338995	  76324.2	  76324.2	 
 0.01125	  1132.41	  37100.1	  37100.1	   322246	  72490.2	  72490.2	 
  0.0113	  979.978	  33983.7	  33983.7	   306132	  68790.8	  68790.8	 
 0.01135	   870.85	  31208.5	  31208.5	   290651	  65265.8	  65265.8	 
  0.0114	  789.972	  28711.6	  28711.6	   275786	  61899.5	  61899.5	 
 0.01145	  714.248	  26406.3	  26406.3	   261501	  58666.3	  58666.3	 
  0.0115	   662.44	  24335.6	  24335.6	   247792	  55579.4	  55579.4	 
 0.01155	  610.584	  22414.4	  22414.4	   234637	  52615.8	  52615.8	 
  0.0116	  558.665	  20629.9	  20629.9	   222024	  49772.7	  49772.7	 
 0.01165	  510.354	  18983.5	  18983.5	   209635	    46982	    46982	 
  0.0117	  468.262	  17474.5	  17474.5	   198125	  44391.5	  44391.5	 
 0.01175	  426.104	  16072.2	  16072.2	   187120	  41913.3	  41913.3	 
  0.0118	   387.88	  14783.1	  14783.1	   176340	  39487.9	  39487.9	 
 0.01185	  355.948	  13605.1	  13605.1	   166373	  37248.3	  37248.3	 
  0.0119	  330.641	  12533.6	  12533.6	   156874	  35117.6	  35117.6	 
 0.01195	  238.012	  11332.6	  11332.6	   147811	  33031.5	  33031.5	 
   0.012	   221.06	  10437.5	  10437.5	   139215	  31108.2	  31108.2	 
 0.01205	  204.102	  9608.42	  9608.42	   131050	  29280.7	  29280.7	 
  0.0121	  187.136	   8840.6	   8840.6	   123295	  27544.2	  27544.2	 
 0.01215	  114.085	   7954.3	   7954.3	   115919	  25848.3	  25848.3	 
  0.0122	  103.931	  7316.21	  7316.21	   108946	  24290.8	  24290.8	 
 0.01225	  93.7764	  6725.95	  6725.95	   102340	  22814.9	  22814.9	 
  0.0123	   68.984	  6133.96	  6133.96	  96082.4	  21405.1	  21405.1	 
 0.01235	   27.211	  5528.35	  5528.35	  90157.5	  20055.9	  20055.9	 
  0.0124	  25.0305	  5085.93	  5085.93	  84516.6	  18800.7	  18800.7	 
 0.01245	   23.568	  4680.49	  4680.49	  79245.3	  17628.2	  17628.2	 
  0.0125	  22.1056	  4306.91	  4306.91	    74270	  16521.5	  16521.5	 
 0.01255	  20.6431	  3962.59	  3962.59	  69577.1	  15477.5	  15477.5	 
  0.0126	  19.1807	  3645.33	  3645.33	  65154.2	  14493.5	  14493.5	 
 0.01265	  17.7182	  3353.02	  3353.02	  60986.6	  13566.2	  13566.2	 
  0.0127	  16.2557	   3083.5	   3083.5	  57063.3	  12693.2	  12693.2	 
 0.01275	  14.7932	  2835.21	  2835.21	    53373	    11872	    11872	 
  0.0128	  13.3306	  2606.32	  2606.32	  49902.2	  11099.6	  11099.6	 
 0.01285	  11.8681	  2395.31	  2395.31	    46641	  10373.8	  10373.8	 
  0.0129	 2.37268e-33	  2167.36	  2167.36	    43574	  9683.01	  9683.01	 
 0.01295	 2.37268e-33	  1992.75	  1992.75	  40698.1	  9043.92	  9043.92	 
   0.013	 2.37268e-33	  1832.11	  1832.11	    38001	  8444.58	  8444.58	 
 0.01305	 2.37268e-33	  1684.35	  1684.35	  35470.4	  7882.22	  7882.22	 
  0.0131	 2.37268e-33	  1548.46	  1548.46	  33098.9	  7355.23	  7355.23	 
 0.01315	 2.37268e-33	  1423.38	  1423.38	  30877.8	  6861.66	  6861.66	 
  0.0132	 2.37268e-33	  1308.38	  1308.38	  28798.6	  6399.61	  6399.61	 
 0.01325	 2.37268e-33	  1202.66	  1202.66	  26851.3	  5966.89	  5966.89	 
  0.0133	 2.37268e-33	  1105.35	  1105.35	  25029.8	  5562.12	  5562.12	 
 0.01335	 2.37268e-33	  1015.91	  1015.91	  23325.5	  5183.38	  5183.38	 
  0.0134	 2.37268e-33	  933.662	  933.662	  21733.4	  4829.58	  4829.58	 
 0.01345	 2.37268e-33	  858.027	  858.027	  20244.9	   4498.8	   4498.8	 
  0.0135	 2.37268e-33	  788.486	  788.486	    18855	  4189.95	  4189.95	 
 0.01355	 2.37268e-33	  724.548	  724.548	  17556.4	  3901.38	  3901.38	 
  0.0136	 2.37268e-33	  665.755	  665.755	  16344.1	  3631.98	  3631.98	 
 0.01365	 2.37268e-33	  611.707	  611.707	  15213.2	  3380.68	  3380.68	 
  0.0137	 2.37268e-33	  562.024	  562.024	  14157.6	  3146.09	  3146.09	 
 0.01375	 2.37268e-33	  516.348	  516.348	  13172.2	  2927.13	  2927.13	 
  0.0138	 2.37268e-33	  474.369	  474.369	  12253.6	  2722.99	  2722.99	 
 0.01385	 2.37268e-33	  435.777	  435.777	    11397	  2532.63	  2532.63	 
  0.0139	 2.37268e-33	  400.312	  400.312	  10598.2	  2355.13	  2355.13	 
 0.01395	 2.37268e-33	  367.715	  367.715	   9853.7	  2189.69	  2189.69	 
   0.014	 2.37268e-33	  337.765	  337.765	  9159.88	  2035.51	  2035.51	 
 0.01405	 2.37268e-33	  310.234	  310.234	   8513.3	  1891.82	  1891.82	 
  0.0141	 2.37268e-33	  284.932	  284.932	  7910.98	  1757.98	  1757.98	 
 0.01415	 2.37268e-33	  261.688	  261.688	  7349.85	  1633.28	  1633.28	 
  0.0142	 2.37268e-33	  240.333	  240.333	  6827.33	  1517.17	  1517.17	 
 0.01425	 2.37268e-33	  220.707	  220.707	  6340.57	     1409	     1409	 
  0.0143	 2.37268e-33	   202.67	   202.67	  5887.61	  1308.34	  1308.34	 
 0.01435	 2.37268e-33	  186.103	  186.103	  5465.84	  1214.62	  1214.62	 
  0.0144	 2.37268e-33	  170.884	  170.884	   5073.3	  1127.39	  1127.39	 
 0.01445	 2.37268e-33	  156.905	  156.905	  4708.01	  1046.21	  1046.21	 
  0.0145	 2.37268e-33	  144.065	  144.065	  4368.26	  970.712	  970.712	 
 0.01455	 2.37268e-33	  132.265	  132.265	  4052.18	  900.473	  900.473	 
  0.0146	 2.37268e-33	  121.435	  121.435	  3758.17	   835.14	   835.14	 
 0.01465	 2.37268e-33	  111.483	  111.483	  3484.89	   774.41	   774.41	 
  0.0147	 2.37268e-33	  102.342	  102.342	  3230.84	  717.956	  717.956	 
 0.01475	 2.37268e-33	  93.9478	  93.9478	  2994.67	  665.476	  665.476	 
  0.0148	 2.37268e-33	  86.2382	  86.2382	  2775.28	  616.722	  616.722	 
 0.01485	 2.37268e-33	  79.1587	  79.1587	  2571.55	  571.449	  571.449	 
  0.0149	 2.37268e-33	  72.6572	  72.6572	  2382.25	  529.382	  529.382	 
 0.01495	 2.37268e-33	  66.6874	  66.6874	  2206.51	   490.33	   490.33	 
   0.015	 2.37268e-33	  61.2067	  61.2067	  2043.35	  454.073	  454.073	 
 0.01505	 2.37268e-33	  56.1739	  56.1739	  1891.91	   420.42	   420.42	 
  0.0151	 2.37268e-33	  51.5531	  51.5531	  1751.45	  389.206	  389.206	 
 0.01515	 2.37268e-33	  47.3104	  47.3104	  1621.09	  360.239	  360.239	 
  0.0152	 2.37268e-33	  43.4156	  43.4156	  1500.23	  333.382	  333.382	 
 0.01525	 2.37268e-33	  39.8399	  39.8399	  1388.13	  308.471	  308.471	 
  0.0153	 2.37268e-33	  36.5573	  36.5573	  1284.29	  285.396	  285.396	 
 0.01535	 2.37268e-33	  33.5445	  33.5445	  1187.97	   263.99	   263.99	 
  0.0154	 2.37268e-33	  30.7789	  30.7789	  1098.73	  244.159	  244.159	 
 0.01545	 2.37268e-33	  28.2394	  28.2394	  1016.03	  225.781	  225.781	 
  0.0155	 2.37268e-33	  25.9097	  25.9097	  939.444	  208.763	  208.763	 
 0.01555	 2.37268e-33	  23.7704	  23.7704	  868.509	      193	      193	 
  0.0156	 2.37268e-33	   21.808	   21.808	  802.826	  178.404	  178.404	 
 0.01565	 2.37268e-33	  20.0066	  20.0066	  742.015	   164.89	   164.89	 
  0.0157	 2.37268e-33	  18.3532	  18.3532	   685.73	  152.383	  152.383	 
 0.01575	 2.37268e-33	  16.8361	  16.8361	  633.626	  140.804	  140.804	 
  0.0158	 2.37268e-33	  15.4438	  15.4438	  585.431	  130.094	  130.094	 
 0.01585	 2.37268e-33	  14.1657	  14.1657	  540.837	  120.185	  120.185	 
  0.0159	 2.37268e-33	  12.9936	  12.9936	  499.573	  111.015	  111.015	 
 0.01595	 2.37268e-33	  11.9177	  11.9177	  461.416	  102.536	  102.536	 
   0.016	 2.37268e-33	  10.9315	  10.9315	  426.121	  94.6925	  94.6925	 
 0.01605	 2.37268e-33	  10.0257	  10.0257	  393.489	  87.4411	  87.4411	 
  0.0161	 2.37268e-33	  9.19473	  9.19473	  363.324	  80.7379	  80.7379	 
 0.01615	 2.37268e-33	   8.4325	   8.4325	  335.441	  74.5416	  74.5416	 
  0.0162	 2.37268e-33	  7.73325	  7.73325	  309.654	  68.8112	  68.8112	 
 0.01625	 2.37268e-33	  7.09173	  7.09173	   285.84	  63.5193	  63.5193	 
  0.0163	 2.37268e-33	  6.50323	  6.50323	  263.827	  58.6275	  58.6275	 
 0.01635	 2.37268e-33	  5.96338	  5.96338	  243.478	  54.1057	  54.1057	 
  0.0164	 2.37268e-33	  5.46826	  5.46826	  224.684	  49.9292	  49.9292	 
 0.01645	 2.37268e-33	  5.01401	  5.01401	  207.332	  46.0733	  46.0733	 
  0.0165	 2.37268e-33	  4.59737	  4.59737	  191.288	  42.5079	  42.5079	 
 0.01655	 2.37268e-33	  4.21526	  4.21526	  176.476	  39.2166	  39.2166	 
  0.0166	 2.37268e-33	  3.86478	  3.86478	    162.8	  36.1773	  36.1773	 
 0.01665	 2.37268e-33	  3.54334	  3.54334	  150.171	  33.3711	  33.3711	 
  0.0167	 2.37268e-33	  3.24853	  3.24853	  138.517	  30.7813	  30.7813	 
 0.01675	 2.37268e-33	  2.97823	  2.97823	  127.751	  28.3888	  28.3888	 
  0.0168	 2.37268e-33	  2.73027	  2.73027	  117.811	    26.18	    26.18	 
 0.01685	 2.37268e-33	  2.50292	  2.50292	   108.64	  24.1419	  24.1419	 
  0.0169	 2.37268e-33	  2.29441	  2.29441	  100.174	  22.2605	  22.2605	 
 0.01695	 2.37268e-33	  2.10322	  2.10322	  92.3597	  20.5241	  20.5241	 
   0.017	 2.37268e-33	  1.92793	  1.92793	  85.1489	  18.9218	  18.9218	 
 0.01705	 2.37268e-33	  1.76718	  1.76718	  78.4969	  17.4436	  17.4436	 
  0.0171	 2.37268e-33	  1.61974	  1.61974	  72.3591	  16.0796	  16.0796	 
 0.01715	 2.37268e-33	  1.48461	  1.48461	  66.6948	  14.8209	  14.8209	 
  0.0172	 2.37268e-33	  1.36079	  1.36079	  61.4708	    13.66	    13.66	 
 0.01725	 2.37268e-33	   1.2472	   1.2472	  56.6525	  12.5893	  12.5893	 
  0.0173	 2.37268e-33	  1.14302	  1.14302	  52.2079	  11.6016	  11.6016	 
 0.01735	 2.37268e-33	  1.04755	  1.04755	  48.1086	  10.6907	  10.6907	 
  0.0174	 2.37268e-33	 0.960025	 0.960025	  44.3288	  9.85073	  9.85073	 
 0.01745	 2.37268e-33	 0.879795	 0.879795	  40.8424	  9.07599	  9.07599	 
  0.0175	 2.37268e-33	 0.806243	 0.806243	  37.6286	  8.36181	  8.36181	 
 0.01755	 2.37268e-33	 0.738828	 0.738828	  34.6651	  7.70327	  7.70327	 
  0.0176	 2.37268e-33	 0.677022	 0.677022	  31.9322	  7.09598	  7.09598	 
 0.01765	 2.37268e-33	 0.620382	 0.620382	   29.414	  6.53637	  6.53637	 
  0.0177	 2.37268e-33	 0.568461	 0.568461	  27.0918	  6.02033	  6.02033	 
 0.01775	 2.37268e-33	 0.520876	 0.520876	  24.9521	  5.54485	  5.54485	 
  0.0178	 2.37268e-33	 0.477259	 0.477259	  22.9802	  5.10665	  5.10665	 
 0.01785	 2.37268e-33	 0.437279	 0.437279	  21.1624	   4.7027	   4.7027	 
  0.0179	 2.37268e-33	 0.400644	 0.400644	  19.4864	  4.33026	  4.33026	 
 0.01795	 2.37268e-33	 0.367064	 0.367064	  17.9436	  3.98743	  3.98743	 
   0.018	 2.37268e-33	 0.336299	 0.336299	  16.5205	  3.67117	  3.67117	 
 0.01805	 2.37268e-33	 0.308091	 0.308091	  15.2108	  3.38013	  3.38013	 
  0.0181	 2.37268e-33	 0.282254	 0.282254	  14.0034	  3.11184	  3.11184	 
 0.01815	 2.37268e-33	 0.258573	 0.258573	   12.891	  2.86464	  2.86464	 
  0.0182	 2.37268e-33	 0.236875	 0.236875	  11.8663	  2.63694	  2.63694	 
 0.01825	 2.37268e-33	 0.216991	 0.216991	  10.9225	  2.42721	  2.42721	 
  0.0183	 2.37268e-33	 0.198771	 0.198771	  10.0534	  2.23405	  2.23405	 
 0.01835	 2.37268e-33	 0.182082	 0.182082	  9.25262	  2.05611	  2.05611	 
  0.0184	 2.37268e-33	 0.166779	 0.166779	  8.51539	  1.89229	  1.89229	 
 0.01845	 2.37268e-33	 0.152767	 0.152767	  7.83637	   1.7414	   1.7414	 
  0.0185	 2.37268e-33	 0.139927	 0.139927	  7.21112	  1.60245	  1.60245	 
 0.01855	 2.37268e-33	 0.128168	 0.128168	  6.63544	  1.47453	  1.47453	 
  0.0186	 2.37268e-33	 0.117384	 0.117384	  6.10539	  1.35674	  1.35674	 
 0.01865	 2.37268e-33	  0.10751	  0.10751	  5.61728	  1.24827	  1.24827	 
  0.0187	 2.37268e-33	 0.0984679	 0.0984679	  5.16801	  1.14843	  1.14843	 
 0.01875	 2.37268e-33	 0.0901812	 0.0901812	  4.75438	  1.05652	  1.05652	 
  0.0188	 2.37268e-33	  0.08259	  0.08259	  4.37368	 0.971918	 0.971918	 
 0.01885	 2.37268e-33	 0.0756363	 0.0756363	  4.02319	 0.894033	 0.894033	 
  0.0189	 2.37268e-33	 0.0692664	 0.0692664	   3.7007	 0.822369	 0.822369	 
 0.01895	 2.37268e-33	 0.0634318	 0.0634318	  3.40386	 0.756405	 0.756405	 
   0.019	 2.37268e-33	 0.0580872	 0.0580872	  3.13058	 0.695676	 0.695676	 
 0.01905	 2.37268e-33	 0.0531918	 0.0531918	  2.87924	 0.639824	 0.639824	 
  0.0191	 2.37268e-33	 0.0487083	 0.0487083	  2.64776	 0.588385	 0.588385	 
 0.01915	 2.37268e-33	 0.0446008	 0.0446008	  2.43491	 0.541084	 0.541084	 
  0.0192	 2.37268e-33	 0.0408391	 0.0408391	  2.23907	 0.497565	 0.497565	 
 0.01925	 2.37268e-33	 0.037394	 0.037394	  2.05877	 0.457499	 0.457499	 
  0.0193	 2.37268e-33	 0.0342387	 0.0342387	  1.89302	 0.420667	 0.420667	 
 0.01935	 2.37268e-33	 0.0313491	 0.0313491	  1.74047	 0.386767	 0.386767	 
  0.0194	 2.37268e-33	 0.0287029	 0.0287029	  1.60013	  0.35558	  0.35558	 
 0.01945	 2.37268e-33	 0.0262794	 0.0262794	  1.47113	 0.326914	 0.326914	 
  0.0195	 2.37268e-33	 0.0240604	 0.0240604	  1.35237	 0.300523	 0.300523	 
 0.01955	 2.37268e-33	 0.0220279	 0.0220279	   1.2431	 0.276242	 0.276242	 
  0.0196	 2.37268e-33	 0.0201667	 0.0201667	  1.14271	 0.253932	 0.253932	 
 0.01965	 2.37268e-33	 0.0184621	 0.0184621	  1.05034	 0.233406	 0.233406	 
  0.0197	 2.37268e-33	 0.0169017	 0.0169017	 0.965379	 0.214526	 0.214526	 
 0.01975	 2.37268e-33	 0.0154727	 0.0154727	 0.887266	 0.197168	 0.197168	 
  0.0198	 2.37268e-33	 0.014164	 0.014164	  0.81543	 0.181205	 0.181205	 
 0.01985	 2.37268e-33	 0.0129657	 0.0129657	 0.749377	 0.166526	 0.166526	 
  0.0199	 2.37268e-33	 0.0118686	 0.0118686	 0.688653	 0.153032	 0.153032	 
 0.01995	 2.37268e-33	 0.0108647	 0.0108647	 0.632824	 0.140626	 0.140626	 
    0.02	 2.37268e-33	 0.00994486	 0.00994486	 0.581484	 0.129217	 0.129217	 
 0.02005	 2.37268e-33	 0.00910299	 0.00910299	 0.534288	 0.118729	 0.118729	 
  0.0201	 2.37268e-33	 0.00833212	 0.00833212	 0.490903	 0.109088	 0.109088	 
 0.02015	 2.37268e-33	 0.00762637	 0.00762637	  0.45102	 0.100226	 0.100226	 
  0.0202	 2.37268e-33	 0.00698028	 0.00698028	 0.414368	 0.0920808	 0.0920808	 
 0.02025	 2.37268e-33	 0.00638883	 0.00638883	 0.380676	 0.0845937	 0.0845937	 
  0.0203	 2.37268e-33	 0.00584734	 0.00584734	  0.34971	 0.0777123	 0.0777123	 
 0.02035	 2.37268e-33	 0.00535167	 0.00535167	 0.321246	 0.0713873	 0.0713873	 
  0.0204	 2.37268e-33	 0.00489791	 0.00489791	 0.295089	 0.0655747	 0.0655747	 
 0.02045	 2.37268e-33	 0.00448256	 0.00448256	 0.271041	 0.0602307	 0.0602307	 
  0.0205	 2.37268e-33	 0.00410232	 0.00410232	 0.248954	 0.0553225	 0.0553225	 
 0.02055	 2.37268e-33	 0.00375436	 0.00375436	 0.228655	 0.0508116	 0.0508116	 
  0.0206	 2.37268e-33	 0.00343569	 0.00343569	 0.209996	 0.0466652	 0.0466652	 
 0.02065	 2.37268e-33	 0.00314411	 0.00314411	 0.192866	 0.0428587	 0.0428587	 
  0.0207	 2.37268e-33	 0.00287719	 0.00287719	 0.177118	 0.0393591	 0.0393591	 
 0.02075	 2.37268e-33	 0.00263293	 0.00263293	 0.162652	 0.0361445	 0.0361445	 
  0.0208	 2.37268e-33	 0.00240934	 0.00240934	 0.149358	 0.0331902	 0.0331902	 
 0.02085	 2.37268e-33	 0.0022047	 0.0022047	 0.137148	 0.0304771	 0.0304771	 
  0.0209	 2.37268e-33	 0.00201733	 0.00201733	 0.125926	 0.0279832	 0.0279832	 
 0.02095	 2.37268e-33	 0.00184598	 0.00184598	 0.115622	 0.0256936	 0.0256936	 
   0.021	 2.37268e-33	 0.00168909	 0.00168909	 0.106157	 0.0235902	 0.0235902	 
 0.02105	 2.37268e-33	 0.00154544	 0.00154544	 0.0974629	 0.0216582	 0.0216582	 
  0.0211	 2.37268e-33	 0.00141404	 0.00141404	 0.0894776	 0.0198837	 0.0198837	 
 0.02115	 2.37268e-33	 0.00129384	 0.00129384	 0.0821436	 0.0182539	 0.0182539	 
  0.0212	 2.37268e-33	 0.00118379	 0.00118379	 0.0754088	 0.0167573	 0.0167573	 
 0.02125	 2.37268e-33	 0.00108307	 0.00108307	 0.0692229	 0.0153827	 0.0153827	 
  0.0213	 2.37268e-33	 0.000990914	 0.000990914	 0.0635414	 0.0141201	 0.0141201	 
 0.02135	 2.37268e-33	 0.000906585	 0.000906585	 0.0583248	 0.0129609	 0.0129609	 
  0.0214	 2.37268e-33	 0.000829418	 0.000829418	 0.0535349	 0.0118965	 0.0118965	 
 0.02145	 2.37268e-33	 0.000758806	 0.000758806	 0.0491359	 0.010919	 0.010919	 
  0.0215	 2.37268e-33	 0.000694196	 0.000694196	 0.0450971	 0.0100215	 0.0100215	 
 0.02155	 2.37268e-33	 0.000635074	 0.000635074	 0.0413887	 0.00919739	 0.00919739	 
  0.0216	 2.37268e-33	 0.000580978	 0.000580978	 0.0379838	 0.00844074	 0.00844074	 
 0.02165	 2.37268e-33	 0.000531484	 0.000531484	 0.0348575	 0.00774602	 0.00774602	 
  0.0217	 2.37268e-33	 0.000486195	 0.000486195	 0.0319877	 0.00710831	 0.00710831	 
 0.02175	 2.37268e-33	 0.000444758	 0.000444758	 0.0293535	 0.00652294	 0.00652294	 
  0.0218	 2.37268e-33	 0.000406852	 0.000406852	 0.0269352	 0.00598553	 0.00598553	 
 0.02185	 2.37268e-33	 0.000372168	 0.000372168	 0.0247153	 0.00549224	 0.00549224	 
  0.0219	 2.37268e-33	 0.000340433	 0.000340433	 0.022678	 0.00503951	 0.00503951	 
 0.02195	 2.37268e-33	 0.000311405	 0.000311405	 0.0208072	 0.00462377	 0.00462377	 
   0.022	 2.37268e-33	 0.000284837	 0.000284837	 0.0190905	 0.00424229	 0.00424229	 
 0.02205	 2.37268e-33	 0.000260545	 0.000260545	 0.0175145	 0.00389206	 0.00389206	 
  0.0221	 2.37268e-33	 0.000238311	 0.000238311	 0.0160679	 0.0035706	 0.0035706	 
 0.02215	 2.37268e-33	 0.000217973	 0.000217973	 0.0147409	 0.00327572	 0.00327572	 
  0.0222	 2.37268e-33	 0.000199369	 0.000199369	 0.0135225	 0.00300496	 0.00300496	 
 0.02225	 2.37268e-33	 0.000182352	 0.000182352	 0.0124052	 0.00275667	 0.00275667	 
  0.0223	 2.37268e-33	 0.000166788	 0.000166788	 0.0113792	 0.00252869	 0.00252869	 
 0.02235	 2.37268e-33	 0.000152541	 0.000152541	 0.0104379	 0.0023195	 0.0023195	 
  0.0224	 2.37268e-33	 0.000139516	 0.000139516	 0.00957412	 0.00212756	 0.00212756	 
 0.02245	 2.37268e-33	 0.000127596	 0.000127596	 0.00878152	 0.00195143	 0.00195143	 
  0.0225	 2.37268e-33	 0.000116699	 0.000116699	 0.0080544	 0.00178985	 0.00178985	 
 0.02255	 2.37268e-33	 0.000106734	 0.000106734	 0.00738723	 0.00164159	 0.00164159	 
  0.0226	 2.37268e-33	 9.76102e-05	 9.76102e-05	 0.00677504	 0.00150555	 0.00150555	 
 0.02265	 2.37268e-33	 8.92682e-05	 8.92682e-05	 0.00621343	 0.00138075	 0.00138075	 
  0.0227	 2.37268e-33	 8.16388e-05	 8.16388e-05	 0.00569818	 0.00126625	 0.00126625	 
 0.02275	 2.37268e-33	 7.46594e-05	 7.46594e-05	 0.0052256	 0.00116123	 0.00116123	 
  0.0228	 2.37268e-33	 6.82775e-05	 6.82775e-05	 0.004792	 0.00106488	 0.00106488	 
 0.02285	 2.37268e-33	 6.24393e-05	 6.24393e-05	 0.00439415	 0.000976467	 0.000976467	 
  0.0229	 2.37268e-33	 5.70999e-05	 5.70999e-05	 0.00402936	 0.000895403	 0.000895403	 
 0.02295	 2.37268e-33	 5.22161e-05	 5.22161e-05	 0.00369466	 0.000821026	 0.000821026	 
   0.023	 2.37268e-33	 4.77506e-05	 4.77506e-05	 0.00338771	 0.000752815	 0.000752815	 
 0.02305	 2.37268e-33	 4.36655e-05	 4.36655e-05	 0.00310616	 0.00069025	 0.00069025	 
  0.0231	 2.37268e-33	 3.99297e-05	 3.99297e-05	 0.00284779	 0.000632836	 0.000632836	 
 0.02315	 2.37268e-33	 3.65138e-05	 3.65138e-05	 0.00261101	 0.000580219	 0.000580219	 
  0.0232	 2.37268e-33	 3.3389e-05	 3.3389e-05	 0.00239384	 0.000531958	 0.000531958	 
 0.02325	 2.37268e-33	 3.05321e-05	 3.05321e-05	 0.00219455	 0.000487672	 0.000487672	 
  0.0233	 2.37268e-33	 2.79181e-05	 2.79181e-05	 0.00201191	 0.000447085	 0.000447085	 
 0.02335	 2.37268e-33	 2.55288e-05	 2.55288e-05	 0.00184431	 0.000409842	 0.000409842	 
  0.0234	 2.37268e-33	 2.33504e-05	 2.33504e-05	 0.00169065	 0.000375695	 0.000375695	 
 0.02345	 2.37268e-33	 2.13534e-05	 2.13534e-05	 0.00154981	 0.000344399	 0.000344399	 
  0.0235	 2.37268e-33	 1.95269e-05	 1.95269e-05	 0.00142069	 0.000315706	 0.000315706	 
 0.02355	 2.37268e-33	 1.78579e-05	 1.78579e-05	 0.00130218	 0.000289369	 0.000289369	 
  0.0236	 2.37268e-33	 1.63305e-05	 1.63305e-05	 0.00119359	 0.000265239	 0.000265239	 
 0.02365	 2.37268e-33	 1.49346e-05	 1.49346e-05	 0.00109401	 0.00024311	 0.00024311	 
  0.0237	 2.37268e-33	 1.36589e-05	 1.36589e-05	 0.00100272	 0.000222825	 0.000222825	 
 0.02375	 2.37268e-33	 1.24917e-05	 1.24917e-05	 0.00091901	 0.000204222	 0.000204222	 
  0.0238	 2.37268e-33	 1.14249e-05	 1.14249e-05	 0.000842278	 0.000187171	 0.000187171	 
 0.02385	 2.37268e-33	 1.04493e-05	 1.04493e-05	 0.000771921	 0.000171536	 0.000171536	 
  0.0239	 2.37268e-33	 9.55759e-06	 9.55759e-06	 0.000707423	 0.000157203	 0.000157203	 
 0.02395	 2.37268e-33	 8.74245e-06	 8.74245e-06	 0.000648301	 0.000144065	 0.000144065	 
   0.024	 2.37268e-33	 7.99714e-06	 7.99714e-06	 0.0005941	 0.000132021	 0.000132021	 
 0.02405	 2.37268e-33	 7.31579e-06	 7.31579e-06	 0.000544426	 0.000120982	 0.000120982	 
  0.0241	 2.37268e-33	 6.69298e-06	 6.69298e-06	 0.000498882	 0.000110861	 0.000110861	 
 0.02415	 2.37268e-33	 6.12366e-06	 6.12366e-06	 0.000457137	 0.000101585	 0.000101585	 
  0.0242	 2.37268e-33	 5.60314e-06	 5.60314e-06	 0.000418882	 9.30838e-05	 9.30838e-05	 
 0.02425	 2.37268e-33	 5.12736e-06	 5.12736e-06	 0.000383809	 8.52898e-05	 8.52898e-05	 
  0.0243	 2.37268e-33	 4.69243e-06	 4.69243e-06	 0.00035167	 7.81481e-05	 7.81481e-05	 
 0.02435	 2.37268e-33	 4.29483e-06	 4.29483e-06	 0.000322208	 7.1601e-05	 7.1601e-05	 
  0.0244	 2.37268e-33	 3.93146e-06	 3.93146e-06	 0.000295213	 6.56021e-05	 6.56021e-05	 
 0.02445	 2.37268e-33	 3.59921e-06	 3.59921e-06	 0.000270474	 6.01046e-05	 6.01046e-05	 
  0.0245	 2.37268e-33	 3.29547e-06	 3.29547e-06	 0.000247795	 5.50649e-05	 5.50649e-05	 
 0.02455	 2.37268e-33	 3.01792e-06	 3.01792e-06	 0.000227015	 5.04471e-05	 5.04471e-05	 
  0.0246	 2.37268e-33	 2.76407e-06	 2.76407e-06	 0.000207973	 4.62158e-05	 4.62158e-05	 
 0.02465	 2.37268e-33	 2.53208e-06	 2.53208e-06	 0.000190523	 4.2338e-05	 4.2338e-05	 
  0.0247	 2.37268e-33	 2.31999e-06	 2.31999e-06	 0.000174528	 3.87835e-05	 3.87835e-05	 
 0.02475	 2.37268e-33	 2.12598e-06	 2.12598e-06	 0.000159877	 3.55278e-05	 3.55278e-05	 
  0.0248	 2.37268e-33	 1.94872e-06	 1.94872e-06	 0.000146459	 3.25462e-05	 3.25462e-05	 
 0.02485	 2.37268e-33	 1.78654e-06	 1.78654e-06	 0.000134152	 2.98112e-05	 2.98112e-05	 
  0.0249	 2.37268e-33	 1.63831e-06	 1.63831e-06	 0.000122882	 2.73069e-05	 2.73069e-05	 
 0.02495	 2.37268e-33	 1.50433e-06	 1.50433e-06	 0.000112555	 2.5012e-05	 2.5012e-05	 
   0.025	 2.37268e-33	 1.38066e-06	 1.38066e-06	 0.000103095	 2.29098e-05	 2.29098e-05	 
       0	        0	        0	        0	        0	        0	        0	 
