       0	        0	        0	        0	        0	        0	        0	 
   5e-05	   128156	   143145	   143145	  8259.26	   157788	   157788	 
  0.0001	 1.16637e+07	 1.2958e+07	 1.2958e+07	 1.31052e+06	 2.13409e+07	 2.13409e+07	 
 0.00015	 1.64946e+08	 1.82551e+08	 1.82551e+08	 2.41241e+07	 3.24074e+08	 3.24074e+08	 
  0.0002	 1.02286e+09	 1.12868e+09	 1.12868e+09	 1.76346e+08	 1.99045e+09	 1.99045e+09	 
 0.00025	 2.88875e+09	 3.17717e+09	 3.17717e+09	 5.81657e+08	 5.74862e+09	 5.74862e+09	 
  0.0003	 5.73468e+09	 6.28636e+09	 6.28636e+09	 1.3217e+09	 1.15588e+10	 1.15588e+10	 
 0.00035	 1.00792e+10	 1.10176e+10	 1.10176e+10	 2.57338e+09	 2.00523e+10	 2.00523e+10	 
  0.0004	 1.58814e+10	 1.73231e+10	 1.73231e+10	 4.34853e+09	 3.08923e+10	 3.08923e+10	 
 0.00045	 2.21423e+10	 2.41215e+10	 2.41215e+10	 6.31038e+09	 4.23871e+10	 4.23871e+10	 
  0.0005	 2.84675e+10	 3.09804e+10	 3.09804e+10	 8.36657e+09	 5.38576e+10	 5.38576e+10	 
 0.00055	 3.47196e+10	 3.77485e+10	 3.77485e+10	 1.04904e+10	 6.4946e+10	 6.4946e+10	 
  0.0006	 4.06191e+10	 4.41159e+10	 4.41159e+10	 1.26474e+10	 7.51571e+10	 7.51571e+10	 
 0.00065	 4.62197e+10	 5.01451e+10	 5.01451e+10	 1.48195e+10	 8.43756e+10	 8.43756e+10	 
  0.0007	 5.14628e+10	 5.5774e+10	 5.5774e+10	 1.69764e+10	 9.23505e+10	 9.23505e+10	 
 0.00075	 5.61848e+10	 6.08292e+10	 6.08292e+10	 1.90334e+10	 9.88406e+10	 9.88406e+10	 
  0.0008	 6.0366e+10	 6.5298e+10	 6.5298e+10	 2.09139e+10	 1.0398e+11	 1.0398e+11	 
 0.00085	 6.39669e+10	 6.91404e+10	 6.91404e+10	 2.25826e+10	 1.07783e+11	 1.07783e+11	 
  0.0009	 6.69481e+10	 7.23133e+10	 7.23133e+10	 2.40308e+10	 1.10318e+11	 1.10318e+11	 
 0.00095	 6.93965e+10	 7.49152e+10	 7.49152e+10	 2.52517e+10	 1.11777e+11	 1.11777e+11	 
   0.001	 7.13082e+10	 7.69401e+10	 7.69401e+10	 2.62579e+10	 1.12238e+11	 1.12238e+11	 
 0.00105	 7.26907e+10	 7.83982e+10	 7.83982e+10	 2.70352e+10	 1.11794e+11	 1.11794e+11	 
  0.0011	 7.36107e+10	 7.93619e+10	 7.93619e+10	 2.76058e+10	 1.10607e+11	 1.10607e+11	 
 0.00115	 7.40601e+10	 7.9822e+10	 7.9822e+10	 2.79696e+10	 1.08773e+11	 1.08773e+11	 
  0.0012	 7.40823e+10	 7.98251e+10	 7.98251e+10	 2.8144e+10	 1.06392e+11	 1.06392e+11	 
 0.00125	 7.37131e+10	 7.94101e+10	 7.94101e+10	 2.81425e+10	 1.03602e+11	 1.03602e+11	 
  0.0013	 7.29669e+10	 7.85934e+10	 7.85934e+10	 2.79591e+10	 1.00437e+11	 1.00437e+11	 
 0.00135	 7.18451e+10	 7.73739e+10	 7.73739e+10	 2.76195e+10	 9.6933e+10	 9.6933e+10	 
  0.0014	 7.04043e+10	 7.5812e+10	 7.5812e+10	 2.71473e+10	 9.31711e+10	 9.31711e+10	 
 0.00145	 6.86693e+10	 7.39352e+10	 7.39352e+10	 2.6546e+10	 8.92297e+10	 8.92297e+10	 
  0.0015	 6.6675e+10	 7.17812e+10	 7.17812e+10	 2.583e+10	 8.51426e+10	 8.51426e+10	 
 0.00155	 6.4441e+10	 6.93706e+10	 6.93706e+10	 2.50084e+10	 8.09557e+10	 8.09557e+10	 
  0.0016	 6.20164e+10	 6.67554e+10	 6.67554e+10	 2.41082e+10	 7.67329e+10	 7.67329e+10	 
 0.00165	 5.94219e+10	 6.3958e+10	 6.3958e+10	 2.31367e+10	 7.25002e+10	 7.25002e+10	 
  0.0017	 5.67142e+10	 6.10393e+10	 6.10393e+10	 2.21166e+10	 6.82914e+10	 6.82914e+10	 
 0.00175	 5.39335e+10	 5.80433e+10	 5.80433e+10	 2.10587e+10	 6.41464e+10	 6.41464e+10	 
  0.0018	 5.10962e+10	 5.49865e+10	 5.49865e+10	 1.99773e+10	 6.0097e+10	 6.0097e+10	 
 0.00185	 4.82439e+10	 5.19136e+10	 5.19136e+10	 1.88895e+10	 5.61824e+10	 5.61824e+10	 
  0.0019	 4.53923e+10	 4.88418e+10	 4.88418e+10	 1.77986e+10	 5.23865e+10	 5.23865e+10	 
 0.00195	 4.25605e+10	 4.57914e+10	 4.57914e+10	 1.67166e+10	 4.87445e+10	 4.87445e+10	 
   0.002	 3.9795e+10	 4.28129e+10	 4.28129e+10	 1.56545e+10	 4.52517e+10	 4.52517e+10	 
 0.00205	 3.71054e+10	 3.99166e+10	 3.99166e+10	 1.46186e+10	 4.19267e+10	 4.19267e+10	 
  0.0021	 3.45048e+10	 3.71161e+10	 3.71161e+10	 1.36162e+10	 3.87639e+10	 3.87639e+10	 
 0.00215	 3.20032e+10	 3.44227e+10	 3.44227e+10	 1.26495e+10	 3.57479e+10	 3.57479e+10	 
  0.0022	 2.96233e+10	 3.18605e+10	 3.18605e+10	 1.1727e+10	 3.29047e+10	 3.29047e+10	 
 0.00225	 2.73734e+10	 2.94386e+10	 2.94386e+10	 1.08531e+10	 3.02571e+10	 3.02571e+10	 
  0.0023	 2.52222e+10	 2.71232e+10	 2.71232e+10	 1.00158e+10	 2.77438e+10	 2.77438e+10	 
 0.00235	 2.31976e+10	 2.49442e+10	 2.49442e+10	 9.2267e+09	 2.54152e+10	 2.54152e+10	 
  0.0024	 2.1313e+10	 2.29159e+10	 2.29159e+10	 8.49074e+09	 2.32779e+10	 2.32779e+10	 
 0.00245	 1.95407e+10	 2.10088e+10	 2.10088e+10	 7.79748e+09	 2.12857e+10	 2.12857e+10	 
  0.0025	 1.78548e+10	 1.91947e+10	 1.91947e+10	 7.13675e+09	 1.9398e+10	 1.9398e+10	 
 0.00255	 1.63016e+10	 1.75236e+10	 1.75236e+10	 6.52657e+09	 1.76701e+10	 1.76701e+10	 
  0.0026	 1.48521e+10	 1.59642e+10	 1.59642e+10	 5.95605e+09	 1.60663e+10	 1.60663e+10	 
 0.00265	 1.3504e+10	 1.4514e+10	 1.4514e+10	 5.42436e+09	 1.45808e+10	 1.45808e+10	 
  0.0027	 1.22742e+10	 1.31913e+10	 1.31913e+10	 4.93849e+09	 1.32361e+10	 1.32361e+10	 
 0.00275	 1.11639e+10	 1.19971e+10	 1.19971e+10	 4.49881e+09	 1.20297e+10	 1.20297e+10	 
  0.0028	 1.0119e+10	 1.08734e+10	 1.08734e+10	 4.08452e+09	 1.08976e+10	 1.08976e+10	 
 0.00285	 9.14569e+09	 9.82673e+09	 9.82673e+09	 3.69787e+09	 9.84474e+09	 9.84474e+09	 
  0.0029	 8.28533e+09	 8.90166e+09	 8.90166e+09	 3.35515e+09	 8.91603e+09	 8.91603e+09	 
 0.00295	 7.45846e+09	 8.01265e+09	 8.01265e+09	 3.02541e+09	 8.02409e+09	 8.02409e+09	 
   0.003	 6.72513e+09	 7.22429e+09	 7.22429e+09	 2.73228e+09	 7.23444e+09	 7.23444e+09	 
 0.00305	 6.06164e+09	 6.51106e+09	 6.51106e+09	 2.46663e+09	 6.52075e+09	 6.52075e+09	 
  0.0031	 5.46445e+09	 5.86917e+09	 5.86917e+09	 2.22704e+09	 5.87916e+09	 5.87916e+09	 
 0.00315	 4.91577e+09	 5.27946e+09	 5.27946e+09	 2.00655e+09	 5.29016e+09	 5.29016e+09	 
  0.0032	 4.42684e+09	 4.75403e+09	 4.75403e+09	 1.80962e+09	 4.76564e+09	 4.76564e+09	 
 0.00325	 3.97138e+09	 4.2646e+09	 4.2646e+09	 1.6259e+09	 4.27729e+09	 4.27729e+09	 
  0.0033	 3.54671e+09	 3.80828e+09	 3.80828e+09	 1.45439e+09	 3.82205e+09	 3.82205e+09	 
 0.00335	 3.17744e+09	 3.41153e+09	 3.41153e+09	 1.30492e+09	 3.42618e+09	 3.42618e+09	 
  0.0034	 2.84349e+09	 3.05276e+09	 3.05276e+09	 1.16952e+09	 3.06812e+09	 3.06812e+09	 
 0.00345	 2.55097e+09	 2.73853e+09	 2.73853e+09	 1.05067e+09	 2.75432e+09	 2.75432e+09	 
  0.0035	 2.28593e+09	 2.45383e+09	 2.45383e+09	 9.42816e+08	 2.4699e+09	 2.4699e+09	 
 0.00355	 2.04941e+09	 2.19981e+09	 2.19981e+09	 8.4638e+08	 2.21612e+09	 2.21612e+09	 
  0.0036	 1.81666e+09	 1.94982e+09	 1.94982e+09	 7.51448e+08	 1.96644e+09	 1.96644e+09	 
 0.00365	 1.62081e+09	 1.7395e+09	 1.7395e+09	 6.71366e+08	 1.75622e+09	 1.75622e+09	 
  0.0037	 1.442e+09	 1.54749e+09	 1.54749e+09	 5.98158e+08	 1.56407e+09	 1.56407e+09	 
 0.00375	 1.28749e+09	 1.38159e+09	 1.38159e+09	 5.3477e+08	 1.39777e+09	 1.39777e+09	 
  0.0038	 1.14882e+09	 1.23271e+09	 1.23271e+09	 4.77797e+08	 1.24837e+09	 1.24837e+09	 
 0.00385	 1.03029e+09	 1.10546e+09	 1.10546e+09	 4.28983e+08	 1.12052e+09	 1.12052e+09	 
  0.0039	 9.13521e+08	 9.80107e+08	 9.80107e+08	 3.80886e+08	 9.94635e+08	 9.94635e+08	 
 0.00395	 8.10369e+08	 8.6938e+08	 8.6938e+08	 3.38329e+08	 8.83405e+08	 8.83405e+08	 
   0.004	 7.1742e+08	 7.69611e+08	 7.69611e+08	 2.99932e+08	 7.83026e+08	 7.83026e+08	 
 0.00405	 6.36848e+08	 6.83135e+08	 6.83135e+08	 2.66588e+08	 6.95911e+08	 6.95911e+08	 
  0.0041	 5.66161e+08	 6.07274e+08	 6.07274e+08	 2.37287e+08	 6.19311e+08	 6.19311e+08	 
 0.00415	 5.06597e+08	 5.43358e+08	 5.43358e+08	 2.12544e+08	 5.54635e+08	 5.54635e+08	 
  0.0042	 4.50328e+08	 4.82978e+08	 4.82978e+08	 1.89151e+08	 4.93543e+08	 4.93543e+08	 
 0.00425	 3.97279e+08	 4.26056e+08	 4.26056e+08	 1.67083e+08	 4.35973e+08	 4.35973e+08	 
  0.0043	 3.50921e+08	 3.76317e+08	 3.76317e+08	 1.4777e+08	 3.85588e+08	 3.85588e+08	 
 0.00435	 3.10397e+08	 3.32841e+08	 3.32841e+08	 1.30862e+08	 3.41492e+08	 3.41492e+08	 
  0.0044	 2.74378e+08	 2.94201e+08	 2.94201e+08	 1.15814e+08	 3.02231e+08	 3.02231e+08	 
 0.00445	 2.4484e+08	 2.62516e+08	 2.62516e+08	 1.03447e+08	 2.69947e+08	 2.69947e+08	 
  0.0045	 2.17966e+08	 2.33691e+08	 2.33691e+08	 9.2182e+07	 2.40537e+08	 2.40537e+08	 
 0.00455	 1.92588e+08	 2.06471e+08	 2.06471e+08	 8.15386e+07	 2.12768e+08	 2.12768e+08	 
  0.0046	 1.69702e+08	 1.81924e+08	 1.81924e+08	 7.193e+07	 1.87726e+08	 1.87726e+08	 
 0.00465	 1.49301e+08	 1.60045e+08	 1.60045e+08	 6.33557e+07	 1.65372e+08	 1.65372e+08	 
  0.0047	 1.31555e+08	 1.41014e+08	 1.41014e+08	 5.58869e+07	 1.45895e+08	 1.45895e+08	 
 0.00475	 1.16497e+08	 1.24868e+08	 1.24868e+08	 4.95399e+07	 1.29333e+08	 1.29333e+08	 
  0.0048	 1.03822e+08	 1.11278e+08	 1.11278e+08	 4.41872e+07	 1.15354e+08	 1.15354e+08	 
 0.00485	 9.21009e+07	 9.87099e+07	 9.87099e+07	 3.92336e+07	 1.0243e+08	 1.0243e+08	 
  0.0049	 8.08213e+07	 8.66164e+07	 8.66164e+07	 3.44653e+07	 8.99968e+07	 8.99968e+07	 
 0.00495	 7.10189e+07	 7.61073e+07	 7.61073e+07	 3.03163e+07	 7.91518e+07	 7.91518e+07	 
   0.005	 6.25526e+07	 6.70311e+07	 6.70311e+07	 2.67286e+07	 6.98085e+07	 6.98085e+07	 
 0.00505	 5.50159e+07	 5.89518e+07	 5.89518e+07	 2.35317e+07	 6.14759e+07	 6.14759e+07	 
  0.0051	 4.88137e+07	 5.23037e+07	 5.23037e+07	 2.08963e+07	 5.4598e+07	 5.4598e+07	 
 0.00515	 4.34349e+07	 4.65386e+07	 4.65386e+07	 1.86079e+07	 4.86212e+07	 4.86212e+07	 
  0.0052	 3.82541e+07	 4.09858e+07	 4.09858e+07	 1.64028e+07	 4.28686e+07	 4.28686e+07	 
 0.00525	 3.34517e+07	 3.58387e+07	 3.58387e+07	 1.43578e+07	 3.75255e+07	 3.75255e+07	 
  0.0053	 2.94189e+07	 3.15167e+07	 3.15167e+07	 1.26383e+07	 3.30363e+07	 3.30363e+07	 
 0.00535	 2.58273e+07	 2.76677e+07	 2.76677e+07	 1.11055e+07	 2.90283e+07	 2.90283e+07	 
  0.0054	 2.27577e+07	 2.43783e+07	 2.43783e+07	 9.79398e+06	 2.56071e+07	 2.56071e+07	 
 0.00545	 2.02554e+07	 2.1697e+07	 2.1697e+07	 8.72307e+06	 2.2795e+07	 2.2795e+07	 
  0.0055	 1.78901e+07	 1.91627e+07	 1.91627e+07	 7.71028e+06	 2.01537e+07	 2.01537e+07	 
 0.00555	 1.55816e+07	 1.66892e+07	 1.66892e+07	 6.72163e+06	 1.7556e+07	 1.7556e+07	 
  0.0056	 1.37466e+07	 1.47232e+07	 1.47232e+07	 5.93455e+06	 1.55088e+07	 1.55088e+07	 
 0.00565	 1.20252e+07	 1.2879e+07	 1.2879e+07	 5.19587e+06	 1.35918e+07	 1.35918e+07	 
  0.0057	 1.05386e+07	 1.12863e+07	 1.12863e+07	 4.55738e+06	 1.19144e+07	 1.19144e+07	 
 0.00575	 9.35141e+06	 1.00146e+07	 1.00146e+07	 4.0467e+06	 1.05522e+07	 1.05522e+07	 
  0.0058	 8.26662e+06	 8.85255e+06	 8.85255e+06	 3.57966e+06	 9.34445e+06	 9.34445e+06	 
 0.00585	 7.2385e+06	 7.75126e+06	 7.75126e+06	 3.13689e+06	 8.19078e+06	 8.19078e+06	 
  0.0059	 6.3568e+06	 6.80684e+06	 6.80684e+06	 2.75684e+06	 7.1566e+06	 7.1566e+06	 
 0.00595	 5.55011e+06	 5.94281e+06	 5.94281e+06	 2.4089e+06	 6.25948e+06	 6.25948e+06	 
   0.006	 4.83986e+06	 5.18209e+06	 5.18209e+06	 2.10228e+06	 5.47747e+06	 5.47747e+06	 
 0.00605	 4.28512e+06	 4.58797e+06	 4.58797e+06	 1.86252e+06	 4.85579e+06	 4.85579e+06	 
  0.0061	 3.77773e+06	 4.04458e+06	 4.04458e+06	 1.64307e+06	 4.24337e+06	 4.24337e+06	 
 0.00615	 3.32725e+06	 3.56217e+06	 3.56217e+06	 1.44807e+06	 3.74106e+06	 3.74106e+06	 
  0.0062	 2.88775e+06	 3.09152e+06	 3.09152e+06	 1.25771e+06	 3.26724e+06	 3.26724e+06	 
 0.00625	 2.53554e+06	 2.71437e+06	 2.71437e+06	 1.10504e+06	 2.87246e+06	 2.87246e+06	 
  0.0063	 2.21137e+06	 2.36725e+06	 2.36725e+06	   964473	 2.47009e+06	 2.47009e+06	 
 0.00635	 1.95144e+06	 2.08893e+06	 2.08893e+06	   851636	 2.18307e+06	 2.18307e+06	 
  0.0064	 1.7026e+06	 1.8225e+06	 1.8225e+06	   743482	 1.92382e+06	 1.92382e+06	 
 0.00645	 1.49703e+06	 1.60241e+06	 1.60241e+06	   654121	 1.63843e+06	 1.63843e+06	 
  0.0065	 1.31349e+06	 1.4059e+06	 1.4059e+06	   574278	 1.4389e+06	 1.4389e+06	 
 0.00655	 1.13024e+06	 1.20972e+06	 1.20972e+06	   494465	 1.25644e+06	 1.25644e+06	 
  0.0066	   986226	 1.05554e+06	 1.05554e+06	   431748	 1.09863e+06	 1.09863e+06	 
 0.00665	   868497	   929511	   929511	   380433	   916584	   916584	 
  0.0067	   765807	   819583	   819583	   335641	   810015	   810015	 
 0.00675	   648874	   694420	   694420	   284540	   707999	   707999	 
  0.0068	   568976	   608896	   608896	   249650	   589192	   589192	 
 0.00685	   495922	   530699	   530699	   217732	   513950	   513950	 
  0.0069	   435403	   465923	   465923	   191268	   445404	   445404	 
 0.00695	   357315	   382352	   382352	   157044	   291365	   291365	 
   0.007	   316941	   339140	   339140	   139366	   257600	   257600	 
 0.00705	   278727	   298241	   298241	   122628	   226295	   226295	 
  0.0071	   229078	   245110	   245110	   100830	   195488	   195488	 
 0.00715	   200549	   214579	   214579	  88321.8	   172530	   172530	 
  0.0072	   171927	   183949	   183949	  75755.9	   126892	   126892	 
 0.00725	   147406	   157710	   157710	  64984.3	   110955	   110955	 
  0.0073	  93791.7	   100347	   100347	    41353	  66179.4	  66179.4	 
 0.00735	  82294.5	    88044	    88044	  36303.4	    57641	    57641	 
  0.0074	    72128	    77165	    77165	  31835.9	  40234.5	  40234.5	 
 0.00745	  63216.9	  67629.7	  67629.7	  27917.7	  26690.8	  26690.8	 
  0.0075	    55877	  59776.2	  59776.2	  24687.2	  12678.1	  12678.1	 
 0.00755	  39007.5	  41729.1	  41729.1	  17236.7	  8681.06	  8681.06	 
  0.0076	  31017.2	  33180.8	  33180.8	  13710.5	  6855.27	  6855.27	 
 0.00765	  19987.6	  21381.6	  21381.6	  8836.82	  4418.41	  4418.41	 
  0.0077	  12444.5	  13312.2	  13312.2	  5503.06	  2751.53	  2751.53	 
 0.00775	  6608.03	  7068.76	  7068.76	  2922.54	  1461.27	  1461.27	 
  0.0078	  179.076	  191.834	  191.834	  77.0166	  38.5083	  38.5083	 
 0.00785	  152.911	  163.807	  163.807	  65.7489	  32.8744	  32.8744	 
  0.0079	  4.00791	  4.50895	  4.50895	 9.07616e-31	 9.07616e-31	 9.07616e-31	 
 0.00795	  3.52822	  3.96929	  3.96929	 9.07616e-31	 9.07616e-31	 9.07616e-31	 
   0.008	  3.10571	  3.49396	  3.49396	 9.07616e-31	 9.07616e-31	 9.07616e-31	 
 0.00805	  2.73347	  3.07518	  3.07518	 9.07616e-31	 9.07616e-31	 9.07616e-31	 
  0.0081	  2.40551	  2.70623	  2.70623	 9.07616e-31	 9.07616e-31	 9.07616e-31	 
 0.00815	  2.11675	  2.38137	  2.38137	 9.07616e-31	 9.07616e-31	 9.07616e-31	 
  0.0082	   1.8623	  2.09511	  2.09511	 9.07616e-31	 9.07616e-31	 9.07616e-31	 
 0.00825	  1.63837	  1.84319	  1.84319	 9.07616e-31	 9.07616e-31	 9.07616e-31	 
  0.0083	  1.44118	  1.62135	  1.62135	 9.07616e-31	 9.07616e-31	 9.07616e-31	 
 0.00835	  1.26756	  1.42603	  1.42603	 9.07616e-31	 9.07616e-31	 9.07616e-31	 
  0.0084	  1.11477	  1.25413	  1.25413	 9.07616e-31	 9.07616e-31	 9.07616e-31	 
 0.00845	 0.980262	  1.10281	  1.10281	 9.07616e-31	 9.07616e-31	 9.07616e-31	 
  0.0085	 0.861892	 0.969639	 0.969639	 9.07616e-31	 9.07616e-31	 9.07616e-31	 
 0.00855	 0.757751	  0.85248	  0.85248	 9.07616e-31	 9.07616e-31	 9.07616e-31	 
  0.0086	 0.666115	 0.749388	 0.749388	 9.07616e-31	 9.07616e-31	 9.07616e-31	 
 0.00865	 0.585496	 0.658691	 0.658691	 9.07616e-31	 9.07616e-31	 9.07616e-31	 
  0.0087	 0.514587	 0.578917	 0.578917	 9.07616e-31	 9.07616e-31	 9.07616e-31	 
 0.00875	 0.452226	  0.50876	  0.50876	 9.07616e-31	 9.07616e-31	 9.07616e-31	 
  0.0088	 0.397379	 0.447056	 0.447056	 9.07616e-31	 9.07616e-31	 9.07616e-31	 
 0.00885	 0.349156	 0.392805	 0.392805	 9.07616e-31	 9.07616e-31	 9.07616e-31	 
  0.0089	 0.306741	 0.345088	 0.345088	 9.07616e-31	 9.07616e-31	 9.07616e-31	 
 0.00895	 0.269463	 0.303149	 0.303149	 9.07616e-31	 9.07616e-31	 9.07616e-31	 
   0.009	 0.236685	 0.266274	 0.266274	 9.07616e-31	 9.07616e-31	 9.07616e-31	 
 0.00905	 0.207882	  0.23387	  0.23387	 9.07616e-31	 9.07616e-31	 9.07616e-31	 
  0.0091	 0.182564	 0.205387	 0.205387	 9.07616e-31	 9.07616e-31	 9.07616e-31	 
 0.00915	  0.16032	 0.180362	 0.180362	 9.07616e-31	 9.07616e-31	 9.07616e-31	 
  0.0092	  0.14077	 0.158368	 0.158368	 9.07616e-31	 9.07616e-31	 9.07616e-31	 
 0.00925	 0.123593	 0.139044	 0.139044	 9.07616e-31	 9.07616e-31	 9.07616e-31	 
  0.0093	 0.108502	 0.122066	 0.122066	 9.07616e-31	 9.07616e-31	 9.07616e-31	 
 0.00935	 0.0952457	 0.107153	 0.107153	 9.07616e-31	 9.07616e-31	 9.07616e-31	 
  0.0094	 0.0836011	 0.0940523	 0.0940523	 9.07616e-31	 9.07616e-31	 9.07616e-31	 
 0.00945	 0.073374	 0.0825467	 0.0825467	 9.07616e-31	 9.07616e-31	 9.07616e-31	 
  0.0095	 0.0643919	 0.0724417	 0.0724417	 9.07616e-31	 9.07616e-31	 9.07616e-31	 
 0.00955	 0.056506	  0.06357	  0.06357	 9.07616e-31	 9.07616e-31	 9.07616e-31	 
  0.0096	 0.0495802	 0.0557784	 0.0557784	 9.07616e-31	 9.07616e-31	 9.07616e-31	 
 0.00965	 0.043502	 0.0489403	 0.0489403	 9.07616e-31	 9.07616e-31	 9.07616e-31	 
  0.0097	 0.0381643	 0.0429354	 0.0429354	 9.07616e-31	 9.07616e-31	 9.07616e-31	 
 0.00975	 0.0334782	 0.0376634	 0.0376634	 9.07616e-31	 9.07616e-31	 9.07616e-31	 
  0.0098	 0.0293656	 0.0330366	 0.0330366	 9.07616e-31	 9.07616e-31	 9.07616e-31	 
 0.00985	 0.0257575	 0.0289775	 0.0289775	 9.07616e-31	 9.07616e-31	 9.07616e-31	 
  0.0099	 0.0225886	 0.0254125	 0.0254125	 9.07616e-31	 9.07616e-31	 9.07616e-31	 
 0.00995	  0.01981	 0.0222864	 0.0222864	 9.07616e-31	 9.07616e-31	 9.07616e-31	 
    0.01	 0.0173712	 0.0195429	 0.0195429	 9.07616e-31	 9.07616e-31	 9.07616e-31	 
 0.01005	 0.0152314	 0.0171356	 0.0171356	 9.07616e-31	 9.07616e-31	 9.07616e-31	 
  0.0101	 0.0133544	 0.0150239	 0.0150239	 9.07616e-31	 9.07616e-31	 9.07616e-31	 
 0.01015	 0.0117077	 0.0131714	 0.0131714	 9.07616e-31	 9.07616e-31	 9.07616e-31	 
  0.0102	 0.0102632	 0.0115463	 0.0115463	 9.07616e-31	 9.07616e-31	 9.07616e-31	 
 0.01025	 0.00899642	 0.0101211	 0.0101211	 9.07616e-31	 9.07616e-31	 9.07616e-31	 
  0.0103	 0.00788532	 0.00887109	 0.00887109	 9.07616e-31	 9.07616e-31	 9.07616e-31	 
 0.01035	 0.00691107	 0.00777504	 0.00777504	 9.07616e-31	 9.07616e-31	 9.07616e-31	 
  0.0104	 0.0060566	 0.00681375	 0.00681375	 9.07616e-31	 9.07616e-31	 9.07616e-31	 
 0.01045	 0.00530758	 0.00597109	 0.00597109	 9.07616e-31	 9.07616e-31	 9.07616e-31	 
  0.0105	 0.00465076	 0.00523216	 0.00523216	 9.07616e-31	 9.07616e-31	 9.07616e-31	 
 0.01055	 0.00407488	 0.00458429	 0.00458429	 9.07616e-31	 9.07616e-31	 9.07616e-31	 
  0.0106	 0.00357015	 0.00401646	 0.00401646	 9.07616e-31	 9.07616e-31	 9.07616e-31	 
 0.01065	 0.00312785	 0.00351887	 0.00351887	 9.07616e-31	 9.07616e-31	 9.07616e-31	 
  0.0107	  0.00274	 0.00308253	 0.00308253	 9.07616e-31	 9.07616e-31	 9.07616e-31	 
 0.01075	 0.00240006	 0.0027001	 0.0027001	 9.07616e-31	 9.07616e-31	 9.07616e-31	 
  0.0108	 0.00210223	 0.00236504	 0.00236504	 9.07616e-31	 9.07616e-31	 9.07616e-31	 
 0.01085	 0.00184125	 0.00207143	 0.00207143	 9.07616e-31	 9.07616e-31	 9.07616e-31	 
  0.0109	 0.00161253	 0.00181411	 0.00181411	 9.07616e-31	 9.07616e-31	 9.07616e-31	 
 0.01095	 0.00141214	 0.00158868	 0.00158868	 9.07616e-31	 9.07616e-31	 9.07616e-31	 
   0.011	 0.00123658	 0.00139117	 0.00139117	 9.07616e-31	 9.07616e-31	 9.07616e-31	 
 0.01105	 0.00108277	 0.00121813	 0.00121813	 9.07616e-31	 9.07616e-31	 9.07616e-31	 
  0.0111	 0.000948046	 0.00106656	 0.00106656	 9.07616e-31	 9.07616e-31	 9.07616e-31	 
 0.01115	 0.000830022	 0.000933785	 0.000933785	 9.07616e-31	 9.07616e-31	 9.07616e-31	 
  0.0112	 0.000726643	 0.000817483	 0.000817483	 9.07616e-31	 9.07616e-31	 9.07616e-31	 
 0.01125	 0.000636115	 0.000715637	 0.000715637	 9.07616e-31	 9.07616e-31	 9.07616e-31	 
  0.0113	 0.00055682	 0.00062643	 0.00062643	 9.07616e-31	 9.07616e-31	 9.07616e-31	 
 0.01135	 0.000487381	 0.00054831	 0.00054831	 9.07616e-31	 9.07616e-31	 9.07616e-31	 
  0.0114	 0.000426581	 0.000479909	 0.000479909	 9.07616e-31	 9.07616e-31	 9.07616e-31	 
 0.01145	 0.000373349	 0.000420022	 0.000420022	 9.07616e-31	 9.07616e-31	 9.07616e-31	 
  0.0115	 0.000326724	 0.000367568	 0.000367568	 9.07616e-31	 9.07616e-31	 9.07616e-31	 
 0.01155	 0.000285924	 0.000321668	 0.000321668	 9.07616e-31	 9.07616e-31	 9.07616e-31	 
  0.0116	 0.000250188	 0.000281465	 0.000281465	 9.07616e-31	 9.07616e-31	 9.07616e-31	 
 0.01165	 0.000218917	 0.000246284	 0.000246284	 9.07616e-31	 9.07616e-31	 9.07616e-31	 
  0.0117	 0.000191548	 0.000215494	 0.000215494	 9.07616e-31	 9.07616e-31	 9.07616e-31	 
 0.01175	 0.000167582	 0.000188531	 0.000188531	 9.07616e-31	 9.07616e-31	 9.07616e-31	 
  0.0118	 0.00014661	 0.000164938	 0.000164938	 9.07616e-31	 9.07616e-31	 9.07616e-31	 
 0.01185	 0.000128254	 0.000144287	 0.000144287	 9.07616e-31	 9.07616e-31	 9.07616e-31	 
  0.0119	 0.000112192	 0.000126217	 0.000126217	 9.07616e-31	 9.07616e-31	 9.07616e-31	 
 0.01195	 9.8135e-05	 0.000110403	 0.000110403	 9.07616e-31	 9.07616e-31	 9.07616e-31	 
   0.012	 8.58353e-05	 9.65658e-05	 9.65658e-05	 9.07616e-31	 9.07616e-31	 9.07616e-31	 
 0.01205	 7.50727e-05	 8.44578e-05	 8.44578e-05	 9.07616e-31	 9.07616e-31	 9.07616e-31	 
  0.0121	 6.56569e-05	 7.38648e-05	 7.38648e-05	 9.07616e-31	 9.07616e-31	 9.07616e-31	 
 0.01215	 5.74189e-05	 6.4597e-05	 6.4597e-05	 9.07616e-31	 9.07616e-31	 9.07616e-31	 
  0.0122	 5.02118e-05	 5.64889e-05	 5.64889e-05	 9.07616e-31	 9.07616e-31	 9.07616e-31	 
 0.01225	 4.39068e-05	 4.93957e-05	 4.93957e-05	 9.07616e-31	 9.07616e-31	 9.07616e-31	 
  0.0123	 3.83912e-05	 4.31906e-05	 4.31906e-05	 9.07616e-31	 9.07616e-31	 9.07616e-31	 
 0.01235	 3.35671e-05	 3.77634e-05	 3.77634e-05	 9.07616e-31	 9.07616e-31	 9.07616e-31	 
  0.0124	 2.93492e-05	 3.30182e-05	 3.30182e-05	 9.07616e-31	 9.07616e-31	 9.07616e-31	 
 0.01245	 2.56577e-05	 2.88652e-05	 2.88652e-05	 9.07616e-31	 9.07616e-31	 9.07616e-31	 
  0.0125	 2.24307e-05	 2.52348e-05	 2.52348e-05	 9.07616e-31	 9.07616e-31	 9.07616e-31	 
 0.01255	 1.96085e-05	 2.20598e-05	 2.20598e-05	 9.07616e-31	 9.07616e-31	 9.07616e-31	 
  0.0126	 1.71407e-05	 1.92835e-05	 1.92835e-05	 9.07616e-31	 9.07616e-31	 9.07616e-31	 
 0.01265	 1.49826e-05	 1.68556e-05	 1.68556e-05	 9.07616e-31	 9.07616e-31	 9.07616e-31	 
  0.0127	 1.30954e-05	 1.47325e-05	 1.47325e-05	 9.07616e-31	 9.07616e-31	 9.07616e-31	 
 0.01275	 1.14457e-05	 1.28765e-05	 1.28765e-05	 9.07616e-31	 9.07616e-31	 9.07616e-31	 
  0.0128	 1.00032e-05	 1.12537e-05	 1.12537e-05	 9.07616e-31	 9.07616e-31	 9.07616e-31	 
 0.01285	 8.74197e-06	 9.83483e-06	 9.83483e-06	 9.07616e-31	 9.07616e-31	 9.07616e-31	 
  0.0129	 7.63958e-06	 8.59463e-06	 8.59463e-06	 9.07616e-31	 9.07616e-31	 9.07616e-31	 
 0.01295	 6.67586e-06	 7.51042e-06	 7.51042e-06	 9.07616e-31	 9.07616e-31	 9.07616e-31	 
   0.013	 5.83336e-06	 6.56261e-06	 6.56261e-06	 9.07616e-31	 9.07616e-31	 9.07616e-31	 
 0.01305	 5.09705e-06	 5.73424e-06	 5.73424e-06	 9.07616e-31	 9.07616e-31	 9.07616e-31	 
  0.0131	 4.45347e-06	 5.01021e-06	 5.01021e-06	 9.07616e-31	 9.07616e-31	 9.07616e-31	 
 0.01315	 3.89103e-06	 4.37746e-06	 4.37746e-06	 9.07616e-31	 9.07616e-31	 9.07616e-31	 
  0.0132	 3.39936e-06	 3.82433e-06	 3.82433e-06	 9.07616e-31	 9.07616e-31	 9.07616e-31	 
 0.01325	 2.96977e-06	 3.34103e-06	 3.34103e-06	 9.07616e-31	 9.07616e-31	 9.07616e-31	 
  0.0133	 2.59426e-06	 2.91858e-06	 2.91858e-06	 9.07616e-31	 9.07616e-31	 9.07616e-31	 
 0.01335	 2.2663e-06	 2.54962e-06	 2.54962e-06	 9.07616e-31	 9.07616e-31	 9.07616e-31	 
  0.0134	 1.97954e-06	 2.22701e-06	 2.22701e-06	 9.07616e-31	 9.07616e-31	 9.07616e-31	 
 0.01345	 1.72908e-06	 1.94524e-06	 1.94524e-06	 9.07616e-31	 9.07616e-31	 9.07616e-31	 
  0.0135	 1.51024e-06	 1.69904e-06	 1.69904e-06	 9.07616e-31	 9.07616e-31	 9.07616e-31	 
 0.01355	 1.31904e-06	 1.48393e-06	 1.48393e-06	 9.07616e-31	 9.07616e-31	 9.07616e-31	 
  0.0136	 1.15199e-06	 1.296e-06	 1.296e-06	 9.07616e-31	 9.07616e-31	 9.07616e-31	 
 0.01365	 1.00607e-06	 1.13184e-06	 1.13184e-06	 9.07616e-31	 9.07616e-31	 9.07616e-31	 
  0.0137	 8.78589e-07	 9.88424e-07	 9.88424e-07	 9.07616e-31	 9.07616e-31	 9.07616e-31	 
 0.01375	 7.67225e-07	 8.63138e-07	 8.63138e-07	 9.07616e-31	 9.07616e-31	 9.07616e-31	 
  0.0138	 6.69963e-07	 7.53717e-07	 7.53717e-07	 9.07616e-31	 9.07616e-31	 9.07616e-31	 
 0.01385	 5.84988e-07	 6.58119e-07	 6.58119e-07	 9.07616e-31	 9.07616e-31	 9.07616e-31	 
  0.0139	 5.10794e-07	 5.7465e-07	 5.7465e-07	 9.07616e-31	 9.07616e-31	 9.07616e-31	 
 0.01395	 4.45983e-07	 5.01736e-07	 5.01736e-07	 9.07616e-31	 9.07616e-31	 9.07616e-31	 
   0.014	 3.89375e-07	 4.38052e-07	 4.38052e-07	 9.07616e-31	 9.07616e-31	 9.07616e-31	 
 0.01405	 3.39936e-07	 3.82433e-07	 3.82433e-07	 9.07616e-31	 9.07616e-31	 9.07616e-31	 
  0.0141	 2.96777e-07	 3.33878e-07	 3.33878e-07	 9.07616e-31	 9.07616e-31	 9.07616e-31	 
 0.01415	 2.59081e-07	 2.9147e-07	 2.9147e-07	 9.07616e-31	 9.07616e-31	 9.07616e-31	 
  0.0142	 2.26158e-07	 2.54431e-07	 2.54431e-07	 9.07616e-31	 9.07616e-31	 9.07616e-31	 
 0.01425	 1.9741e-07	 2.22089e-07	 2.22089e-07	 9.07616e-31	 9.07616e-31	 9.07616e-31	 
  0.0143	 1.72322e-07	 1.93865e-07	 1.93865e-07	 9.07616e-31	 9.07616e-31	 9.07616e-31	 
 0.01435	 1.5041e-07	 1.69214e-07	 1.69214e-07	 9.07616e-31	 9.07616e-31	 9.07616e-31	 
  0.0144	 1.31281e-07	 1.47693e-07	 1.47693e-07	 9.07616e-31	 9.07616e-31	 9.07616e-31	 
 0.01445	 1.1458e-07	 1.28904e-07	 1.28904e-07	 9.07616e-31	 9.07616e-31	 9.07616e-31	 
  0.0145	 1.00001e-07	 1.12502e-07	 1.12502e-07	 9.07616e-31	 9.07616e-31	 9.07616e-31	 
 0.01455	 8.72727e-08	 9.81829e-08	 9.81829e-08	 9.07616e-31	 9.07616e-31	 9.07616e-31	 
  0.0146	 7.61617e-08	 8.56829e-08	 8.56829e-08	 9.07616e-31	 9.07616e-31	 9.07616e-31	 
 0.01465	 6.64645e-08	 7.47734e-08	 7.47734e-08	 9.07616e-31	 9.07616e-31	 9.07616e-31	 
  0.0147	 5.79979e-08	 6.52484e-08	 6.52484e-08	 9.07616e-31	 9.07616e-31	 9.07616e-31	 
 0.01475	 5.06093e-08	 5.69361e-08	 5.69361e-08	 9.07616e-31	 9.07616e-31	 9.07616e-31	 
  0.0148	 4.41609e-08	 4.96815e-08	 4.96815e-08	 9.07616e-31	 9.07616e-31	 9.07616e-31	 
 0.01485	 3.8531e-08	 4.33478e-08	 4.33478e-08	 9.07616e-31	 9.07616e-31	 9.07616e-31	 
  0.0149	 3.36197e-08	 3.78226e-08	 3.78226e-08	 9.07616e-31	 9.07616e-31	 9.07616e-31	 
 0.01495	 2.93311e-08	 3.29978e-08	 3.29978e-08	 9.07616e-31	 9.07616e-31	 9.07616e-31	 
   0.015	 2.55905e-08	 2.87896e-08	 2.87896e-08	 9.07616e-31	 9.07616e-31	 9.07616e-31	 
 0.01505	 2.23254e-08	 2.51164e-08	 2.51164e-08	 9.07616e-31	 9.07616e-31	 9.07616e-31	 
  0.0151	 1.9476e-08	 2.19108e-08	 2.19108e-08	 9.07616e-31	 9.07616e-31	 9.07616e-31	 
 0.01515	 1.69908e-08	 1.91149e-08	 1.91149e-08	 9.07616e-31	 9.07616e-31	 9.07616e-31	 
  0.0152	 1.48216e-08	 1.66745e-08	 1.66745e-08	 9.07616e-31	 9.07616e-31	 9.07616e-31	 
 0.01525	 1.2929e-08	 1.45453e-08	 1.45453e-08	 9.07616e-31	 9.07616e-31	 9.07616e-31	 
  0.0153	 1.12776e-08	 1.26875e-08	 1.26875e-08	 9.07616e-31	 9.07616e-31	 9.07616e-31	 
 0.01535	 9.83692e-09	 1.10667e-08	 1.10667e-08	 9.07616e-31	 9.07616e-31	 9.07616e-31	 
  0.0154	 8.5799e-09	 9.65249e-09	 9.65249e-09	 9.07616e-31	 9.07616e-31	 9.07616e-31	 
 0.01545	 7.48332e-09	 8.41883e-09	 8.41883e-09	 9.07616e-31	 9.07616e-31	 9.07616e-31	 
  0.0155	 6.52667e-09	 7.34259e-09	 7.34259e-09	 9.07616e-31	 9.07616e-31	 9.07616e-31	 
 0.01555	 5.69216e-09	 6.40375e-09	 6.40375e-09	 9.07616e-31	 9.07616e-31	 9.07616e-31	 
  0.0156	 4.9642e-09	 5.58478e-09	 5.58478e-09	 9.07616e-31	 9.07616e-31	 9.07616e-31	 
 0.01565	 4.32915e-09	 4.87035e-09	 4.87035e-09	 9.07616e-31	 9.07616e-31	 9.07616e-31	 
  0.0157	 3.77542e-09	 4.24739e-09	 4.24739e-09	 9.07616e-31	 9.07616e-31	 9.07616e-31	 
 0.01575	 3.29228e-09	 3.70386e-09	 3.70386e-09	 9.07616e-31	 9.07616e-31	 9.07616e-31	 
  0.0158	 2.87086e-09	 3.22975e-09	 3.22975e-09	 9.07616e-31	 9.07616e-31	 9.07616e-31	 
 0.01585	 2.50333e-09	 2.81628e-09	 2.81628e-09	 9.07616e-31	 9.07616e-31	 9.07616e-31	 
  0.0159	 2.18282e-09	 2.4557e-09	 2.4557e-09	 9.07616e-31	 9.07616e-31	 9.07616e-31	 
 0.01595	 1.90313e-09	 2.14105e-09	 2.14105e-09	 9.07616e-31	 9.07616e-31	 9.07616e-31	 
   0.016	 1.65939e-09	 1.86683e-09	 1.86683e-09	 9.07616e-31	 9.07616e-31	 9.07616e-31	 
 0.01605	 1.44677e-09	 1.62764e-09	 1.62764e-09	 9.07616e-31	 9.07616e-31	 9.07616e-31	 
  0.0161	 1.26136e-09	 1.41904e-09	 1.41904e-09	 9.07616e-31	 9.07616e-31	 9.07616e-31	 
 0.01615	 1.09968e-09	 1.23716e-09	 1.23716e-09	 9.07616e-31	 9.07616e-31	 9.07616e-31	 
  0.0162	 9.587e-10	 1.07855e-09	 1.07855e-09	 9.07616e-31	 9.07616e-31	 9.07616e-31	 
 0.01625	 8.35775e-10	 9.40257e-10	 9.40257e-10	 9.07616e-31	 9.07616e-31	 9.07616e-31	 
  0.0163	 7.28585e-10	 8.19668e-10	 8.19668e-10	 9.07616e-31	 9.07616e-31	 9.07616e-31	 
 0.01635	 6.35116e-10	 7.14514e-10	 7.14514e-10	 9.07616e-31	 9.07616e-31	 9.07616e-31	 
  0.0164	 5.53626e-10	 6.22836e-10	 6.22836e-10	 9.07616e-31	 9.07616e-31	 9.07616e-31	 
 0.01645	 4.8259e-10	 5.4292e-10	 5.4292e-10	 9.07616e-31	 9.07616e-31	 9.07616e-31	 
  0.0165	 4.20646e-10	 4.73232e-10	 4.73232e-10	 9.07616e-31	 9.07616e-31	 9.07616e-31	 
 0.01655	 3.66652e-10	 4.12488e-10	 4.12488e-10	 9.07616e-31	 9.07616e-31	 9.07616e-31	 
  0.0166	 3.19573e-10	 3.59524e-10	 3.59524e-10	 9.07616e-31	 9.07616e-31	 9.07616e-31	 
 0.01665	 2.78537e-10	 3.13358e-10	 3.13358e-10	 9.07616e-31	 9.07616e-31	 9.07616e-31	 
  0.0167	 2.42747e-10	 2.73093e-10	 2.73093e-10	 9.07616e-31	 9.07616e-31	 9.07616e-31	 
 0.01675	 2.11566e-10	 2.38015e-10	 2.38015e-10	 9.07616e-31	 9.07616e-31	 9.07616e-31	 
  0.0168	 1.84379e-10	 2.07428e-10	 2.07428e-10	 9.07616e-31	 9.07616e-31	 9.07616e-31	 
 0.01685	 1.60687e-10	 1.80774e-10	 1.80774e-10	 9.07616e-31	 9.07616e-31	 9.07616e-31	 
  0.0169	 1.40033e-10	 1.57539e-10	 1.57539e-10	 9.07616e-31	 9.07616e-31	 9.07616e-31	 
 0.01695	 1.22029e-10	 1.37284e-10	 1.37284e-10	 9.07616e-31	 9.07616e-31	 9.07616e-31	 
   0.017	 1.06339e-10	 1.19632e-10	 1.19632e-10	 9.07616e-31	 9.07616e-31	 9.07616e-31	 
 0.01705	 9.2663e-11	 1.04247e-10	 1.04247e-10	 9.07616e-31	 9.07616e-31	 9.07616e-31	 
  0.0171	 8.07426e-11	 9.08364e-11	 9.08364e-11	 9.07616e-31	 9.07616e-31	 9.07616e-31	 
 0.01715	 7.03557e-11	 7.91511e-11	 7.91511e-11	 9.07616e-31	 9.07616e-31	 9.07616e-31	 
  0.0172	 6.13029e-11	 6.89665e-11	 6.89665e-11	 9.07616e-31	 9.07616e-31	 9.07616e-31	 
 0.01725	 5.34134e-11	 6.00907e-11	 6.00907e-11	 9.07616e-31	 9.07616e-31	 9.07616e-31	 
  0.0173	 4.65384e-11	 5.23563e-11	 5.23563e-11	 9.07616e-31	 9.07616e-31	 9.07616e-31	 
 0.01735	 4.05455e-11	 4.56142e-11	 4.56142e-11	 9.07616e-31	 9.07616e-31	 9.07616e-31	 
  0.0174	 3.53258e-11	 3.9742e-11	 3.9742e-11	 9.07616e-31	 9.07616e-31	 9.07616e-31	 
 0.01745	 3.07758e-11	 3.46231e-11	 3.46231e-11	 9.07616e-31	 9.07616e-31	 9.07616e-31	 
  0.0175	 2.6812e-11	 3.01638e-11	 3.01638e-11	 9.07616e-31	 9.07616e-31	 9.07616e-31	 
 0.01755	 2.33581e-11	 2.62782e-11	 2.62782e-11	 9.07616e-31	 9.07616e-31	 9.07616e-31	 
  0.0176	 2.0349e-11	 2.28929e-11	 2.28929e-11	 9.07616e-31	 9.07616e-31	 9.07616e-31	 
 0.01765	 1.77261e-11	 1.9942e-11	 1.9942e-11	 9.07616e-31	 9.07616e-31	 9.07616e-31	 
  0.0177	 1.54412e-11	 1.73716e-11	 1.73716e-11	 9.07616e-31	 9.07616e-31	 9.07616e-31	 
 0.01775	 1.34508e-11	 1.51323e-11	 1.51323e-11	 9.07616e-31	 9.07616e-31	 9.07616e-31	 
  0.0178	 1.17165e-11	 1.31812e-11	 1.31812e-11	 9.07616e-31	 9.07616e-31	 9.07616e-31	 
 0.01785	 1.02057e-11	 1.14816e-11	 1.14816e-11	 9.07616e-31	 9.07616e-31	 9.07616e-31	 
  0.0179	 8.88934e-12	 1.00006e-11	 1.00006e-11	 9.07616e-31	 9.07616e-31	 9.07616e-31	 
 0.01795	 7.74267e-12	 8.7106e-12	 8.7106e-12	 9.07616e-31	 9.07616e-31	 9.07616e-31	 
   0.018	 6.74373e-12	 7.58678e-12	 7.58678e-12	 9.07616e-31	 9.07616e-31	 9.07616e-31	 
 0.01805	 5.87366e-12	 6.60794e-12	 6.60794e-12	 9.07616e-31	 9.07616e-31	 9.07616e-31	 
  0.0181	 5.11556e-12	 5.75507e-12	 5.75507e-12	 9.07616e-31	 9.07616e-31	 9.07616e-31	 
 0.01815	 4.45529e-12	 5.01226e-12	 5.01226e-12	 9.07616e-31	 9.07616e-31	 9.07616e-31	 
  0.0182	 3.88014e-12	 4.36521e-12	 4.36521e-12	 9.07616e-31	 9.07616e-31	 9.07616e-31	 
 0.01825	 3.37922e-12	 3.80166e-12	 3.80166e-12	 9.07616e-31	 9.07616e-31	 9.07616e-31	 
  0.0183	 2.94273e-12	 3.3106e-12	 3.3106e-12	 9.07616e-31	 9.07616e-31	 9.07616e-31	 
 0.01835	 2.56268e-12	 2.88305e-12	 2.88305e-12	 9.07616e-31	 9.07616e-31	 9.07616e-31	 
  0.0184	 2.23164e-12	 2.51062e-12	 2.51062e-12	 9.07616e-31	 9.07616e-31	 9.07616e-31	 
 0.01845	 1.94343e-12	 2.18638e-12	 2.18638e-12	 9.07616e-31	 9.07616e-31	 9.07616e-31	 
  0.0185	 1.69228e-12	 1.90383e-12	 1.90383e-12	 9.07616e-31	 9.07616e-31	 9.07616e-31	 
 0.01855	 1.47358e-12	 1.65779e-12	 1.65779e-12	 9.07616e-31	 9.07616e-31	 9.07616e-31	 
  0.0186	 1.28312e-12	 1.44353e-12	 1.44353e-12	 9.07616e-31	 9.07616e-31	 9.07616e-31	 
 0.01865	 1.11725e-12	 1.25692e-12	 1.25692e-12	 9.07616e-31	 9.07616e-31	 9.07616e-31	 
  0.0187	 9.7282e-13	 1.09444e-12	 1.09444e-12	 9.07616e-31	 9.07616e-31	 9.07616e-31	 
 0.01875	 8.47028e-13	 9.52917e-13	 9.52917e-13	 9.07616e-31	 9.07616e-31	 9.07616e-31	 
  0.0188	 7.37479e-13	 8.29673e-13	 8.29673e-13	 9.07616e-31	 9.07616e-31	 9.07616e-31	 
 0.01885	 6.42104e-13	 7.22375e-13	 7.22375e-13	 9.07616e-31	 9.07616e-31	 9.07616e-31	 
  0.0189	 5.59034e-13	 6.28921e-13	 6.28921e-13	 9.07616e-31	 9.07616e-31	 9.07616e-31	 
 0.01895	 4.8671e-13	 5.47555e-13	 5.47555e-13	 9.07616e-31	 9.07616e-31	 9.07616e-31	 
   0.019	 4.23731e-13	 4.76703e-13	 4.76703e-13	 9.07616e-31	 9.07616e-31	 9.07616e-31	 
 0.01905	 3.68885e-13	 4.15e-13	 4.15e-13	 9.07616e-31	 9.07616e-31	 9.07616e-31	 
  0.0191	 3.21152e-13	 3.613e-13	 3.613e-13	 9.07616e-31	 9.07616e-31	 9.07616e-31	 
 0.01915	 2.79572e-13	 3.14522e-13	 3.14522e-13	 9.07616e-31	 9.07616e-31	 9.07616e-31	 
  0.0192	 2.43382e-13	 2.73808e-13	 2.73808e-13	 9.07616e-31	 9.07616e-31	 9.07616e-31	 
 0.01925	 2.11857e-13	 2.38341e-13	 2.38341e-13	 9.07616e-31	 9.07616e-31	 9.07616e-31	 
  0.0193	 1.84433e-13	 2.0749e-13	 2.0749e-13	 9.07616e-31	 9.07616e-31	 9.07616e-31	 
 0.01935	 1.6054e-13	 1.80609e-13	 1.80609e-13	 9.07616e-31	 9.07616e-31	 9.07616e-31	 
  0.0194	 1.39744e-13	 1.57214e-13	 1.57214e-13	 9.07616e-31	 9.07616e-31	 9.07616e-31	 
 0.01945	 1.21638e-13	 1.36845e-13	 1.36845e-13	 9.07616e-31	 9.07616e-31	 9.07616e-31	 
  0.0195	 1.05878e-13	 1.19114e-13	 1.19114e-13	 9.07616e-31	 9.07616e-31	 9.07616e-31	 
 0.01955	 9.21567e-14	 1.03677e-13	 1.03677e-13	 9.07616e-31	 9.07616e-31	 9.07616e-31	 
  0.0196	 8.02126e-14	 9.02402e-14	 9.02402e-14	 9.07616e-31	 9.07616e-31	 9.07616e-31	 
 0.01965	 6.98149e-14	 7.85426e-14	 7.85426e-14	 9.07616e-31	 9.07616e-31	 9.07616e-31	 
  0.0197	 6.07638e-14	 6.83601e-14	 6.83601e-14	 9.07616e-31	 9.07616e-31	 9.07616e-31	 
 0.01975	 5.28852e-14	 5.94965e-14	 5.94965e-14	 9.07616e-31	 9.07616e-31	 9.07616e-31	 
  0.0198	 4.60284e-14	 5.17825e-14	 5.17825e-14	 9.07616e-31	 9.07616e-31	 9.07616e-31	 
 0.01985	 4.00591e-14	 4.5067e-14	 4.5067e-14	 9.07616e-31	 9.07616e-31	 9.07616e-31	 
  0.0199	 3.4863e-14	 3.92213e-14	 3.92213e-14	 9.07616e-31	 9.07616e-31	 9.07616e-31	 
 0.01995	 3.03402e-14	 3.41331e-14	 3.41331e-14	 9.07616e-31	 9.07616e-31	 9.07616e-31	 
    0.02	 2.64036e-14	 2.97044e-14	 2.97044e-14	 9.07616e-31	 9.07616e-31	 9.07616e-31	 
 0.02005	 2.2977e-14	 2.58494e-14	 2.58494e-14	 9.07616e-31	 9.07616e-31	 9.07616e-31	 
  0.0201	 1.99969e-14	 2.24968e-14	 2.24968e-14	 9.07616e-31	 9.07616e-31	 9.07616e-31	 
 0.02015	 1.74008e-14	 1.95761e-14	 1.95761e-14	 9.07616e-31	 9.07616e-31	 9.07616e-31	 
  0.0202	 1.51421e-14	 1.70351e-14	 1.70351e-14	 9.07616e-31	 9.07616e-31	 9.07616e-31	 
 0.02025	 1.31764e-14	 1.48236e-14	 1.48236e-14	 9.07616e-31	 9.07616e-31	 9.07616e-31	 
  0.0203	 1.14656e-14	 1.2899e-14	 1.2899e-14	 9.07616e-31	 9.07616e-31	 9.07616e-31	 
 0.02035	 9.97667e-15	 1.12239e-14	 1.12239e-14	 9.07616e-31	 9.07616e-31	 9.07616e-31	 
  0.0204	 8.68117e-15	 9.76643e-15	 9.76643e-15	 9.07616e-31	 9.07616e-31	 9.07616e-31	 
 0.02045	 7.55355e-15	 8.49784e-15	 8.49784e-15	 9.07616e-31	 9.07616e-31	 9.07616e-31	 
  0.0205	 6.5724e-15	 7.39404e-15	 7.39404e-15	 9.07616e-31	 9.07616e-31	 9.07616e-31	 
 0.02055	 5.71848e-15	 6.43336e-15	 6.43336e-15	 9.07616e-31	 9.07616e-31	 9.07616e-31	 
  0.0206	 4.97545e-15	 5.59744e-15	 5.59744e-15	 9.07616e-31	 9.07616e-31	 9.07616e-31	 
 0.02065	 4.32897e-15	 4.87015e-15	 4.87015e-15	 9.07616e-31	 9.07616e-31	 9.07616e-31	 
  0.0207	 3.76634e-15	 4.23718e-15	 4.23718e-15	 9.07616e-31	 9.07616e-31	 9.07616e-31	 
 0.02075	 3.27685e-15	 3.6865e-15	 3.6865e-15	 9.07616e-31	 9.07616e-31	 9.07616e-31	 
  0.0208	 2.85089e-15	 3.20729e-15	 3.20729e-15	 9.07616e-31	 9.07616e-31	 9.07616e-31	 
 0.02085	 2.48028e-15	 2.79035e-15	 2.79035e-15	 9.07616e-31	 9.07616e-31	 9.07616e-31	 
  0.0209	 2.15777e-15	 2.42752e-15	 2.42752e-15	 9.07616e-31	 9.07616e-31	 9.07616e-31	 
 0.02095	 1.87718e-15	 2.11185e-15	 2.11185e-15	 9.07616e-31	 9.07616e-31	 9.07616e-31	 
   0.021	 1.63307e-15	 1.83723e-15	 1.83723e-15	 9.07616e-31	 9.07616e-31	 9.07616e-31	 
 0.02105	 1.42067e-15	 1.59827e-15	 1.59827e-15	 9.07616e-31	 9.07616e-31	 9.07616e-31	 
  0.0211	 1.23588e-15	 1.39038e-15	 1.39038e-15	 9.07616e-31	 9.07616e-31	 9.07616e-31	 
 0.02115	 1.07509e-15	 1.20949e-15	 1.20949e-15	 9.07616e-31	 9.07616e-31	 9.07616e-31	 
  0.0212	 9.35215e-16	 1.05213e-15	 1.05213e-15	 9.07616e-31	 9.07616e-31	 9.07616e-31	 
 0.02125	 8.13524e-16	 9.15225e-16	 9.15225e-16	 9.07616e-31	 9.07616e-31	 9.07616e-31	 
  0.0213	 7.07659e-16	 7.96125e-16	 7.96125e-16	 9.07616e-31	 9.07616e-31	 9.07616e-31	 
 0.02135	 6.15551e-16	 6.92503e-16	 6.92503e-16	 9.07616e-31	 9.07616e-31	 9.07616e-31	 
  0.0214	 5.35422e-16	 6.02357e-16	 6.02357e-16	 9.07616e-31	 9.07616e-31	 9.07616e-31	 
 0.02145	 4.65729e-16	 5.23951e-16	 5.23951e-16	 9.07616e-31	 9.07616e-31	 9.07616e-31	 
  0.0215	 4.05092e-16	 4.55734e-16	 4.55734e-16	 9.07616e-31	 9.07616e-31	 9.07616e-31	 
 0.02155	 3.5235e-16	 3.96399e-16	 3.96399e-16	 9.07616e-31	 9.07616e-31	 9.07616e-31	 
  0.0216	 3.06469e-16	 3.44782e-16	 3.44782e-16	 9.07616e-31	 9.07616e-31	 9.07616e-31	 
 0.02165	 2.66559e-16	 2.99882e-16	 2.99882e-16	 9.07616e-31	 9.07616e-31	 9.07616e-31	 
  0.0217	 2.31839e-16	 2.60822e-16	 2.60822e-16	 9.07616e-31	 9.07616e-31	 9.07616e-31	 
 0.02175	 2.01639e-16	 2.26846e-16	 2.26846e-16	 9.07616e-31	 9.07616e-31	 9.07616e-31	 
  0.0218	 1.75368e-16	 1.97291e-16	 1.97291e-16	 9.07616e-31	 9.07616e-31	 9.07616e-31	 
 0.02185	 1.52519e-16	 1.71586e-16	 1.71586e-16	 9.07616e-31	 9.07616e-31	 9.07616e-31	 
  0.0219	 1.32646e-16	 1.49228e-16	 1.49228e-16	 9.07616e-31	 9.07616e-31	 9.07616e-31	 
 0.02195	 1.15359e-16	 1.2978e-16	 1.2978e-16	 9.07616e-31	 9.07616e-31	 9.07616e-31	 
   0.022	 1.00324e-16	 1.12866e-16	 1.12866e-16	 9.07616e-31	 9.07616e-31	 9.07616e-31	 
 0.02205	 8.72473e-17	 9.81543e-17	 9.81543e-17	 9.07616e-31	 9.07616e-31	 9.07616e-31	 
  0.0221	 7.58749e-17	 8.53603e-17	 8.53603e-17	 9.07616e-31	 9.07616e-31	 9.07616e-31	 
 0.02215	 6.59836e-17	 7.42324e-17	 7.42324e-17	 9.07616e-31	 9.07616e-31	 9.07616e-31	 
  0.0222	 5.73808e-17	 6.45541e-17	 6.45541e-17	 9.07616e-31	 9.07616e-31	 9.07616e-31	 
 0.02225	 4.98979e-17	 5.61357e-17	 5.61357e-17	 9.07616e-31	 9.07616e-31	 9.07616e-31	 
  0.0223	 4.33913e-17	 4.88158e-17	 4.88158e-17	 9.07616e-31	 9.07616e-31	 9.07616e-31	 
 0.02235	 3.77324e-17	 4.24494e-17	 4.24494e-17	 9.07616e-31	 9.07616e-31	 9.07616e-31	 
  0.0224	 3.28103e-17	 3.6912e-17	 3.6912e-17	 9.07616e-31	 9.07616e-31	 9.07616e-31	 
 0.02245	 2.85307e-17	 3.20974e-17	 3.20974e-17	 9.07616e-31	 9.07616e-31	 9.07616e-31	 
  0.0225	 2.48083e-17	 2.79096e-17	 2.79096e-17	 9.07616e-31	 9.07616e-31	 9.07616e-31	 
 0.02255	 2.15704e-17	 2.4267e-17	 2.4267e-17	 9.07616e-31	 9.07616e-31	 9.07616e-31	 
  0.0226	 1.87573e-17	 2.11022e-17	 2.11022e-17	 9.07616e-31	 9.07616e-31	 9.07616e-31	 
 0.02265	 1.6309e-17	 1.83478e-17	 1.83478e-17	 9.07616e-31	 9.07616e-31	 9.07616e-31	 
  0.0227	 1.41804e-17	 1.59531e-17	 1.59531e-17	 9.07616e-31	 9.07616e-31	 9.07616e-31	 
 0.02275	 1.23295e-17	 1.38709e-17	 1.38709e-17	 9.07616e-31	 9.07616e-31	 9.07616e-31	 
  0.0228	 1.07201e-17	 1.20602e-17	 1.20602e-17	 9.07616e-31	 9.07616e-31	 9.07616e-31	 
 0.02285	 9.32057e-18	 1.04858e-17	 1.04858e-17	 9.07616e-31	 9.07616e-31	 9.07616e-31	 
  0.0229	 8.10366e-18	 9.11672e-18	 9.11672e-18	 9.07616e-31	 9.07616e-31	 9.07616e-31	 
 0.02295	 7.04556e-18	 7.92634e-18	 7.92634e-18	 9.07616e-31	 9.07616e-31	 9.07616e-31	 
   0.023	 6.12557e-18	 6.89134e-18	 6.89134e-18	 9.07616e-31	 9.07616e-31	 9.07616e-31	 
 0.02305	 5.32555e-18	 5.99131e-18	 5.99131e-18	 9.07616e-31	 9.07616e-31	 9.07616e-31	 
  0.0231	 4.63007e-18	 5.20888e-18	 5.20888e-18	 9.07616e-31	 9.07616e-31	 9.07616e-31	 
 0.02315	 4.02515e-18	 4.52834e-18	 4.52834e-18	 9.07616e-31	 9.07616e-31	 9.07616e-31	 
  0.0232	 3.49937e-18	 3.93683e-18	 3.93683e-18	 9.07616e-31	 9.07616e-31	 9.07616e-31	 
 0.02325	 3.04218e-18	 3.4225e-18	 3.4225e-18	 9.07616e-31	 9.07616e-31	 9.07616e-31	 
  0.0233	 2.64472e-18	 2.97534e-18	 2.97534e-18	 9.07616e-31	 9.07616e-31	 9.07616e-31	 
 0.02335	 2.29915e-18	 2.58658e-18	 2.58658e-18	 9.07616e-31	 9.07616e-31	 9.07616e-31	 
  0.0234	 1.99878e-18	 2.24865e-18	 2.24865e-18	 9.07616e-31	 9.07616e-31	 9.07616e-31	 
 0.02345	 1.73749e-18	 1.95469e-18	 1.95469e-18	 9.07616e-31	 9.07616e-31	 9.07616e-31	 
  0.0235	 1.51038e-18	 1.6992e-18	 1.6992e-18	 9.07616e-31	 9.07616e-31	 9.07616e-31	 
 0.02355	 1.31296e-18	 1.47709e-18	 1.47709e-18	 9.07616e-31	 9.07616e-31	 9.07616e-31	 
  0.0236	 1.14132e-18	 1.284e-18	 1.284e-18	 9.07616e-31	 9.07616e-31	 9.07616e-31	 
 0.02365	 9.92095e-19	 1.11612e-18	 1.11612e-18	 9.07616e-31	 9.07616e-31	 9.07616e-31	 
  0.0237	 8.62382e-19	 9.70191e-19	 9.70191e-19	 9.07616e-31	 9.07616e-31	 9.07616e-31	 
 0.02375	 7.4962e-19	 8.43332e-19	 8.43332e-19	 9.07616e-31	 9.07616e-31	 9.07616e-31	 
  0.0238	 6.51596e-19	 7.33054e-19	 7.33054e-19	 9.07616e-31	 9.07616e-31	 9.07616e-31	 
 0.02385	 5.66367e-19	 6.3717e-19	 6.3717e-19	 9.07616e-31	 9.07616e-31	 9.07616e-31	 
  0.0239	 4.923e-19	 5.53843e-19	 5.53843e-19	 9.07616e-31	 9.07616e-31	 9.07616e-31	 
 0.02395	 4.27906e-19	 4.814e-19	 4.814e-19	 9.07616e-31	 9.07616e-31	 9.07616e-31	 
   0.024	 3.71915e-19	 4.18409e-19	 4.18409e-19	 9.07616e-31	 9.07616e-31	 9.07616e-31	 
 0.02405	 3.23257e-19	 3.63668e-19	 3.63668e-19	 9.07616e-31	 9.07616e-31	 9.07616e-31	 
  0.0241	 2.80969e-19	 3.16094e-19	 3.16094e-19	 9.07616e-31	 9.07616e-31	 9.07616e-31	 
 0.02415	 2.44199e-19	 2.74727e-19	 2.74727e-19	 9.07616e-31	 9.07616e-31	 9.07616e-31	 
  0.0242	 2.12238e-19	 2.3877e-19	 2.3877e-19	 9.07616e-31	 9.07616e-31	 9.07616e-31	 
 0.02425	 1.84469e-19	 2.0753e-19	 2.0753e-19	 9.07616e-31	 9.07616e-31	 9.07616e-31	 
  0.0243	 1.60324e-19	 1.80366e-19	 1.80366e-19	 9.07616e-31	 9.07616e-31	 9.07616e-31	 
 0.02435	 1.39339e-19	 1.56759e-19	 1.56759e-19	 9.07616e-31	 9.07616e-31	 9.07616e-31	 
  0.0244	 1.21099e-19	 1.36238e-19	 1.36238e-19	 9.07616e-31	 9.07616e-31	 9.07616e-31	 
 0.02445	 1.05244e-19	 1.18401e-19	 1.18401e-19	 9.07616e-31	 9.07616e-31	 9.07616e-31	 
  0.0245	 9.14652e-20	 1.029e-19	 1.029e-19	 9.07616e-31	 9.07616e-31	 9.07616e-31	 
 0.02455	 7.94885e-20	 8.94255e-20	 8.94255e-20	 9.07616e-31	 9.07616e-31	 9.07616e-31	 
  0.0246	 6.90798e-20	 7.77157e-20	 7.77157e-20	 9.07616e-31	 9.07616e-31	 9.07616e-31	 
 0.02465	 6.00342e-20	 6.75393e-20	 6.75393e-20	 9.07616e-31	 9.07616e-31	 9.07616e-31	 
  0.0247	 5.21701e-20	 5.86921e-20	 5.86921e-20	 9.07616e-31	 9.07616e-31	 9.07616e-31	 
 0.02475	 4.53369e-20	 5.10046e-20	 5.10046e-20	 9.07616e-31	 9.07616e-31	 9.07616e-31	 
  0.0248	 3.93985e-20	 4.43238e-20	 4.43238e-20	 9.07616e-31	 9.07616e-31	 9.07616e-31	 
 0.02485	 3.42368e-20	 3.85169e-20	 3.85169e-20	 9.07616e-31	 9.07616e-31	 9.07616e-31	 
  0.0249	 2.97521e-20	 3.34715e-20	 3.34715e-20	 9.07616e-31	 9.07616e-31	 9.07616e-31	 
 0.02495	 2.58537e-20	 2.90857e-20	 2.90857e-20	 9.07616e-31	 9.07616e-31	 9.07616e-31	 
   0.025	 2.2467e-20	 2.52757e-20	 2.52757e-20	 9.07616e-31	 9.07616e-31	 9.07616e-31	 
       0	        0	        0	        0	        0	        0	        0	 
