0.000000e+00 0.000000e+00 0.000000e+00 0.000000e+00 0.000000e+00 0.000000e+00 0.000000e+00 
5.000000e-05 2.834863e+07 2.150752e+03 2.150752e+03 2.711312e+07 2.992743e+03 2.992743e+03 
1.000000e-04 1.156284e+08 1.723877e+05 1.723877e+05 1.091016e+08 2.203795e+05 2.203795e+05 
1.500000e-04 2.711781e+08 1.199557e+06 1.199557e+06 2.540421e+08 1.443194e+06 1.443194e+06 
2.000000e-04 5.187425e+08 5.552567e+06 5.552567e+06 4.918201e+08 6.563973e+06 6.563973e+06 
2.500000e-04 8.842345e+08 1.650246e+07 1.650246e+07 8.493399e+08 1.915087e+07 1.915087e+07 
3.000000e-04 1.371519e+09 3.651100e+07 3.651100e+07 1.330735e+09 4.180567e+07 4.180567e+07 
3.500000e-04 1.971999e+09 6.756915e+07 6.756915e+07 1.929148e+09 7.648386e+07 7.648386e+07 
4.000000e-04 2.673855e+09 1.103079e+08 1.103079e+08 2.624448e+09 1.234333e+08 1.234333e+08 
4.500000e-04 3.459679e+09 1.634480e+08 1.634480e+08 3.392776e+09 1.809812e+08 1.809812e+08 
5.000000e-04 4.304642e+09 2.228654e+08 2.228654e+08 4.206686e+09 2.448050e+08 2.448050e+08 
5.500000e-04 5.193455e+09 2.873632e+08 2.873632e+08 5.046778e+09 3.133916e+08 3.133916e+08 
6.000000e-04 6.115306e+09 3.541752e+08 3.541752e+08 5.898258e+09 3.840708e+08 3.840708e+08 
6.500000e-04 7.038326e+09 4.212532e+08 4.212532e+08 6.741597e+09 4.548459e+08 4.548459e+08 
7.000000e-04 7.960066e+09 4.878395e+08 4.878395e+08 7.570375e+09 5.248067e+08 5.248067e+08 
7.500000e-04 8.865791e+09 5.531560e+08 5.531560e+08 8.368153e+09 5.931182e+08 5.931182e+08 
8.000000e-04 9.749475e+09 6.164263e+08 6.164263e+08 9.127956e+09 6.588029e+08 6.588029e+08 
8.500000e-04 1.059991e+10 6.764798e+08 6.764798e+08 9.840003e+09 7.206337e+08 7.206337e+08 
9.000000e-04 1.141453e+10 7.323219e+08 7.323219e+08 1.050299e+10 7.777108e+08 7.777108e+08 
9.500000e-04 1.218706e+10 7.837943e+08 7.837943e+08 1.111101e+10 8.297531e+08 8.297531e+08 
1.000000e-03 1.291825e+10 8.300778e+08 8.300778e+08 1.166146e+10 8.759973e+08 8.759973e+08 
1.050000e-03 1.360491e+10 8.714794e+08 8.714794e+08 1.215309e+10 9.162396e+08 9.162396e+08 
1.100000e-03 1.424054e+10 9.077691e+08 9.077691e+08 1.258732e+10 9.507821e+08 9.507821e+08 
1.150000e-03 1.482298e+10 9.384362e+08 9.384362e+08 1.296454e+10 9.791652e+08 9.791652e+08 
1.200000e-03 1.534959e+10 9.629462e+08 9.629462e+08 1.328308e+10 1.001584e+09 1.001584e+09 
1.250000e-03 1.582549e+10 9.827553e+08 9.827553e+08 1.354906e+10 1.018566e+09 1.018566e+09 
1.300000e-03 1.624550e+10 9.974843e+08 9.974843e+08 1.376032e+10 1.030224e+09 1.030224e+09 
1.350000e-03 1.661080e+10 1.007691e+09 1.007691e+09 1.392059e+10 1.037403e+09 1.037403e+09 
1.400000e-03 1.692091e+10 1.013293e+09 1.013293e+09 1.402947e+10 1.040002e+09 1.040002e+09 
1.450000e-03 1.718216e+10 1.014782e+09 1.014782e+09 1.409440e+10 1.038377e+09 1.038377e+09 
1.500000e-03 1.739308e+10 1.012454e+09 1.012454e+09 1.411463e+10 1.032909e+09 1.032909e+09 
1.550000e-03 1.755625e+10 1.006862e+09 1.006862e+09 1.409365e+10 1.024063e+09 1.024063e+09 
1.600000e-03 1.767052e+10 9.980895e+08 9.980895e+08 1.403172e+10 1.012014e+09 1.012014e+09 
1.650000e-03 1.773775e+10 9.863885e+08 9.863885e+08 1.393048e+10 9.970038e+08 9.970038e+08 
1.700000e-03 1.776030e+10 9.722319e+08 9.722319e+08 1.379450e+10 9.797519e+08 9.797519e+08 
1.750000e-03 1.773951e+10 9.557322e+08 9.557322e+08 1.362551e+10 9.604738e+08 9.604738e+08 
1.800000e-03 1.767820e+10 9.372331e+08 9.372331e+08 1.342603e+10 9.392540e+08 9.392540e+08 
1.850000e-03 1.758204e+10 9.171322e+08 9.171322e+08 1.319883e+10 9.166259e+08 9.166259e+08 
1.900000e-03 1.744658e+10 8.956504e+08 8.956504e+08 1.294525e+10 8.926964e+08 8.926964e+08 
1.950000e-03 1.727760e+10 8.728689e+08 8.728689e+08 1.266828e+10 8.675898e+08 8.675898e+08 
2.000000e-03 1.707719e+10 8.492801e+08 8.492801e+08 1.237085e+10 8.417864e+08 8.417864e+08 
2.050000e-03 1.684838e+10 8.248809e+08 8.248809e+08 1.205439e+10 8.153374e+08 8.153374e+08 
2.100000e-03 1.659346e+10 7.998717e+08 7.998717e+08 1.172253e+10 7.885638e+08 7.885638e+08 
2.150000e-03 1.631513e+10 7.745961e+08 7.745961e+08 1.137762e+10 7.616849e+08 7.616849e+08 
2.200000e-03 1.601291e+10 7.488336e+08 7.488336e+08 1.101918e+10 7.344583e+08 7.344583e+08 
2.250000e-03 1.569205e+10 7.230149e+08 7.230149e+08 1.065227e+10 7.074112e+08 7.074112e+08 
2.300000e-03 1.535465e+10 6.974024e+08 6.974024e+08 1.027843e+10 6.806550e+08 6.806550e+08 
2.350000e-03 1.500216e+10 6.717892e+08 6.717892e+08 9.898584e+09 6.540698e+08 6.540698e+08 
2.400000e-03 1.463603e+10 6.460980e+08 6.460980e+08 9.513778e+09 6.275811e+08 6.275811e+08 
2.450000e-03 1.425946e+10 6.206890e+08 6.206890e+08 9.126668e+09 6.014520e+08 6.014520e+08 
2.500000e-03 1.387366e+10 5.959357e+08 5.959357e+08 8.740467e+09 5.759824e+08 5.759824e+08 
2.550000e-03 1.348085e+10 5.714638e+08 5.714638e+08 8.355203e+09 5.509803e+08 5.509803e+08 
2.600000e-03 1.308066e+10 5.470358e+08 5.470358e+08 7.971988e+09 5.263489e+08 5.263489e+08 
2.650000e-03 1.267993e+10 5.236827e+08 5.236827e+08 7.595907e+09 5.028704e+08 5.028704e+08 
2.700000e-03 1.227710e+10 5.009782e+08 5.009782e+08 7.225403e+09 4.800115e+08 4.800115e+08 
2.750000e-03 1.187578e+10 4.790451e+08 4.790451e+08 6.862867e+09 4.580337e+08 4.580337e+08 
2.800000e-03 1.147389e+10 4.573737e+08 4.573737e+08 6.506379e+09 4.364337e+08 4.364337e+08 
2.850000e-03 1.107521e+10 4.366522e+08 4.366522e+08 6.160126e+09 4.158337e+08 4.158337e+08 
2.900000e-03 1.067851e+10 4.163267e+08 4.163267e+08 5.822050e+09 3.957211e+08 3.957211e+08 
2.950000e-03 1.028437e+10 3.964141e+08 3.964141e+08 5.492842e+09 3.760264e+08 3.760264e+08 
3.000000e-03 9.897379e+09 3.775296e+08 3.775296e+08 5.176432e+09 3.574421e+08 3.574421e+08 
3.050000e-03 9.515494e+09 3.592032e+08 3.592032e+08 4.870752e+09 3.394517e+08 3.394517e+08 
3.100000e-03 9.139940e+09 3.415076e+08 3.415076e+08 4.576179e+09 3.221115e+08 3.221115e+08 
3.150000e-03 8.771884e+09 3.245605e+08 3.245605e+08 4.294134e+09 3.055707e+08 3.055707e+08 
3.200000e-03 8.410583e+09 3.080838e+08 3.080838e+08 4.023070e+09 2.895148e+08 2.895148e+08 
3.250000e-03 8.057172e+09 2.922436e+08 2.922436e+08 3.763664e+09 2.740934e+08 2.740934e+08 
3.300000e-03 7.712363e+09 2.770411e+08 2.770411e+08 3.516411e+09 2.593252e+08 2.593252e+08 
3.350000e-03 7.377058e+09 2.625725e+08 2.625725e+08 3.281467e+09 2.453058e+08 2.453058e+08 
3.400000e-03 7.052600e+09 2.490344e+08 2.490344e+08 3.060001e+09 2.322240e+08 2.322240e+08 
3.450000e-03 6.737142e+09 2.360013e+08 2.360013e+08 2.849897e+09 2.196811e+08 2.196811e+08 
3.500000e-03 6.431445e+09 2.235677e+08 2.235677e+08 2.651266e+09 2.077383e+08 2.077383e+08 
3.550000e-03 6.135451e+09 2.117310e+08 2.117310e+08 2.464136e+09 1.964019e+08 1.964019e+08 
3.600000e-03 5.848730e+09 2.003716e+08 2.003716e+08 2.287422e+09 1.855408e+08 1.855408e+08 
3.650000e-03 5.569630e+09 1.891824e+08 1.891824e+08 2.119905e+09 1.748949e+08 1.748949e+08 
3.700000e-03 5.300073e+09 1.784472e+08 1.784472e+08 1.962351e+09 1.647206e+08 1.647206e+08 
3.750000e-03 5.041308e+09 1.684790e+08 1.684790e+08 1.816172e+09 1.553147e+08 1.553147e+08 
3.800000e-03 4.790935e+09 1.588223e+08 1.588223e+08 1.678653e+09 1.462163e+08 1.462163e+08 
3.850000e-03 4.550802e+09 1.497636e+08 1.497636e+08 1.550610e+09 1.376923e+08 1.376923e+08 
3.900000e-03 4.321968e+09 1.415136e+08 1.415136e+08 1.432708e+09 1.299434e+08 1.299434e+08 
3.950000e-03 4.101030e+09 1.334294e+08 1.334294e+08 1.321554e+09 1.223547e+08 1.223547e+08 
4.000000e-03 3.888977e+09 1.257068e+08 1.257068e+08 1.217876e+09 1.151147e+08 1.151147e+08 
4.050000e-03 3.686194e+09 1.183954e+08 1.183954e+08 1.121427e+09 1.082666e+08 1.082666e+08 
4.100000e-03 3.491219e+09 1.113326e+08 1.113326e+08 1.031278e+09 1.016619e+08 1.016619e+08 
4.150000e-03 3.304857e+09 1.046747e+08 1.046747e+08 9.478554e+08 9.544869e+07 9.544869e+07 
4.200000e-03 3.127200e+09 9.843368e+07 9.843368e+07 8.708111e+08 8.963337e+07 8.963337e+07 
4.250000e-03 2.957775e+09 9.258443e+07 9.258443e+07 7.998139e+08 8.420110e+07 8.420110e+07 
4.300000e-03 2.796236e+09 8.708805e+07 8.708805e+07 7.345915e+08 7.911766e+07 7.911766e+07 
4.350000e-03 2.642302e+09 8.191562e+07 8.191562e+07 6.746308e+08 7.435035e+07 7.435035e+07 
4.400000e-03 2.495273e+09 7.693308e+07 7.693308e+07 6.188332e+08 6.975974e+07 6.975974e+07 
4.450000e-03 2.355478e+09 7.226512e+07 7.226512e+07 5.676411e+08 6.546672e+07 6.546672e+07 
4.500000e-03 2.222475e+09 6.784863e+07 6.784863e+07 5.204235e+08 6.140682e+07 6.140682e+07 
4.550000e-03 2.095584e+09 6.357895e+07 6.357895e+07 4.765245e+08 5.748266e+07 5.748266e+07 
4.600000e-03 1.974673e+09 5.947863e+07 5.947863e+07 4.357596e+08 5.371939e+07 5.371939e+07 
4.650000e-03 1.860564e+09 5.573922e+07 5.573922e+07 3.989585e+08 5.029162e+07 5.029162e+07 
4.700000e-03 1.752636e+09 5.226360e+07 5.226360e+07 3.653323e+08 4.710718e+07 4.710718e+07 
4.750000e-03 1.650062e+09 4.892761e+07 4.892761e+07 3.340347e+08 4.405444e+07 4.405444e+07 
4.800000e-03 1.553047e+09 4.582015e+07 4.582015e+07 3.056982e+08 4.121329e+07 4.121329e+07 
4.850000e-03 1.461622e+09 4.299971e+07 4.299971e+07 2.802600e+08 3.864746e+07 3.864746e+07 
4.900000e-03 1.375069e+09 4.033523e+07 4.033523e+07 2.522764e+08 3.622941e+07 3.622941e+07 
4.950000e-03 1.292971e+09 3.778384e+07 3.778384e+07 2.319829e+08 3.391552e+07 3.391552e+07 
5.000000e-03 1.214979e+09 3.531330e+07 3.531330e+07 2.129850e+08 3.167596e+07 3.167596e+07 
5.050000e-03 1.141178e+09 3.297264e+07 3.297264e+07 1.953747e+08 2.955612e+07 2.955612e+07 
5.100000e-03 1.071442e+09 3.076536e+07 3.076536e+07 1.791758e+08 2.755959e+07 2.755959e+07 
5.150000e-03 1.005813e+09 2.872718e+07 2.872718e+07 1.644033e+08 2.571811e+07 2.571811e+07 
5.200000e-03 9.438786e+08 2.681067e+07 2.681067e+07 1.506765e+08 2.398686e+07 2.398686e+07 
5.250000e-03 8.853446e+08 2.499103e+07 2.499103e+07 1.381080e+08 2.234482e+07 2.234482e+07 
5.300000e-03 8.305176e+08 2.334677e+07 2.334677e+07 1.268143e+08 2.086416e+07 2.086416e+07 
5.350000e-03 7.790861e+08 2.184363e+07 2.184363e+07 1.164852e+08 1.951094e+07 1.951094e+07 
5.400000e-03 7.307330e+08 2.045360e+07 2.045360e+07 1.071701e+08 1.825983e+07 1.825983e+07 
5.450000e-03 6.849292e+08 1.909684e+07 1.909684e+07 9.838600e+07 1.703880e+07 1.703880e+07 
5.500000e-03 6.416537e+08 1.779524e+07 1.779524e+07 9.014701e+07 1.586862e+07 1.586862e+07 
5.550000e-03 6.010210e+08 1.659106e+07 1.659106e+07 8.274827e+07 1.478762e+07 1.478762e+07 
5.600000e-03 5.627691e+08 1.545990e+07 1.545990e+07 7.596995e+07 1.377492e+07 1.377492e+07 
5.650000e-03 5.266885e+08 1.437754e+07 1.437754e+07 6.960913e+07 1.280596e+07 1.280596e+07 
5.700000e-03 4.927562e+08 1.336033e+07 1.336033e+07 6.379674e+07 1.189571e+07 1.189571e+07 
5.750000e-03 4.610466e+08 1.243935e+07 1.243935e+07 5.858546e+07 1.107280e+07 1.107280e+07 
5.800000e-03 4.312853e+08 1.158397e+07 1.158397e+07 5.384790e+07 1.031125e+07 1.031125e+07 
5.850000e-03 4.034595e+08 1.080318e+07 1.080318e+07 4.940921e+07 9.614214e+06 9.614214e+06 
5.900000e-03 3.772837e+08 1.005975e+07 1.005975e+07 4.546362e+07 8.949339e+06 8.949339e+06 
5.950000e-03 3.528030e+08 9.378048e+06 9.378048e+06 4.184598e+07 8.338511e+06 8.338511e+06 
6.000000e-03 3.298171e+08 8.738273e+06 8.738273e+06 3.850219e+07 7.766609e+06 7.766609e+06 
6.050000e-03 3.083035e+08 8.149174e+06 8.149174e+06 3.550254e+07 7.240830e+06 7.240830e+06 
6.100000e-03 2.879666e+08 7.568114e+06 7.568114e+06 3.263773e+07 6.722550e+06 6.722550e+06 
6.150000e-03 2.688585e+08 7.018346e+06 7.018346e+06 2.984879e+07 6.232879e+06 6.232879e+06 
6.200000e-03 2.509833e+08 6.508613e+06 6.508613e+06 2.747494e+07 5.779791e+06 5.779791e+06 
6.250000e-03 2.343880e+08 6.060584e+06 6.060584e+06 2.538914e+07 5.381948e+06 5.381948e+06 
6.300000e-03 2.187510e+08 5.626821e+06 5.626821e+06 2.340031e+07 4.997461e+06 4.997461e+06 
6.350000e-03 2.041097e+08 5.220738e+06 5.220738e+06 2.158948e+07 4.637247e+06 4.637247e+06 
6.400000e-03 1.904002e+08 4.839430e+06 4.839430e+06 1.991131e+07 4.298482e+06 4.298482e+06 
6.450000e-03 1.776942e+08 4.505212e+06 4.505212e+06 1.839280e+07 4.000725e+06 4.000725e+06 
6.500000e-03 1.658269e+08 4.197492e+06 4.197492e+06 1.705202e+07 3.726022e+06 3.726022e+06 
6.550000e-03 1.547201e+08 3.907561e+06 3.907561e+06 1.581080e+07 3.467502e+06 3.467502e+06 
6.600000e-03 1.442543e+08 3.625251e+06 3.625251e+06 1.462972e+07 3.216185e+06 3.216185e+06 
6.650000e-03 1.344523e+08 3.358712e+06 3.358712e+06 1.354106e+07 2.979454e+06 2.979454e+06 
6.700000e-03 1.253080e+08 3.113663e+06 3.113663e+06 1.255731e+07 2.762188e+06 2.762188e+06 
6.750000e-03 1.168070e+08 2.893568e+06 2.893568e+06 1.164892e+07 2.567262e+06 2.567262e+06 
6.800000e-03 1.088269e+08 2.681591e+06 2.681591e+06 1.083180e+07 2.379580e+06 2.379580e+06 
6.850000e-03 1.013194e+08 2.474924e+06 2.474924e+06 1.005674e+07 2.196830e+06 2.196830e+06 
6.900000e-03 9.436393e+07 2.292264e+06 2.292264e+06 9.369937e+06 2.035086e+06 2.035086e+06 
6.950000e-03 8.787877e+07 2.123663e+06 2.123663e+06 8.746564e+06 1.885748e+06 1.885748e+06 
7.000000e-03 8.187944e+07 1.976000e+06 1.976000e+06 8.199049e+06 1.754147e+06 1.754147e+06 
7.050000e-03 7.628376e+07 1.839072e+06 1.839072e+06 7.696337e+06 1.632064e+06 1.632064e+06 
7.100000e-03 7.103077e+07 1.706367e+06 1.706367e+06 7.201187e+06 1.513991e+06 1.513991e+06 
7.150000e-03 6.611660e+07 1.580445e+06 1.580445e+06 6.769494e+06 1.402096e+06 1.402096e+06 
7.200000e-03 6.153587e+07 1.464350e+06 1.464350e+06 6.377758e+06 1.299194e+06 1.299194e+06 
7.250000e-03 5.726829e+07 1.357242e+06 1.357242e+06 6.022488e+06 1.204314e+06 1.204314e+06 
7.300000e-03 5.328429e+07 1.256885e+06 1.256885e+06 5.697402e+06 1.115432e+06 1.115432e+06 
7.350000e-03 4.954741e+07 1.159624e+06 1.159624e+06 5.383325e+06 1.029491e+06 1.029491e+06 
7.400000e-03 4.606788e+07 1.069905e+06 1.069905e+06 5.092563e+06 9.501864e+05 9.501864e+05 
7.450000e-03 4.283589e+07 9.885854e+05 9.885854e+05 4.850820e+06 8.783623e+05 8.783623e+05 
7.500000e-03 3.983639e+07 9.151941e+05 9.151941e+05 4.634998e+06 8.133155e+05 8.133155e+05 
7.550000e-03 3.707058e+07 8.518910e+05 8.518910e+05 4.450469e+06 7.567910e+05 7.567910e+05 
7.600000e-03 3.448161e+07 7.907194e+05 7.907194e+05 4.276083e+06 7.022755e+05 7.022755e+05 
7.650000e-03 3.206048e+07 7.323195e+05 7.323195e+05 4.113179e+06 6.503077e+05 6.503077e+05 
7.700000e-03 2.980324e+07 6.778602e+05 6.778602e+05 3.966809e+06 6.019168e+05 6.019168e+05 
7.750000e-03 2.769956e+07 6.268661e+05 6.268661e+05 3.828468e+06 5.566914e+05 5.566914e+05 
7.800000e-03 2.575262e+07 5.809600e+05 5.809600e+05 3.712254e+06 5.160199e+05 5.160199e+05 
7.850000e-03 2.392330e+07 5.359670e+05 5.359670e+05 3.599586e+06 4.761988e+05 4.761988e+05 
7.900000e-03 2.221359e+07 4.929358e+05 4.929358e+05 3.494000e+06 4.382069e+05 4.382069e+05 
7.950000e-03 2.063467e+07 4.553516e+05 4.553516e+05 3.405503e+06 4.049680e+05 4.049680e+05 
8.000000e-03 1.916062e+07 4.193148e+05 4.193148e+05 3.320080e+06 3.730916e+05 3.730916e+05 
8.050000e-03 1.780733e+07 3.891922e+05 3.891922e+05 3.251721e+06 3.463170e+05 3.463170e+05 
8.100000e-03 1.654968e+07 3.613185e+05 3.613185e+05 3.190306e+06 3.214082e+05 3.214082e+05 
8.150000e-03 1.537407e+07 3.345637e+05 3.345637e+05 3.132617e+06 2.975315e+05 2.975315e+05 
8.200000e-03 1.428087e+07 3.097454e+05 3.097454e+05 3.078351e+06 2.754497e+05 2.754497e+05 
8.250000e-03 1.326188e+07 2.863274e+05 2.863274e+05 3.027228e+06 2.546515e+05 2.546515e+05 
8.300000e-03 1.231768e+07 2.652464e+05 2.652464e+05 2.981675e+06 2.359263e+05 2.359263e+05 
8.350000e-03 1.143627e+07 2.450511e+05 2.450511e+05 2.937057e+06 2.180250e+05 2.180250e+05 
8.400000e-03 1.061164e+07 2.254180e+05 2.254180e+05 2.890466e+06 2.006526e+05 2.006526e+05 
8.450000e-03 9.845476e+06 2.072742e+05 2.072742e+05 2.848507e+06 1.845822e+05 1.845822e+05 
8.500000e-03 9.134717e+06 1.907216e+05 1.907216e+05 2.808483e+06 1.699379e+05 1.699379e+05 
8.550000e-03 8.477262e+06 1.759210e+05 1.759210e+05 2.770444e+06 1.568263e+05 1.568263e+05 
8.600000e-03 7.872076e+06 1.631777e+05 1.631777e+05 2.736432e+06 1.454456e+05 1.454456e+05 
8.650000e-03 7.309099e+06 1.512701e+05 1.512701e+05 2.701161e+06 1.348036e+05 1.348036e+05 
8.700000e-03 6.785231e+06 1.401073e+05 1.401073e+05 2.666794e+06 1.248450e+05 1.248450e+05 
8.750000e-03 6.297152e+06 1.295399e+05 1.295399e+05 2.631525e+06 1.154291e+05 1.154291e+05 
8.800000e-03 5.844009e+06 1.198069e+05 1.198069e+05 2.595482e+06 1.067534e+05 1.067534e+05 
8.850000e-03 5.422990e+06 1.108221e+05 1.108221e+05 2.559842e+06 9.877220e+04 9.877220e+04 
8.900000e-03 5.029558e+06 1.020623e+05 1.020623e+05 2.522262e+06 9.099957e+04 9.099957e+04 
8.950000e-03 4.661724e+06 9.353363e+04 9.353363e+04 2.480809e+06 8.344088e+04 8.344088e+04 
9.000000e-03 4.322393e+06 8.604465e+04 8.604465e+04 2.442182e+06 7.678970e+04 7.678970e+04 
9.050000e-03 4.006526e+06 7.896961e+04 7.896961e+04 2.402576e+06 7.051083e+04 7.051083e+04 
9.100000e-03 3.715174e+06 7.281794e+04 7.281794e+04 2.362934e+06 6.504355e+04 6.504355e+04 
9.150000e-03 3.447216e+06 6.753071e+04 6.753071e+04 2.323479e+06 6.030672e+04 6.030672e+04 
9.200000e-03 3.198020e+06 6.259820e+04 6.259820e+04 2.278846e+06 5.589330e+04 5.589330e+04 
9.250000e-03 2.965803e+06 5.785794e+04 5.785794e+04 2.235735e+06 5.165123e+04 5.165123e+04 
9.300000e-03 2.750534e+06 5.356079e+04 5.356079e+04 2.193810e+06 4.782077e+04 4.782077e+04 
9.350000e-03 2.550765e+06 4.961071e+04 4.961071e+04 2.150818e+06 4.430158e+04 4.430158e+04 
9.400000e-03 2.363343e+06 4.555897e+04 4.555897e+04 2.106904e+06 4.067975e+04 4.067975e+04 
9.450000e-03 2.189167e+06 4.179608e+04 4.179608e+04 2.061747e+06 3.733675e+04 3.733675e+04 
9.500000e-03 2.027554e+06 3.831468e+04 3.831468e+04 2.016225e+06 3.424171e+04 3.424171e+04 
9.550000e-03 1.878072e+06 3.520713e+04 3.520713e+04 1.970594e+06 3.148107e+04 3.148107e+04 
9.600000e-03 1.739385e+06 3.232519e+04 3.232519e+04 1.922732e+06 2.892352e+04 2.892352e+04 
9.650000e-03 1.609795e+06 2.943980e+04 2.943980e+04 1.877077e+06 2.631493e+04 2.631493e+04 
9.700000e-03 1.491512e+06 2.715243e+04 2.715243e+04 1.831598e+06 2.425325e+04 2.425325e+04 
9.750000e-03 1.382254e+06 2.512450e+04 2.512450e+04 1.782548e+06 2.243801e+04 2.243801e+04 
9.800000e-03 1.280773e+06 2.323641e+04 2.323641e+04 1.736686e+06 2.075321e+04 2.075321e+04 
9.850000e-03 1.186929e+06 2.154702e+04 2.154702e+04 1.691085e+06 1.924603e+04 1.924603e+04 
9.900000e-03 1.099429e+06 1.989792e+04 1.989792e+04 1.644026e+06 1.777673e+04 1.777673e+04 
9.950000e-03 1.017753e+06 1.827325e+04 1.827325e+04 1.598074e+06 1.633044e+04 1.633044e+04 
1.000000e-02 9.415761e+05 1.669040e+04 1.669040e+04 1.552171e+06 1.492258e+04 1.492258e+04 
1.005000e-02 8.708454e+05 1.518668e+04 1.518668e+04 1.505958e+06 1.357048e+04 1.357048e+04 
1.010000e-02 8.058065e+05 1.391871e+04 1.391871e+04 1.460856e+06 1.244707e+04 1.244707e+04 
1.015000e-02 7.457399e+05 1.278487e+04 1.278487e+04 1.415577e+06 1.144017e+04 1.144017e+04 
1.020000e-02 6.891170e+05 1.152222e+04 1.152222e+04 1.372176e+06 1.028823e+04 1.028823e+04 
1.025000e-02 6.383290e+05 1.069965e+04 1.069965e+04 1.329216e+06 9.553332e+03 9.553332e+03 
1.030000e-02 5.910629e+05 9.900450e+03 9.900450e+03 1.286672e+06 8.839646e+03 8.839646e+03 
1.035000e-02 5.467353e+05 9.053889e+03 9.053889e+03 1.244737e+06 8.074039e+03 8.074039e+03 
1.040000e-02 5.061766e+05 8.377866e+03 8.377866e+03 1.203456e+06 7.472447e+03 7.472447e+03 
1.045000e-02 4.683600e+05 7.709937e+03 7.709937e+03 1.162398e+06 6.878388e+03 6.878388e+03 
1.050000e-02 4.325489e+05 6.937212e+03 6.937212e+03 1.122191e+06 6.181700e+03 6.181700e+03 
1.055000e-02 4.000322e+05 6.356049e+03 6.356049e+03 1.082456e+06 5.666148e+03 5.666148e+03 
1.060000e-02 3.694706e+05 5.731987e+03 5.731987e+03 1.043870e+06 5.107675e+03 5.107675e+03 
1.065000e-02 3.416052e+05 5.242995e+03 5.242995e+03 1.005830e+06 4.675592e+03 4.675592e+03 
1.070000e-02 3.159895e+05 4.826443e+03 4.826443e+03 9.685097e+05 4.306914e+03 4.306914e+03 
1.075000e-02 2.925168e+05 4.486437e+03 4.486437e+03 9.325225e+05 4.003311e+03 4.003311e+03 
1.080000e-02 2.707220e+05 4.159520e+03 4.159520e+03 8.971595e+05 3.711542e+03 3.711542e+03 
1.085000e-02 2.505368e+05 3.859292e+03 3.859292e+03 8.625638e+05 3.443923e+03 3.443923e+03 
1.090000e-02 2.318552e+05 3.581435e+03 3.581435e+03 8.287451e+05 3.196548e+03 3.196548e+03 
1.095000e-02 2.143285e+05 3.281920e+03 3.281920e+03 7.960093e+05 2.928717e+03 2.928717e+03 
1.100000e-02 1.979159e+05 2.969040e+03 2.969040e+03 7.631507e+05 2.648276e+03 2.648276e+03 
1.105000e-02 1.829087e+05 2.715989e+03 2.715989e+03 7.320836e+05 2.423888e+03 2.423888e+03 
1.110000e-02 1.690164e+05 2.481066e+03 2.481066e+03 7.019453e+05 2.214600e+03 2.214600e+03 
1.115000e-02 1.559479e+05 2.225915e+03 2.225915e+03 6.725969e+05 1.986387e+03 1.986387e+03 
1.120000e-02 1.440972e+05 2.036379e+03 2.036379e+03 6.437788e+05 1.818642e+03 1.818642e+03 
1.125000e-02 1.332403e+05 1.881093e+03 1.881093e+03 6.160088e+05 1.680581e+03 1.680581e+03 
1.130000e-02 1.231732e+05 1.732243e+03 1.732243e+03 5.893067e+05 1.546864e+03 1.546864e+03 
1.135000e-02 1.138060e+05 1.585183e+03 1.585183e+03 5.619850e+05 1.414658e+03 1.414658e+03 
1.140000e-02 1.051078e+05 1.443144e+03 1.443144e+03 5.370192e+05 1.286798e+03 1.286798e+03 
1.145000e-02 9.718054e+04 1.336052e+03 1.336052e+03 5.128441e+05 1.191560e+03 1.191560e+03 
1.150000e-02 8.929429e+04 1.128933e+03 1.128933e+03 4.894379e+05 1.003422e+03 1.003422e+03 
1.155000e-02 8.248672e+04 1.033548e+03 1.033548e+03 4.668114e+05 9.190191e+02 9.190191e+02 
1.160000e-02 7.619879e+04 9.472792e+02 9.472792e+02 4.449583e+05 8.427491e+02 8.427491e+02 
1.165000e-02 7.038712e+04 8.686187e+02 8.686187e+02 4.238651e+05 7.732667e+02 7.732667e+02 
1.170000e-02 6.479785e+04 7.542382e+02 7.542382e+02 4.035330e+05 6.707110e+02 6.707110e+02 
1.175000e-02 5.985093e+04 6.915681e+02 6.915681e+02 3.839489e+05 6.154425e+02 6.154425e+02 
1.180000e-02 5.520699e+04 6.195462e+02 6.195462e+02 3.651357e+05 5.507568e+02 5.507568e+02 
1.185000e-02 5.092678e+04 5.556274e+02 5.556274e+02 3.470361e+05 4.933009e+02 4.933009e+02 
1.190000e-02 4.635179e+04 3.775649e+02 3.775649e+02 3.296285e+05 3.319802e+02 3.319802e+02 
1.195000e-02 4.283765e+04 3.512714e+02 3.512714e+02 3.129128e+05 3.089288e+02 3.089288e+02 
1.200000e-02 3.957807e+04 3.249701e+02 3.249701e+02 2.968561e+05 2.858705e+02 2.858705e+02 
1.205000e-02 3.655360e+04 2.986587e+02 2.986587e+02 2.814584e+05 2.628033e+02 2.628033e+02 
1.210000e-02 3.374815e+04 2.725157e+02 2.725157e+02 2.663693e+05 2.398863e+02 2.398863e+02 
1.215000e-02 3.116259e+04 2.498444e+02 2.498444e+02 2.522716e+05 2.200638e+02 2.200638e+02 
1.220000e-02 2.876267e+04 2.271374e+02 2.271374e+02 2.387780e+05 2.002101e+02 2.002101e+02 
1.225000e-02 2.654744e+04 2.064462e+02 2.064462e+02 2.257700e+05 1.821372e+02 1.821372e+02 
1.230000e-02 2.451189e+04 1.898591e+02 1.898591e+02 2.133106e+05 1.676590e+02 1.676590e+02 
1.235000e-02 2.265396e+04 1.784144e+02 1.784144e+02 2.015948e+05 1.575798e+02 1.575798e+02 
1.240000e-02 2.093251e+04 1.671792e+02 1.671792e+02 1.904175e+05 1.476796e+02 1.476796e+02 
1.245000e-02 1.933823e+04 1.559414e+02 1.559414e+02 1.797675e+05 1.377770e+02 1.377770e+02 
1.250000e-02 1.785971e+04 1.447005e+02 1.447005e+02 1.696227e+05 1.278717e+02 1.278717e+02 
1.255000e-02 1.648913e+04 1.334554e+02 1.334554e+02 1.599722e+05 1.179626e+02 1.179626e+02 
1.260000e-02 1.521837e+04 1.222049e+02 1.222049e+02 1.507940e+05 1.080488e+02 1.080488e+02 
1.265000e-02 1.384441e+04 7.357606e+01 7.357606e+01 1.420662e+05 6.442834e+01 6.442834e+01 
1.270000e-02 1.277550e+04 6.688286e+01 6.688286e+01 1.337886e+05 5.859945e+01 5.859945e+01 
1.275000e-02 1.178511e+04 6.018902e+01 6.018902e+01 1.259394e+05 5.277000e+01 5.277000e+01 
1.280000e-02 1.068456e+04 1.917323e+01 1.917323e+01 1.184857e+05 1.654950e+01 1.654950e+01 
1.285000e-02 9.860605e+03 1.732895e+01 1.732895e+01 1.113742e+05 1.496957e+01 1.496957e+01 
1.290000e-02 9.103632e+03 1.637211e+01 1.637211e+01 1.046994e+05 1.414623e+01 1.414623e+01 
1.295000e-02 8.404213e+03 1.541527e+01 1.541527e+01 9.838271e+04 1.332289e+01 1.332289e+01 
1.300000e-02 7.757955e+03 1.445842e+01 1.445842e+01 9.241090e+04 1.249955e+01 1.249955e+01 
1.305000e-02 7.160794e+03 1.350156e+01 1.350156e+01 8.676750e+04 1.167619e+01 1.167619e+01 
1.310000e-02 6.608841e+03 1.254469e+01 1.254469e+01 8.143714e+04 1.085284e+01 1.085284e+01 
1.315000e-02 6.098879e+03 1.158782e+01 1.158782e+01 7.640663e+04 1.002947e+01 1.002947e+01 
1.320000e-02 5.627667e+03 1.063093e+01 1.063093e+01 7.166169e+04 9.206097e+00 9.206097e+00 
1.325000e-02 5.192097e+03 9.674041e+00 9.674041e+00 6.718806e+04 8.382714e+00 8.382714e+00 
1.330000e-02 4.789664e+03 8.717136e+00 8.717136e+00 6.297363e+04 7.559322e+00 7.559322e+00 
1.335000e-02 4.414345e+03 7.158467e+00 7.158467e+00 5.900414e+04 6.221232e+00 6.221232e+00 
1.340000e-02 4.036951e+03 1.427979e-33 1.427979e-33 5.526860e+04 1.427979e-33 1.427979e-33 
1.345000e-02 3.724433e+03 1.427979e-33 1.427979e-33 5.175384e+04 1.427979e-33 1.427979e-33 
1.350000e-02 3.435970e+03 1.427979e-33 1.427979e-33 4.844996e+04 1.427979e-33 1.427979e-33 
1.355000e-02 3.169737e+03 1.427979e-33 1.427979e-33 4.534378e+04 1.427979e-33 1.427979e-33 
1.360000e-02 2.923934e+03 1.427979e-33 1.427979e-33 4.242543e+04 1.427979e-33 1.427979e-33 
1.365000e-02 2.697111e+03 1.427979e-33 1.427979e-33 3.968611e+04 1.427979e-33 1.427979e-33 
1.370000e-02 2.487719e+03 1.427979e-33 1.427979e-33 3.711374e+04 1.427979e-33 1.427979e-33 
1.375000e-02 2.294571e+03 1.427979e-33 1.427979e-33 3.469953e+04 1.427979e-33 1.427979e-33 
1.380000e-02 2.116274e+03 1.427979e-33 1.427979e-33 3.243470e+04 1.427979e-33 1.427979e-33 
1.385000e-02 1.951739e+03 1.427979e-33 1.427979e-33 3.031157e+04 1.427979e-33 1.427979e-33 
1.390000e-02 1.799846e+03 1.427979e-33 1.427979e-33 2.832023e+04 1.427979e-33 1.427979e-33 
1.395000e-02 1.659772e+03 1.427979e-33 1.427979e-33 2.645521e+04 1.427979e-33 1.427979e-33 
1.400000e-02 1.530505e+03 1.427979e-33 1.427979e-33 2.470661e+04 1.427979e-33 1.427979e-33 
1.405000e-02 1.411245e+03 1.427979e-33 1.427979e-33 2.306895e+04 1.427979e-33 1.427979e-33 
1.410000e-02 1.301210e+03 1.427979e-33 1.427979e-33 2.153563e+04 1.427979e-33 1.427979e-33 
1.415000e-02 1.199744e+03 1.427979e-33 1.427979e-33 2.010007e+04 1.427979e-33 1.427979e-33 
1.420000e-02 1.106108e+03 1.427979e-33 1.427979e-33 1.875567e+04 1.427979e-33 1.427979e-33 
1.425000e-02 1.019733e+03 1.427979e-33 1.427979e-33 1.749804e+04 1.427979e-33 1.427979e-33 
1.430000e-02 9.400682e+02 1.427979e-33 1.427979e-33 1.632170e+04 1.427979e-33 1.427979e-33 
1.435000e-02 8.665876e+02 1.427979e-33 1.427979e-33 1.522114e+04 1.427979e-33 1.427979e-33 
1.440000e-02 7.988185e+02 1.427979e-33 1.427979e-33 1.419197e+04 1.427979e-33 1.427979e-33 
1.445000e-02 7.363106e+02 1.427979e-33 1.427979e-33 1.322870e+04 1.427979e-33 1.427979e-33 
1.450000e-02 6.786684e+02 1.427979e-33 1.427979e-33 1.232914e+04 1.427979e-33 1.427979e-33 
1.455000e-02 6.255120e+02 1.427979e-33 1.427979e-33 1.148779e+04 1.427979e-33 1.427979e-33 
1.460000e-02 5.764931e+02 1.427979e-33 1.427979e-33 1.070191e+04 1.427979e-33 1.427979e-33 
1.465000e-02 5.312954e+02 1.427979e-33 1.427979e-33 9.967768e+03 1.427979e-33 1.427979e-33 
1.470000e-02 4.896223e+02 1.427979e-33 1.427979e-33 9.281949e+03 1.427979e-33 1.427979e-33 
1.475000e-02 4.512015e+02 1.427979e-33 1.427979e-33 8.641493e+03 1.427979e-33 1.427979e-33 
1.480000e-02 4.157716e+02 1.427979e-33 1.427979e-33 8.043653e+03 1.427979e-33 1.427979e-33 
1.485000e-02 3.831117e+02 1.427979e-33 1.427979e-33 7.485574e+03 1.427979e-33 1.427979e-33 
1.490000e-02 3.530122e+02 1.427979e-33 1.427979e-33 6.964839e+03 1.427979e-33 1.427979e-33 
1.495000e-02 3.252554e+02 1.427979e-33 1.427979e-33 6.479033e+03 1.427979e-33 1.427979e-33 
1.500000e-02 2.996712e+02 1.427979e-33 1.427979e-33 6.025847e+03 1.427979e-33 1.427979e-33 
1.505000e-02 2.760882e+02 1.427979e-33 1.427979e-33 5.603307e+03 1.427979e-33 1.427979e-33 
1.510000e-02 2.543527e+02 1.427979e-33 1.427979e-33 5.209433e+03 1.427979e-33 1.427979e-33 
1.515000e-02 2.343207e+02 1.427979e-33 1.427979e-33 4.842250e+03 1.427979e-33 1.427979e-33 
1.520000e-02 2.158616e+02 1.427979e-33 1.427979e-33 4.500219e+03 1.427979e-33 1.427979e-33 
1.525000e-02 1.988358e+02 1.427979e-33 1.427979e-33 4.181584e+03 1.427979e-33 1.427979e-33 
1.530000e-02 1.831600e+02 1.427979e-33 1.427979e-33 3.884696e+03 1.427979e-33 1.427979e-33 
1.535000e-02 1.687077e+02 1.427979e-33 1.427979e-33 3.608457e+03 1.427979e-33 1.427979e-33 
1.540000e-02 1.553878e+02 1.427979e-33 1.427979e-33 3.351110e+03 1.427979e-33 1.427979e-33 
1.545000e-02 1.431202e+02 1.427979e-33 1.427979e-33 3.111667e+03 1.427979e-33 1.427979e-33 
1.550000e-02 1.318158e+02 1.427979e-33 1.427979e-33 2.888918e+03 1.427979e-33 1.427979e-33 
1.555000e-02 1.214011e+02 1.427979e-33 1.427979e-33 2.681657e+03 1.427979e-33 1.427979e-33 
1.560000e-02 1.118036e+02 1.427979e-33 1.427979e-33 2.488894e+03 1.427979e-33 1.427979e-33 
1.565000e-02 1.029618e+02 1.427979e-33 1.427979e-33 2.309641e+03 1.427979e-33 1.427979e-33 
1.570000e-02 9.481522e+01 1.427979e-33 1.427979e-33 2.143019e+03 1.427979e-33 1.427979e-33 
1.575000e-02 8.731009e+01 1.427979e-33 1.427979e-33 1.988150e+03 1.427979e-33 1.427979e-33 
1.580000e-02 8.039699e+01 1.427979e-33 1.427979e-33 1.844264e+03 1.427979e-33 1.427979e-33 
1.585000e-02 7.402867e+01 1.427979e-33 1.427979e-33 1.710483e+03 1.427979e-33 1.427979e-33 
1.590000e-02 6.816230e+01 1.427979e-33 1.427979e-33 1.586258e+03 1.427979e-33 1.427979e-33 
1.595000e-02 6.275901e+01 1.427979e-33 1.427979e-33 1.470820e+03 1.427979e-33 1.427979e-33 
1.600000e-02 5.778232e+01 1.427979e-33 1.427979e-33 1.363620e+03 1.427979e-33 1.427979e-33 
1.605000e-02 5.319852e+01 1.427979e-33 1.427979e-33 1.264108e+03 1.427979e-33 1.427979e-33 
1.610000e-02 4.897640e+01 1.427979e-33 1.427979e-33 1.171735e+03 1.427979e-33 1.427979e-33 
1.615000e-02 4.508863e+01 1.427979e-33 1.427979e-33 1.086019e+03 1.427979e-33 1.427979e-33 
1.620000e-02 4.150785e+01 1.427979e-33 1.427979e-33 1.006442e+03 1.427979e-33 1.427979e-33 
1.625000e-02 3.821056e+01 1.427979e-33 1.427979e-33 9.325884e+02 1.427979e-33 1.427979e-33 
1.630000e-02 3.517370e+01 1.427979e-33 1.427979e-33 8.640614e+02 1.427979e-33 1.427979e-33 
1.635000e-02 3.237737e+01 1.427979e-33 1.427979e-33 8.004990e+02 1.427979e-33 1.427979e-33 
1.640000e-02 2.980236e+01 1.427979e-33 1.427979e-33 7.415388e+02 1.427979e-33 1.427979e-33 
1.645000e-02 2.743143e+01 1.427979e-33 1.427979e-33 6.868513e+02 1.427979e-33 1.427979e-33 
1.650000e-02 2.524800e+01 1.427979e-33 1.427979e-33 6.361398e+02 1.427979e-33 1.427979e-33 
1.655000e-02 2.323766e+01 1.427979e-33 1.427979e-33 5.891188e+02 1.427979e-33 1.427979e-33 
1.660000e-02 2.138713e+01 1.427979e-33 1.427979e-33 5.455247e+02 1.427979e-33 1.427979e-33 
1.665000e-02 1.968368e+01 1.427979e-33 1.427979e-33 5.051159e+02 1.427979e-33 1.427979e-33 
1.670000e-02 1.811445e+01 1.427979e-33 1.427979e-33 4.676507e+02 1.427979e-33 1.427979e-33 
1.675000e-02 1.666999e+01 1.427979e-33 1.427979e-33 4.329314e+02 1.427979e-33 1.427979e-33 
1.680000e-02 1.534130e+01 1.427979e-33 1.427979e-33 4.007493e+02 1.427979e-33 1.427979e-33 
1.685000e-02 1.411684e+01 1.427979e-33 1.427979e-33 3.709397e+02 1.427979e-33 1.427979e-33 
1.690000e-02 1.299069e+01 1.427979e-33 1.427979e-33 3.433158e+02 1.427979e-33 1.427979e-33 
1.695000e-02 1.195361e+01 1.427979e-33 1.427979e-33 3.177239e+02 1.427979e-33 1.427979e-33 
1.700000e-02 1.099902e+01 1.427979e-33 1.427979e-33 2.940212e+02 1.427979e-33 1.427979e-33 
1.705000e-02 1.012033e+01 1.427979e-33 1.427979e-33 2.720649e+02 1.427979e-33 1.427979e-33 
1.710000e-02 9.311824e+00 1.427979e-33 1.427979e-33 2.517232e+02 1.427979e-33 1.427979e-33 
1.715000e-02 8.567463e+00 1.427979e-33 1.427979e-33 2.328862e+02 1.427979e-33 1.427979e-33 
1.720000e-02 7.882413e+00 1.427979e-33 1.427979e-33 2.154442e+02 1.427979e-33 1.427979e-33 
1.725000e-02 7.251952e+00 1.427979e-33 1.427979e-33 1.992982e+02 1.427979e-33 1.427979e-33 
1.730000e-02 6.671752e+00 1.427979e-33 1.427979e-33 1.843385e+02 1.427979e-33 1.427979e-33 
1.735000e-02 6.137771e+00 1.427979e-33 1.427979e-33 1.704991e+02 1.427979e-33 1.427979e-33 
1.740000e-02 5.646461e+00 1.427979e-33 1.427979e-33 1.576812e+02 1.427979e-33 1.427979e-33 
1.745000e-02 5.194210e+00 1.427979e-33 1.427979e-33 1.458299e+02 1.427979e-33 1.427979e-33 
1.750000e-02 4.778127e+00 1.427979e-33 1.427979e-33 1.348462e+02 1.427979e-33 1.427979e-33 
1.755000e-02 4.395237e+00 1.427979e-33 1.427979e-33 1.246863e+02 1.427979e-33 1.427979e-33 
1.760000e-02 4.042926e+00 1.427979e-33 1.427979e-33 1.152843e+02 1.427979e-33 1.427979e-33 
1.765000e-02 3.718843e+00 1.427979e-33 1.427979e-33 1.065831e+02 1.427979e-33 1.427979e-33 
1.770000e-02 3.420549e+00 1.427979e-33 1.427979e-33 9.853318e+01 1.427979e-33 1.427979e-33 
1.775000e-02 3.146067e+00 1.427979e-33 1.427979e-33 9.108627e+01 1.427979e-33 1.427979e-33 
1.780000e-02 2.893575e+00 1.427979e-33 1.427979e-33 8.419513e+01 1.427979e-33 1.427979e-33 
1.785000e-02 2.661370e+00 1.427979e-33 1.427979e-33 7.782132e+01 1.427979e-33 1.427979e-33 
1.790000e-02 2.447661e+00 1.427979e-33 1.427979e-33 7.192530e+01 1.427979e-33 1.427979e-33 
1.795000e-02 2.251010e+00 1.427979e-33 1.427979e-33 6.647192e+01 1.427979e-33 1.427979e-33 
1.800000e-02 2.070219e+00 1.427979e-33 1.427979e-33 6.142823e+01 1.427979e-33 1.427979e-33 
1.805000e-02 1.903762e+00 1.427979e-33 1.427979e-33 5.676458e+01 1.427979e-33 1.427979e-33 
1.810000e-02 1.750705e+00 1.427979e-33 1.427979e-33 5.245130e+01 1.427979e-33 1.427979e-33 
1.815000e-02 1.609994e+00 1.427979e-33 1.427979e-33 4.846204e+01 1.427979e-33 1.427979e-33 
1.820000e-02 1.480486e+00 1.427979e-33 1.427979e-33 4.477483e+01 1.427979e-33 1.427979e-33 
1.825000e-02 1.361280e+00 1.427979e-33 1.427979e-33 4.136551e+01 1.427979e-33 1.427979e-33 
1.830000e-02 1.251773e+00 1.427979e-33 1.427979e-33 3.821320e+01 1.427979e-33 1.427979e-33 
1.835000e-02 1.150998e+00 1.427979e-33 1.427979e-33 3.529924e+01 1.427979e-33 1.427979e-33 
1.840000e-02 1.058296e+00 1.427979e-33 1.427979e-33 3.260495e+01 1.427979e-33 1.427979e-33 
1.845000e-02 9.730631e-01 1.427979e-33 1.427979e-33 3.011496e+01 1.427979e-33 1.427979e-33 
1.850000e-02 8.946508e-01 1.427979e-33 1.427979e-33 2.781388e+01 1.427979e-33 1.427979e-33 
1.855000e-02 8.225542e-01 1.427979e-33 1.427979e-33 2.568745e+01 1.427979e-33 1.427979e-33 
1.860000e-02 7.562349e-01 1.427979e-33 1.427979e-33 2.372248e+01 1.427979e-33 1.427979e-33 
1.865000e-02 6.952570e-01 1.427979e-33 1.427979e-33 2.190578e+01 1.427979e-33 1.427979e-33 
1.870000e-02 6.391735e-01 1.427979e-33 1.427979e-33 2.022748e+01 1.427979e-33 1.427979e-33 
1.875000e-02 5.876052e-01 1.427979e-33 1.427979e-33 1.867659e+01 1.427979e-33 1.427979e-33 
1.880000e-02 5.401888e-01 1.427979e-33 1.427979e-33 1.724432e+01 1.427979e-33 1.427979e-33 
1.885000e-02 4.965750e-01 1.427979e-33 1.427979e-33 1.592079e+01 1.427979e-33 1.427979e-33 
1.890000e-02 4.564858e-01 1.427979e-33 1.427979e-33 1.469722e+01 1.427979e-33 1.427979e-33 
1.895000e-02 4.196137e-01 1.427979e-33 1.427979e-33 1.356810e+01 1.427979e-33 1.427979e-33 
1.900000e-02 3.857094e-01 1.427979e-33 1.427979e-33 1.252465e+01 1.427979e-33 1.427979e-33 
1.905000e-02 3.545378e-01 1.427979e-33 1.427979e-33 1.156029e+01 1.427979e-33 1.427979e-33 
1.910000e-02 3.258880e-01 1.427979e-33 1.427979e-33 1.067050e+01 1.427979e-33 1.427979e-33 
1.915000e-02 2.995339e-01 1.427979e-33 1.427979e-33 9.848376e+00 1.427979e-33 1.427979e-33 
1.920000e-02 2.753117e-01 1.427979e-33 1.427979e-33 9.089186e+00 1.427979e-33 1.427979e-33 
1.925000e-02 2.530423e-01 1.427979e-33 1.427979e-33 8.388100e+00 1.427979e-33 1.427979e-33 
1.930000e-02 2.325688e-01 1.427979e-33 1.427979e-33 7.740614e+00 1.427979e-33 1.427979e-33 
1.935000e-02 2.137483e-01 1.427979e-33 1.427979e-33 7.142884e+00 1.427979e-33 1.427979e-33 
1.940000e-02 1.964392e-01 1.427979e-33 1.427979e-33 6.590956e+00 1.427979e-33 1.427979e-33 
1.945000e-02 1.805338e-01 1.427979e-33 1.427979e-33 6.081315e+00 1.427979e-33 1.427979e-33 
1.950000e-02 1.659058e-01 1.427979e-33 1.427979e-33 5.610885e+00 1.427979e-33 1.427979e-33 
1.955000e-02 1.524728e-01 1.427979e-33 1.427979e-33 5.176592e+00 1.427979e-33 1.427979e-33 
1.960000e-02 1.401107e-01 1.427979e-33 1.427979e-33 4.775689e+00 1.427979e-33 1.427979e-33 
1.965000e-02 1.287591e-01 1.427979e-33 1.427979e-33 4.405650e+00 1.427979e-33 1.427979e-33 
1.970000e-02 1.183191e-01 1.427979e-33 1.427979e-33 4.064059e+00 1.427979e-33 1.427979e-33 
1.975000e-02 1.087238e-01 1.427979e-33 1.427979e-33 3.748828e+00 1.427979e-33 1.427979e-33 
1.980000e-02 9.990504e-02 1.427979e-33 1.427979e-33 3.457871e+00 1.427979e-33 1.427979e-33 
1.985000e-02 9.179911e-02 1.427979e-33 1.427979e-33 3.189321e+00 1.427979e-33 1.427979e-33 
1.990000e-02 8.435000e-02 1.427979e-33 1.427979e-33 2.941530e+00 1.427979e-33 1.427979e-33 
1.995000e-02 7.750280e-02 1.427979e-33 1.427979e-33 2.712850e+00 1.427979e-33 1.427979e-33 
2.000000e-02 7.121027e-02 1.427979e-33 1.427979e-33 2.501855e+00 1.427979e-33 1.427979e-33 
2.005000e-02 6.542793e-02 1.427979e-33 1.427979e-33 2.307115e+00 1.427979e-33 1.427979e-33 
2.010000e-02 6.011294e-02 1.427979e-33 1.427979e-33 2.127532e+00 1.427979e-33 1.427979e-33 
2.015000e-02 5.522862e-02 1.427979e-33 1.427979e-33 1.961789e+00 1.427979e-33 1.427979e-33 
2.020000e-02 5.074016e-02 1.427979e-33 1.427979e-33 1.808897e+00 1.427979e-33 1.427979e-33 
2.025000e-02 4.661591e-02 1.427979e-33 1.427979e-33 1.667757e+00 1.427979e-33 1.427979e-33 
2.030000e-02 4.282611e-02 1.427979e-33 1.427979e-33 1.537710e+00 1.427979e-33 1.427979e-33 
2.035000e-02 3.934353e-02 1.427979e-33 1.427979e-33 1.417659e+00 1.427979e-33 1.427979e-33 
2.040000e-02 3.614344e-02 1.427979e-33 1.427979e-33 1.306944e+00 1.427979e-33 1.427979e-33 
2.045000e-02 3.320246e-02 1.427979e-33 1.427979e-33 1.204796e+00 1.427979e-33 1.427979e-33 
2.050000e-02 3.050070e-02 1.427979e-33 1.427979e-33 1.110666e+00 1.427979e-33 1.427979e-33 
2.055000e-02 2.801774e-02 1.427979e-33 1.427979e-33 1.023786e+00 1.427979e-33 1.427979e-33 
2.060000e-02 2.573655e-02 1.427979e-33 1.427979e-33 9.436708e-01 1.427979e-33 1.427979e-33 
2.065000e-02 2.364131e-02 1.427979e-33 1.427979e-33 8.697949e-01 1.427979e-33 1.427979e-33 
2.070000e-02 2.171544e-02 1.427979e-33 1.427979e-33 8.016633e-01 1.427979e-33 1.427979e-33 
2.075000e-02 1.994674e-02 1.427979e-33 1.427979e-33 7.388588e-01 1.427979e-33 1.427979e-33 
2.080000e-02 1.832149e-02 1.427979e-33 1.427979e-33 6.809311e-01 1.427979e-33 1.427979e-33 
2.085000e-02 1.682771e-02 1.427979e-33 1.427979e-33 6.275286e-01 1.427979e-33 1.427979e-33 
2.090000e-02 1.545608e-02 1.427979e-33 1.427979e-33 5.782889e-01 1.427979e-33 1.427979e-33 
2.095000e-02 1.419526e-02 1.427979e-33 1.427979e-33 5.328935e-01 1.427979e-33 1.427979e-33 
2.100000e-02 1.303825e-02 1.427979e-33 1.427979e-33 4.910348e-01 1.427979e-33 1.427979e-33 
2.105000e-02 1.197437e-02 1.427979e-33 1.427979e-33 4.524603e-01 1.427979e-33 1.427979e-33 
2.110000e-02 1.099737e-02 1.427979e-33 1.427979e-33 4.168842e-01 1.427979e-33 1.427979e-33 
2.115000e-02 1.009990e-02 1.427979e-33 1.427979e-33 3.840981e-01 1.427979e-33 1.427979e-33 
2.120000e-02 9.275469e-03 1.427979e-33 1.427979e-33 3.538821e-01 1.427979e-33 1.427979e-33 
2.125000e-02 8.518256e-03 1.427979e-33 1.427979e-33 3.260275e-01 1.427979e-33 1.427979e-33 
2.130000e-02 7.822662e-03 1.427979e-33 1.427979e-33 3.003478e-01 1.427979e-33 1.427979e-33 
2.135000e-02 7.183633e-03 1.427979e-33 1.427979e-33 2.766890e-01 1.427979e-33 1.427979e-33 
2.140000e-02 6.596788e-03 1.427979e-33 1.427979e-33 2.548865e-01 1.427979e-33 1.427979e-33 
2.145000e-02 6.057722e-03 1.427979e-33 1.427979e-33 2.347864e-01 1.427979e-33 1.427979e-33 
2.150000e-02 5.562645e-03 1.427979e-33 1.427979e-33 2.162680e-01 1.427979e-33 1.427979e-33 
2.155000e-02 5.108010e-03 1.427979e-33 1.427979e-33 1.991994e-01 1.427979e-33 1.427979e-33 
2.160000e-02 4.690357e-03 1.427979e-33 1.427979e-33 1.834708e-01 1.427979e-33 1.427979e-33 
2.165000e-02 4.306797e-03 1.427979e-33 1.427979e-33 1.689834e-01 1.427979e-33 1.427979e-33 
2.170000e-02 3.954475e-03 1.427979e-33 1.427979e-33 1.556273e-01 1.427979e-33 1.427979e-33 
2.175000e-02 3.631006e-03 1.427979e-33 1.427979e-33 1.433256e-01 1.427979e-33 1.427979e-33 
2.180000e-02 3.333855e-03 1.427979e-33 1.427979e-33 1.320014e-01 1.427979e-33 1.427979e-33 
2.185000e-02 3.061021e-03 1.427979e-33 1.427979e-33 1.215560e-01 1.427979e-33 1.427979e-33 
2.190000e-02 2.810451e-03 1.427979e-33 1.427979e-33 1.119343e-01 1.427979e-33 1.427979e-33 
2.195000e-02 2.580300e-03 1.427979e-33 1.427979e-33 1.030727e-01 1.427979e-33 1.427979e-33 
2.200000e-02 2.369018e-03 1.427979e-33 1.427979e-33 9.490968e-02 1.427979e-33 1.427979e-33 
2.205000e-02 2.175036e-03 1.427979e-33 1.427979e-33 8.738918e-02 1.427979e-33 1.427979e-33 
2.210000e-02 1.996805e-03 1.427979e-33 1.427979e-33 8.046289e-02 1.427979e-33 1.427979e-33 
2.215000e-02 1.833148e-03 1.427979e-33 1.427979e-33 7.408249e-02 1.427979e-33 1.427979e-33 
2.220000e-02 1.683002e-03 1.427979e-33 1.427979e-33 6.820514e-02 1.427979e-33 1.427979e-33 
2.225000e-02 1.544992e-03 1.427979e-33 1.427979e-33 6.279350e-02 1.427979e-33 1.427979e-33 
2.230000e-02 1.418395e-03 1.427979e-33 1.427979e-33 5.780802e-02 1.427979e-33 1.427979e-33 
2.235000e-02 1.302100e-03 1.427979e-33 1.427979e-33 5.321796e-02 1.427979e-33 1.427979e-33 
2.240000e-02 1.195262e-03 1.427979e-33 1.427979e-33 4.898925e-02 1.427979e-33 1.427979e-33 
2.245000e-02 1.097211e-03 1.427979e-33 1.427979e-33 4.509665e-02 1.427979e-33 1.427979e-33 
2.250000e-02 1.007200e-03 1.427979e-33 1.427979e-33 4.151159e-02 1.427979e-33 1.427979e-33 
2.255000e-02 9.245483e-04 1.427979e-33 1.427979e-33 3.820990e-02 1.427979e-33 1.427979e-33 
2.260000e-02 8.486623e-04 1.427979e-33 1.427979e-33 3.516963e-02 1.427979e-33 1.427979e-33 
2.265000e-02 7.789931e-04 1.427979e-33 1.427979e-33 3.236990e-02 1.427979e-33 1.427979e-33 
2.270000e-02 7.150353e-04 1.427979e-33 1.427979e-33 2.979314e-02 1.427979e-33 1.427979e-33 
2.275000e-02 6.563112e-04 1.427979e-33 1.427979e-33 2.741957e-02 1.427979e-33 1.427979e-33 
2.280000e-02 6.024079e-04 1.427979e-33 1.427979e-33 2.523492e-02 1.427979e-33 1.427979e-33 
2.285000e-02 5.529266e-04 1.427979e-33 1.427979e-33 2.322382e-02 1.427979e-33 1.427979e-33 
2.290000e-02 5.074938e-04 1.427979e-33 1.427979e-33 2.137198e-02 1.427979e-33 1.427979e-33 
2.295000e-02 4.657922e-04 1.427979e-33 1.427979e-33 1.966731e-02 1.427979e-33 1.427979e-33 
2.300000e-02 4.275131e-04 1.427979e-33 1.427979e-33 1.809775e-02 1.427979e-33 1.427979e-33 
2.305000e-02 3.923578e-04 1.427979e-33 1.427979e-33 1.665340e-02 1.427979e-33 1.427979e-33 
2.310000e-02 3.601010e-04 1.427979e-33 1.427979e-33 1.532438e-02 1.427979e-33 1.427979e-33 
2.315000e-02 3.304869e-04 1.427979e-33 1.427979e-33 1.410080e-02 1.427979e-33 1.427979e-33 
2.320000e-02 3.033046e-04 1.427979e-33 1.427979e-33 1.297388e-02 1.427979e-33 1.427979e-33 
2.325000e-02 2.783585e-04 1.427979e-33 1.427979e-33 1.193703e-02 1.427979e-33 1.427979e-33 
2.330000e-02 2.554554e-04 1.427979e-33 1.427979e-33 1.098244e-02 1.427979e-33 1.427979e-33 
2.335000e-02 2.344382e-04 1.427979e-33 1.427979e-33 1.010407e-02 1.427979e-33 1.427979e-33 
2.340000e-02 2.151498e-04 1.427979e-33 1.427979e-33 9.295678e-03 1.427979e-33 1.427979e-33 
2.345000e-02 1.974376e-04 1.427979e-33 1.427979e-33 8.551756e-03 1.427979e-33 1.427979e-33 
2.350000e-02 1.811928e-04 1.427979e-33 1.427979e-33 7.867146e-03 1.427979e-33 1.427979e-33 
2.355000e-02 1.662649e-04 1.427979e-33 1.427979e-33 7.237124e-03 1.427979e-33 1.427979e-33 
2.360000e-02 1.525826e-04 1.427979e-33 1.427979e-33 6.657407e-03 1.427979e-33 1.427979e-33 
2.365000e-02 1.400195e-04 1.427979e-33 1.427979e-33 6.123931e-03 1.427979e-33 1.427979e-33 
2.370000e-02 1.284834e-04 1.427979e-33 1.427979e-33 5.633072e-03 1.427979e-33 1.427979e-33 
2.375000e-02 1.179006e-04 1.427979e-33 1.427979e-33 5.181315e-03 1.427979e-33 1.427979e-33 
2.380000e-02 1.081878e-04 1.427979e-33 1.427979e-33 4.765804e-03 1.427979e-33 1.427979e-33 
2.385000e-02 9.927568e-05 1.427979e-33 1.427979e-33 4.383353e-03 1.427979e-33 1.427979e-33 
2.390000e-02 9.109616e-05 1.427979e-33 1.427979e-33 4.031547e-03 1.427979e-33 1.427979e-33 
2.395000e-02 8.358993e-05 1.427979e-33 1.427979e-33 3.707859e-03 1.427979e-33 1.427979e-33 
2.400000e-02 7.670099e-05 1.427979e-33 1.427979e-33 3.410092e-03 1.427979e-33 1.427979e-33 
2.405000e-02 7.038056e-05 1.427979e-33 1.427979e-33 3.136160e-03 1.427979e-33 1.427979e-33 
2.410000e-02 6.457988e-05 1.427979e-33 1.427979e-33 2.884086e-03 1.427979e-33 1.427979e-33 
2.415000e-02 5.925775e-05 1.427979e-33 1.427979e-33 2.652331e-03 1.427979e-33 1.427979e-33 
2.420000e-02 5.437388e-05 1.427979e-33 1.427979e-33 2.439028e-03 1.427979e-33 1.427979e-33 
2.425000e-02 4.989189e-05 1.427979e-33 1.427979e-33 2.242860e-03 1.427979e-33 1.427979e-33 
2.430000e-02 4.577928e-05 1.427979e-33 1.427979e-33 2.062399e-03 1.427979e-33 1.427979e-33 
2.435000e-02 4.200596e-05 1.427979e-33 1.427979e-33 1.896436e-03 1.427979e-33 1.427979e-33 
2.440000e-02 3.854359e-05 1.427979e-33 1.427979e-33 1.743763e-03 1.427979e-33 1.427979e-33 
2.445000e-02 3.536712e-05 1.427979e-33 1.427979e-33 1.603393e-03 1.427979e-33 1.427979e-33 
2.450000e-02 3.245217e-05 1.427979e-33 1.427979e-33 1.474225e-03 1.427979e-33 1.427979e-33 
2.455000e-02 2.977776e-05 1.427979e-33 1.427979e-33 1.355382e-03 1.427979e-33 1.427979e-33 
2.460000e-02 2.732434e-05 1.427979e-33 1.427979e-33 1.246204e-03 1.427979e-33 1.427979e-33 
2.465000e-02 2.507259e-05 1.427979e-33 1.427979e-33 1.145704e-03 1.427979e-33 1.427979e-33 
2.470000e-02 2.300678e-05 1.427979e-33 1.427979e-33 1.053332e-03 1.427979e-33 1.427979e-33 
2.475000e-02 2.111133e-05 1.427979e-33 1.427979e-33 9.683621e-04 1.427979e-33 1.427979e-33 
2.480000e-02 1.937196e-05 1.427979e-33 1.427979e-33 8.902354e-04 1.427979e-33 1.427979e-33 
2.485000e-02 1.777681e-05 1.427979e-33 1.427979e-33 8.183804e-04 1.427979e-33 1.427979e-33 
2.490000e-02 1.631313e-05 1.427979e-33 1.427979e-33 7.523138e-04 1.427979e-33 1.427979e-33 
2.495000e-02 1.497137e-05 1.427979e-33 1.427979e-33 6.915632e-04 1.427979e-33 1.427979e-33 
2.500000e-02 1.374021e-05 1.427979e-33 1.427979e-33 6.357004e-04 1.427979e-33 1.427979e-33 
