0.000000e+00 0.000000e+00 0.000000e+00 0.000000e+00 0.000000e+00 0.000000e+00 0.000000e+00 
5.000000e-05 4.042734e+05 7.040797e+02 7.040797e+02 2.820958e+04 8.097645e+02 8.097645e+02 
1.000000e-04 6.550302e+06 2.140915e+05 2.140915e+05 6.272533e+06 2.813922e+05 2.813922e+05 
1.500000e-04 7.303483e+07 3.603692e+06 3.603692e+06 8.556461e+07 4.510919e+06 4.510919e+06 
2.000000e-04 4.125032e+08 2.383551e+07 2.383551e+07 4.852479e+08 2.837126e+07 2.837126e+07 
2.500000e-04 1.364064e+09 9.177090e+07 9.177090e+07 1.597736e+09 1.058444e+08 1.058444e+08 
3.000000e-04 3.090095e+09 2.482488e+08 2.482488e+08 3.620045e+09 2.798608e+08 2.798608e+08 
3.500000e-04 5.400098e+09 4.927495e+08 4.927495e+08 6.322471e+09 5.474210e+08 5.474210e+08 
4.000000e-04 7.931244e+09 7.695547e+08 7.695547e+08 9.289559e+09 8.498076e+08 8.498076e+08 
4.500000e-04 1.064709e+10 1.076119e+09 1.076119e+09 1.246370e+10 1.183122e+09 1.183122e+09 
5.000000e-04 1.345003e+10 1.407154e+09 1.407154e+09 1.571579e+10 1.540493e+09 1.540493e+09 
5.500000e-04 1.624561e+10 1.764180e+09 1.764180e+09 1.892053e+10 1.921476e+09 1.921476e+09 
6.000000e-04 1.894171e+10 2.144686e+09 2.144686e+09 2.193875e+10 2.321074e+09 2.321074e+09 
6.500000e-04 2.135675e+10 2.519016e+09 2.519016e+09 2.458862e+10 2.708921e+09 2.708921e+09 
7.000000e-04 2.343174e+10 2.867013e+09 2.867013e+09 2.680201e+10 3.065587e+09 3.065587e+09 
7.500000e-04 2.512165e+10 3.179875e+09 3.179875e+09 2.853467e+10 3.380916e+09 3.380916e+09 
8.000000e-04 2.640958e+10 3.450082e+09 3.450082e+09 2.978970e+10 3.646810e+09 3.646810e+09 
8.500000e-04 2.735624e+10 3.675796e+09 3.675796e+09 3.060011e+10 3.867706e+09 3.867706e+09 
9.000000e-04 2.792675e+10 3.848696e+09 3.848696e+09 3.099526e+10 4.030115e+09 4.030115e+09 
9.500000e-04 2.817723e+10 3.978037e+09 3.978037e+09 3.102992e+10 4.146009e+09 4.146009e+09 
1.000000e-03 2.811732e+10 4.059674e+09 4.059674e+09 3.071682e+10 4.213918e+09 4.213918e+09 
1.050000e-03 2.791075e+10 4.103153e+09 4.103153e+09 3.019119e+10 4.240291e+09 4.240291e+09 
1.100000e-03 2.743888e+10 4.109220e+09 4.109220e+09 2.947392e+10 4.230659e+09 4.230659e+09 
1.150000e-03 2.686682e+10 4.084079e+09 4.084079e+09 2.860672e+10 4.187844e+09 4.187844e+09 
1.200000e-03 2.614831e+10 4.028792e+09 4.028792e+09 2.758755e+10 4.115447e+09 4.115447e+09 
1.250000e-03 2.533921e+10 3.954017e+09 3.954017e+09 2.648089e+10 4.020878e+09 4.020878e+09 
1.300000e-03 2.446516e+10 3.861580e+09 3.861580e+09 2.531526e+10 3.910522e+09 3.910522e+09 
1.350000e-03 2.353275e+10 3.756633e+09 3.756633e+09 2.410273e+10 3.789447e+09 3.789447e+09 
1.400000e-03 2.256420e+10 3.637954e+09 3.637954e+09 2.287004e+10 3.656314e+09 3.656314e+09 
1.450000e-03 2.158208e+10 3.509115e+09 3.509115e+09 2.163570e+10 3.513389e+09 3.513389e+09 
1.500000e-03 2.058537e+10 3.373347e+09 3.373347e+09 2.040577e+10 3.363842e+09 3.363842e+09 
1.550000e-03 1.959866e+10 3.233716e+09 3.233716e+09 1.920357e+10 3.212020e+09 3.212020e+09 
1.600000e-03 1.862716e+10 3.092320e+09 3.092320e+09 1.803530e+10 3.059174e+09 3.059174e+09 
1.650000e-03 1.767817e+10 2.950685e+09 2.950685e+09 1.690657e+10 2.906987e+09 2.906987e+09 
1.700000e-03 1.674909e+10 2.809304e+09 2.809304e+09 1.581952e+10 2.756430e+09 2.756430e+09 
1.750000e-03 1.584493e+10 2.669295e+09 2.669295e+09 1.477487e+10 2.608014e+09 2.608014e+09 
1.800000e-03 1.496397e+10 2.531241e+09 2.531241e+09 1.376987e+10 2.462525e+09 2.462525e+09 
1.850000e-03 1.411105e+10 2.395331e+09 2.395331e+09 1.280905e+10 2.320779e+09 2.320779e+09 
1.900000e-03 1.330050e+10 2.264845e+09 2.264845e+09 1.191190e+10 2.184829e+09 2.184829e+09 
1.950000e-03 1.251909e+10 2.137378e+09 2.137378e+09 1.105677e+10 2.053154e+09 2.053154e+09 
2.000000e-03 1.177802e+10 2.015527e+09 2.015527e+09 1.026279e+10 1.928163e+09 1.928163e+09 
2.050000e-03 1.107562e+10 1.898448e+09 1.898448e+09 9.520483e+09 1.808784e+09 1.808784e+09 
2.100000e-03 1.039248e+10 1.784173e+09 1.784173e+09 8.813385e+09 1.693276e+09 1.693276e+09 
2.150000e-03 9.751499e+09 1.676280e+09 1.676280e+09 8.159016e+09 1.584402e+09 1.584402e+09 
2.200000e-03 9.124292e+09 1.570429e+09 1.570429e+09 7.531610e+09 1.478683e+09 1.478683e+09 
2.250000e-03 8.546325e+09 1.472240e+09 1.472240e+09 6.961743e+09 1.380881e+09 1.380881e+09 
2.300000e-03 8.000540e+09 1.379299e+09 1.379299e+09 6.432495e+09 1.288590e+09 1.288590e+09 
2.350000e-03 7.480841e+09 1.291071e+09 1.291071e+09 5.937256e+09 1.201030e+09 1.201030e+09 
2.400000e-03 6.991369e+09 1.207721e+09 1.207721e+09 5.477757e+09 1.118774e+09 1.118774e+09 
2.450000e-03 6.525479e+09 1.128057e+09 1.128057e+09 5.046859e+09 1.040859e+09 1.040859e+09 
2.500000e-03 6.084999e+09 1.052321e+09 1.052321e+09 4.645360e+09 9.674646e+08 9.674646e+08 
2.550000e-03 5.676746e+09 9.816094e+08 9.816094e+08 4.279226e+09 8.995082e+08 8.995082e+08 
2.600000e-03 5.293106e+09 9.150184e+08 9.150184e+08 3.941352e+09 8.358634e+08 8.358634e+08 
2.650000e-03 4.929861e+09 8.518931e+08 8.518931e+08 3.625673e+09 7.757416e+08 7.757416e+08 
2.700000e-03 4.588128e+09 7.925136e+08 7.925136e+08 3.335527e+09 7.195638e+08 7.195638e+08 
2.750000e-03 4.257583e+09 7.352479e+08 7.352479e+08 3.061426e+09 6.657465e+08 6.657465e+08 
2.800000e-03 3.954356e+09 6.828768e+08 6.828768e+08 2.816802e+09 6.168288e+08 6.168288e+08 
2.850000e-03 3.666592e+09 6.332657e+08 6.332657e+08 2.587339e+09 5.705636e+08 5.705636e+08 
2.900000e-03 3.398867e+09 5.870235e+08 5.870235e+08 2.375678e+09 5.275539e+08 5.275539e+08 
2.950000e-03 3.150841e+09 5.440885e+08 5.440885e+08 2.181407e+09 4.877587e+08 4.877587e+08 
3.000000e-03 2.913629e+09 5.029467e+08 5.029467e+08 1.996644e+09 4.497419e+08 4.497419e+08 
3.050000e-03 2.696230e+09 4.652753e+08 4.652753e+08 1.830023e+09 4.150752e+08 4.150752e+08 
3.100000e-03 2.492518e+09 4.300331e+08 4.300331e+08 1.676764e+09 3.828195e+08 3.828195e+08 
3.150000e-03 2.303455e+09 3.973930e+08 3.973930e+08 1.537682e+09 3.531151e+08 3.531151e+08 
3.200000e-03 2.125837e+09 3.668366e+08 3.668366e+08 1.410307e+09 3.254757e+08 3.254757e+08 
3.250000e-03 1.958952e+09 3.381452e+08 3.381452e+08 1.291829e+09 2.995777e+08 2.995777e+08 
3.300000e-03 1.799953e+09 3.107886e+08 3.107886e+08 1.179416e+09 2.749086e+08 2.749086e+08 
3.350000e-03 1.655801e+09 2.859824e+08 2.859824e+08 1.078777e+09 2.526100e+08 2.526100e+08 
3.400000e-03 1.520344e+09 2.626492e+08 2.626492e+08 9.847318e+08 2.316665e+08 2.316665e+08 
3.450000e-03 1.397743e+09 2.415154e+08 2.415154e+08 9.004679e+08 2.127386e+08 2.127386e+08 
3.500000e-03 1.284323e+09 2.219637e+08 2.219637e+08 8.231014e+08 1.952596e+08 1.952596e+08 
3.550000e-03 1.178885e+09 2.037850e+08 2.037850e+08 7.515461e+08 1.790338e+08 1.790338e+08 
3.600000e-03 1.081777e+09 1.870737e+08 1.870737e+08 6.868493e+08 1.642023e+08 1.642023e+08 
3.650000e-03 9.907891e+08 1.714247e+08 1.714247e+08 6.268979e+08 1.503540e+08 1.503540e+08 
3.700000e-03 9.071805e+08 1.570368e+08 1.570368e+08 5.721152e+08 1.376382e+08 1.376382e+08 
3.750000e-03 8.292142e+08 1.436247e+08 1.436247e+08 5.215917e+08 1.258184e+08 1.258184e+08 
3.800000e-03 7.569107e+08 1.311749e+08 1.311749e+08 4.747770e+08 1.148477e+08 1.148477e+08 
3.850000e-03 6.895120e+08 1.195621e+08 1.195621e+08 4.312413e+08 1.046201e+08 1.046201e+08 
3.900000e-03 6.306887e+08 1.094243e+08 1.094243e+08 3.936217e+08 9.571303e+07 9.571303e+07 
3.950000e-03 5.751405e+08 9.984365e+07 9.984365e+07 3.581153e+08 8.729332e+07 8.729332e+07 
4.000000e-03 5.259397e+08 9.135558e+07 9.135558e+07 3.268717e+08 7.984309e+07 7.984309e+07 
4.050000e-03 4.804546e+08 8.350702e+07 8.350702e+07 2.981180e+08 7.296228e+07 7.296228e+07 
4.100000e-03 4.374574e+08 7.608452e+07 7.608452e+07 2.710021e+08 6.645898e+07 6.645898e+07 
4.150000e-03 3.970675e+08 6.911361e+07 6.911361e+07 2.456833e+08 6.036056e+07 6.036056e+07 
4.200000e-03 3.607560e+08 6.284574e+07 6.284574e+07 2.230816e+08 5.488575e+07 5.488575e+07 
4.250000e-03 3.276678e+08 5.713123e+07 5.713123e+07 2.025584e+08 4.989789e+07 4.989789e+07 
4.300000e-03 2.975293e+08 5.191717e+07 5.191717e+07 1.837974e+08 4.534157e+07 4.534157e+07 
4.350000e-03 2.707646e+08 4.728231e+07 4.728231e+07 1.671732e+08 4.129240e+07 4.129240e+07 
4.400000e-03 2.466132e+08 4.309195e+07 4.309195e+07 1.521096e+08 3.762717e+07 3.762717e+07 
4.450000e-03 2.244835e+08 3.925186e+07 3.925186e+07 1.383870e+08 3.427235e+07 3.427235e+07 
4.500000e-03 2.033446e+08 3.558633e+07 3.558633e+07 1.253795e+08 3.107630e+07 3.107630e+07 
4.550000e-03 1.842115e+08 3.226774e+07 3.226774e+07 1.136441e+08 2.818521e+07 2.818521e+07 
4.600000e-03 1.665242e+08 2.919836e+07 2.919836e+07 1.028051e+08 2.551197e+07 2.551197e+07 
4.650000e-03 1.503847e+08 2.639375e+07 2.639375e+07 9.288596e+07 2.306736e+07 2.306736e+07 
4.700000e-03 1.362878e+08 2.394255e+07 2.394255e+07 8.424630e+07 2.093212e+07 2.093212e+07 
4.750000e-03 1.234519e+08 2.170663e+07 2.170663e+07 7.634901e+07 1.898203e+07 1.898203e+07 
4.800000e-03 1.124114e+08 1.977779e+07 1.977779e+07 6.950083e+07 1.729575e+07 1.729575e+07 
4.850000e-03 1.018991e+08 1.794217e+07 1.794217e+07 6.302193e+07 1.569341e+07 1.569341e+07 
4.900000e-03 9.199191e+07 1.621191e+07 1.621191e+07 5.692829e+07 1.418378e+07 1.418378e+07 
4.950000e-03 8.297728e+07 1.463717e+07 1.463717e+07 5.139295e+07 1.281066e+07 1.281066e+07 
5.000000e-03 7.467138e+07 1.318656e+07 1.318656e+07 4.632595e+07 1.154729e+07 1.154729e+07 
5.050000e-03 6.751512e+07 1.193512e+07 1.193512e+07 4.195344e+07 1.045682e+07 1.045682e+07 
5.100000e-03 6.079330e+07 1.075870e+07 1.075870e+07 3.783856e+07 9.431440e+06 9.431440e+06 
5.150000e-03 5.510545e+07 9.760325e+06 9.760325e+06 3.433141e+07 8.559054e+06 8.559054e+06 
5.200000e-03 5.000180e+07 8.862013e+06 8.862013e+06 3.115754e+07 7.772219e+06 7.772219e+06 
5.250000e-03 4.507561e+07 7.995065e+06 7.995065e+06 2.810154e+07 7.013487e+06 7.013487e+06 
5.300000e-03 4.068046e+07 7.221936e+06 7.221936e+06 2.538136e+07 6.337847e+06 6.337847e+06 
5.350000e-03 3.654233e+07 6.493861e+06 6.493861e+06 2.283734e+07 5.701805e+06 5.701805e+06 
5.400000e-03 3.285954e+07 5.846000e+06 5.846000e+06 2.057989e+07 5.136378e+06 5.136378e+06 
5.450000e-03 2.961971e+07 5.274836e+06 5.274836e+06 1.857104e+07 4.636999e+06 4.636999e+06 
5.500000e-03 2.663257e+07 4.748170e+06 4.748170e+06 1.673521e+07 4.176791e+06 4.176791e+06 
5.550000e-03 2.409842e+07 4.299989e+06 4.299989e+06 1.516352e+07 3.784080e+06 3.784080e+06 
5.600000e-03 2.175610e+07 3.884519e+06 3.884519e+06 1.368933e+07 3.419042e+06 3.419042e+06 
5.650000e-03 1.962383e+07 3.506469e+06 3.506469e+06 1.235961e+07 3.087276e+06 3.087276e+06 
5.700000e-03 1.762144e+07 3.151330e+06 3.151330e+06 1.111227e+07 2.775669e+06 2.775669e+06 
5.750000e-03 1.582179e+07 2.832339e+06 2.832339e+06 9.996188e+06 2.496160e+06 2.496160e+06 
5.800000e-03 1.421282e+07 2.547080e+06 2.547080e+06 8.974401e+06 2.246309e+06 2.246309e+06 
5.850000e-03 1.276407e+07 2.289784e+06 2.289784e+06 8.078672e+06 2.020635e+06 2.020635e+06 
5.900000e-03 1.148720e+07 2.062967e+06 2.062967e+06 7.288828e+06 1.821775e+06 1.821775e+06 
5.950000e-03 1.034566e+07 1.859421e+06 1.859421e+06 6.574815e+06 1.642643e+06 1.642643e+06 
6.000000e-03 9.327685e+06 1.677512e+06 1.677512e+06 5.931589e+06 1.482269e+06 1.482269e+06 
6.050000e-03 8.379740e+06 1.507859e+06 1.507859e+06 5.330037e+06 1.332510e+06 1.332510e+06 
6.100000e-03 7.526296e+06 1.355488e+06 1.355488e+06 4.794517e+06 1.198471e+06 1.198471e+06 
6.150000e-03 6.747917e+06 1.216552e+06 1.216552e+06 4.307867e+06 1.076347e+06 1.076347e+06 
6.200000e-03 6.049511e+06 1.091718e+06 1.091718e+06 3.870501e+06 9.665025e+05 9.665025e+05 
6.250000e-03 5.433085e+06 9.815129e+05 9.815129e+05 3.483933e+06 8.695580e+05 8.695580e+05 
6.300000e-03 4.871672e+06 8.809752e+05 8.809752e+05 3.132028e+06 7.809951e+05 7.809951e+05 
6.350000e-03 4.374530e+06 7.916081e+05 7.916081e+05 2.817122e+06 7.019791e+05 7.019791e+05 
6.400000e-03 3.939558e+06 7.133014e+05 7.133014e+05 2.538809e+06 6.326675e+05 6.326675e+05 
6.450000e-03 3.540413e+06 6.414892e+05 6.414892e+05 2.284313e+06 5.691820e+05 5.691820e+05 
6.500000e-03 3.177688e+06 5.762627e+05 5.762627e+05 2.054445e+06 5.115801e+05 5.115801e+05 
6.550000e-03 2.839403e+06 5.154146e+05 5.154146e+05 1.835885e+06 4.578531e+05 4.578531e+05 
6.600000e-03 2.549014e+06 4.630982e+05 4.630982e+05 1.652242e+06 4.115953e+05 4.115953e+05 
6.650000e-03 2.281005e+06 4.148581e+05 4.148581e+05 1.482547e+06 3.690078e+05 3.690078e+05 
6.700000e-03 2.042941e+06 3.719229e+05 3.719229e+05 1.330904e+06 3.310366e+05 3.310366e+05 
6.750000e-03 1.832660e+06 3.338763e+05 3.338763e+05 1.195493e+06 2.972848e+05 2.972848e+05 
6.800000e-03 1.647962e+06 3.003660e+05 3.003660e+05 1.072731e+06 2.674810e+05 2.674810e+05 
6.850000e-03 1.481738e+06 2.702590e+05 2.702590e+05 9.658234e+05 2.407669e+05 2.407669e+05 
6.900000e-03 1.325020e+06 2.418695e+05 2.418695e+05 8.651549e+05 2.155835e+05 2.155835e+05 
6.950000e-03 1.182776e+06 2.160957e+05 2.160957e+05 7.738782e+05 1.927228e+05 1.927228e+05 
7.000000e-03 1.063932e+06 1.945493e+05 1.945493e+05 6.976709e+05 1.736062e+05 1.736062e+05 
7.050000e-03 9.482480e+05 1.735905e+05 1.735905e+05 6.165499e+05 1.550348e+05 1.550348e+05 
7.100000e-03 8.444093e+05 1.546902e+05 1.546902e+05 5.517174e+05 1.382100e+05 1.382100e+05 
7.150000e-03 7.587182e+05 1.390773e+05 1.390773e+05 4.963133e+05 1.242997e+05 1.242997e+05 
7.200000e-03 6.834079e+05 1.253408e+05 1.253408e+05 4.475882e+05 1.120518e+05 1.120518e+05 
7.250000e-03 6.125192e+05 1.124108e+05 1.124108e+05 4.002372e+05 1.005282e+05 1.005282e+05 
7.300000e-03 5.459696e+05 1.002722e+05 1.002722e+05 3.545958e+05 8.971451e+04 8.971451e+04 
7.350000e-03 4.896826e+05 9.000396e+04 9.000396e+04 3.179219e+05 8.056784e+04 8.056784e+04 
7.400000e-03 4.362176e+05 8.021540e+04 8.021540e+04 2.833147e+05 7.182059e+04 7.182059e+04 
7.450000e-03 3.872764e+05 7.128895e+04 7.128895e+04 2.521940e+05 6.387761e+04 6.387761e+04 
7.500000e-03 3.453127e+05 6.361622e+04 6.361622e+04 2.243802e+05 5.703367e+04 5.703367e+04 
7.550000e-03 3.108792e+05 5.730695e+04 5.730695e+04 1.989040e+05 5.139432e+04 5.139432e+04 
7.600000e-03 2.786802e+05 5.138909e+04 5.138909e+04 1.791081e+05 4.609079e+04 4.609079e+04 
7.650000e-03 2.477168e+05 4.569248e+04 4.569248e+04 1.577653e+05 4.098271e+04 4.098271e+04 
7.700000e-03 2.208339e+05 4.075874e+04 4.075874e+04 1.360247e+05 3.657088e+04 3.657088e+04 
7.750000e-03 1.972779e+05 3.642694e+04 3.642694e+04 1.226643e+05 3.269068e+04 3.269068e+04 
7.800000e-03 1.759499e+05 3.251670e+04 3.251670e+04 1.097550e+05 2.919969e+04 2.919969e+04 
7.850000e-03 1.544641e+05 2.855976e+04 2.855976e+04 9.630148e+04 2.565311e+04 2.565311e+04 
7.900000e-03 1.371135e+05 2.536309e+04 2.536309e+04 8.001408e+04 2.278691e+04 2.278691e+04 
7.950000e-03 1.233831e+05 2.283627e+04 2.283627e+04 7.219259e+04 2.052338e+04 2.052338e+04 
8.000000e-03 1.093170e+05 2.023044e+04 2.023044e+04 6.496937e+04 1.817556e+04 1.817556e+04 
8.050000e-03 9.479752e+04 1.752993e+04 1.752993e+04 5.054509e+04 1.573525e+04 1.573525e+04 
8.100000e-03 8.488514e+04 1.570972e+04 1.570972e+04 4.529462e+04 1.410973e+04 1.410973e+04 
8.150000e-03 7.630081e+04 1.413131e+04 1.413131e+04 4.089690e+04 1.269845e+04 1.269845e+04 
8.200000e-03 6.709846e+04 1.243244e+04 1.243244e+04 3.649252e+04 1.117494e+04 1.117494e+04 
8.250000e-03 5.591976e+04 1.034442e+04 1.034442e+04 3.251248e+04 9.283982e+03 9.283982e+03 
8.300000e-03 5.002868e+04 9.262613e+03 9.262613e+03 2.913874e+04 8.318402e+03 8.318402e+03 
8.350000e-03 4.498855e+04 8.333970e+03 8.333970e+03 2.628478e+04 7.486751e+03 7.486751e+03 
8.400000e-03 3.577654e+04 6.602518e+03 6.602518e+03 2.368832e+04 5.912132e+03 5.912132e+03 
8.450000e-03 3.206654e+04 5.921805e+03 5.921805e+03 2.126600e+04 5.305038e+03 5.305038e+03 
8.500000e-03 2.875160e+04 5.313599e+03 5.313599e+03 1.910408e+04 4.762746e+03 4.762746e+03 
8.550000e-03 2.580384e+04 4.772552e+03 4.772552e+03 1.718084e+04 4.280253e+03 4.280253e+03 
8.600000e-03 2.285519e+04 4.230948e+03 4.230948e+03 1.483985e+04 3.797284e+03 3.797284e+03 
8.650000e-03 2.034843e+04 3.770186e+03 3.770186e+03 1.266883e+04 3.386072e+03 3.386072e+03 
8.700000e-03 1.819357e+04 3.373705e+03 3.373705e+03 1.051218e+04 3.031867e+03 3.031867e+03 
8.750000e-03 1.638960e+04 3.040847e+03 3.040847e+03 8.632977e+03 2.733609e+03 2.733609e+03 
8.800000e-03 1.472274e+04 2.733044e+03 2.733044e+03 7.439480e+03 2.457697e+03 2.457697e+03 
8.850000e-03 1.317617e+04 2.447498e+03 2.447498e+03 5.761131e+03 2.201883e+03 2.201883e+03 
8.900000e-03 1.183960e+04 2.200733e+03 2.200733e+03 2.691383e+03 1.980827e+03 1.980827e+03 
8.950000e-03 1.058314e+04 1.968622e+03 1.968622e+03 2.395314e+03 1.772880e+03 1.772880e+03 
9.000000e-03 8.769093e+03 1.629185e+03 1.629185e+03 2.099129e+03 1.465996e+03 1.465996e+03 
9.050000e-03 7.307625e+03 1.355915e+03 1.355915e+03 8.927236e+02 1.219045e+03 1.219045e+03 
9.100000e-03 6.526213e+03 1.211813e+03 1.211813e+03 1.653717e+02 1.090093e+03 1.090093e+03 
9.150000e-03 5.401210e+03 1.000894e+03 1.000894e+03 1.596509e+01 8.990832e+02 8.990832e+02 
9.200000e-03 4.442934e+03 8.215989e+02 8.215989e+02 1.478709e+01 7.370321e+02 7.370321e+02 
9.250000e-03 3.642926e+03 6.723909e+02 6.723909e+02 1.360907e+01 6.025454e+02 6.025454e+02 
9.300000e-03 1.790300e+03 3.247662e+02 3.247662e+02 1.243100e+01 2.888462e+02 2.888462e+02 
9.350000e-03 1.585559e+03 2.877750e+02 2.877750e+02 1.125290e+01 2.560954e+02 2.560954e+02 
9.400000e-03 7.090920e+02 1.251849e+02 1.251849e+02 1.007476e+01 1.108589e+02 1.108589e+02 
9.450000e-03 6.154867e+02 1.086249e+02 1.086249e+02 8.896571e+00 9.628199e+01 9.628199e+01 
9.500000e-03 1.363325e+02 2.045695e+01 2.045695e+01 7.718328e+00 1.804947e+01 1.804947e+01 
9.550000e-03 3.352437e+01 2.002794e+00 2.002794e+00 4.149257e-32 1.763580e+00 1.763580e+00 
9.600000e-03 3.035076e+01 1.852114e+00 1.852114e+00 4.149257e-32 1.631359e+00 1.631359e+00 
9.650000e-03 2.741992e+01 1.701429e+00 1.701429e+00 4.149257e-32 1.499134e+00 1.499134e+00 
9.700000e-03 2.470645e+01 1.550739e+00 1.550739e+00 4.149257e-32 1.366904e+00 1.366904e+00 
9.750000e-03 2.218830e+01 1.400044e+00 1.400044e+00 4.149257e-32 1.234670e+00 1.234670e+00 
9.800000e-03 1.984558e+01 1.249343e+00 1.249343e+00 4.149257e-32 1.102431e+00 1.102431e+00 
9.850000e-03 1.766009e+01 1.098635e+00 1.098635e+00 4.149257e-32 9.701860e-01 9.701860e-01 
9.900000e-03 1.561554e+01 9.479202e-01 9.479202e-01 4.149257e-32 8.379345e-01 8.379345e-01 
9.950000e-03 9.391799e+00 4.149257e-32 4.149257e-32 4.149257e-32 4.149257e-32 4.149257e-32 
1.000000e-02 8.410711e+00 4.149257e-32 4.149257e-32 4.149257e-32 4.149257e-32 4.149257e-32 
1.005000e-02 7.531428e+00 4.149257e-32 4.149257e-32 4.149257e-32 4.149257e-32 4.149257e-32 
1.010000e-02 6.743743e+00 4.149257e-32 4.149257e-32 4.149257e-32 4.149257e-32 4.149257e-32 
1.015000e-02 6.037723e+00 4.149257e-32 4.149257e-32 4.149257e-32 4.149257e-32 4.149257e-32 
1.020000e-02 5.405368e+00 4.149257e-32 4.149257e-32 4.149257e-32 4.149257e-32 4.149257e-32 
1.025000e-02 4.838676e+00 4.149257e-32 4.149257e-32 4.149257e-32 4.149257e-32 4.149257e-32 
1.030000e-02 4.331026e+00 4.149257e-32 4.149257e-32 4.149257e-32 4.149257e-32 4.149257e-32 
1.035000e-02 3.876624e+00 4.149257e-32 4.149257e-32 4.149257e-32 4.149257e-32 4.149257e-32 
1.040000e-02 3.469401e+00 4.149257e-32 4.149257e-32 4.149257e-32 4.149257e-32 4.149257e-32 
1.045000e-02 3.104941e+00 4.149257e-32 4.149257e-32 4.149257e-32 4.149257e-32 4.149257e-32 
1.050000e-02 2.778280e+00 4.149257e-32 4.149257e-32 4.149257e-32 4.149257e-32 4.149257e-32 
1.055000e-02 2.485940e+00 4.149257e-32 4.149257e-32 4.149257e-32 4.149257e-32 4.149257e-32 
1.060000e-02 2.224196e+00 4.149257e-32 4.149257e-32 4.149257e-32 4.149257e-32 4.149257e-32 
1.065000e-02 1.989850e+00 4.149257e-32 4.149257e-32 4.149257e-32 4.149257e-32 4.149257e-32 
1.070000e-02 1.780085e+00 4.149257e-32 4.149257e-32 4.149257e-32 4.149257e-32 4.149257e-32 
1.075000e-02 1.592310e+00 4.149257e-32 4.149257e-32 4.149257e-32 4.149257e-32 4.149257e-32 
1.080000e-02 1.424234e+00 4.149257e-32 4.149257e-32 4.149257e-32 4.149257e-32 4.149257e-32 
1.085000e-02 1.273815e+00 4.149257e-32 4.149257e-32 4.149257e-32 4.149257e-32 4.149257e-32 
1.090000e-02 1.139205e+00 4.149257e-32 4.149257e-32 4.149257e-32 4.149257e-32 4.149257e-32 
1.095000e-02 1.018749e+00 4.149257e-32 4.149257e-32 4.149257e-32 4.149257e-32 4.149257e-32 
1.100000e-02 9.109833e-01 4.149257e-32 4.149257e-32 4.149257e-32 4.149257e-32 4.149257e-32 
1.105000e-02 8.145574e-01 4.149257e-32 4.149257e-32 4.149257e-32 4.149257e-32 4.149257e-32 
1.110000e-02 7.282845e-01 4.149257e-32 4.149257e-32 4.149257e-32 4.149257e-32 4.149257e-32 
1.115000e-02 6.510886e-01 4.149257e-32 4.149257e-32 4.149257e-32 4.149257e-32 4.149257e-32 
1.120000e-02 5.820592e-01 4.149257e-32 4.149257e-32 4.149257e-32 4.149257e-32 4.149257e-32 
1.125000e-02 5.203136e-01 4.149257e-32 4.149257e-32 4.149257e-32 4.149257e-32 4.149257e-32 
1.130000e-02 4.650791e-01 4.149257e-32 4.149257e-32 4.149257e-32 4.149257e-32 4.149257e-32 
1.135000e-02 4.156660e-01 4.149257e-32 4.149257e-32 4.149257e-32 4.149257e-32 4.149257e-32 
1.140000e-02 3.714949e-01 4.149257e-32 4.149257e-32 4.149257e-32 4.149257e-32 4.149257e-32 
1.145000e-02 3.320141e-01 4.149257e-32 4.149257e-32 4.149257e-32 4.149257e-32 4.149257e-32 
1.150000e-02 2.966993e-01 4.149257e-32 4.149257e-32 4.149257e-32 4.149257e-32 4.149257e-32 
1.155000e-02 2.651119e-01 4.149257e-32 4.149257e-32 4.149257e-32 4.149257e-32 4.149257e-32 
1.160000e-02 2.368794e-01 4.149257e-32 4.149257e-32 4.149257e-32 4.149257e-32 4.149257e-32 
1.165000e-02 2.116431e-01 4.149257e-32 4.149257e-32 4.149257e-32 4.149257e-32 4.149257e-32 
1.170000e-02 1.890830e-01 4.149257e-32 4.149257e-32 4.149257e-32 4.149257e-32 4.149257e-32 
1.175000e-02 1.689177e-01 4.149257e-32 4.149257e-32 4.149257e-32 4.149257e-32 4.149257e-32 
1.180000e-02 1.508934e-01 4.149257e-32 4.149257e-32 4.149257e-32 4.149257e-32 4.149257e-32 
1.185000e-02 1.347866e-01 4.149257e-32 4.149257e-32 4.149257e-32 4.149257e-32 4.149257e-32 
1.190000e-02 1.203903e-01 4.149257e-32 4.149257e-32 4.149257e-32 4.149257e-32 4.149257e-32 
1.195000e-02 1.075252e-01 4.149257e-32 4.149257e-32 4.149257e-32 4.149257e-32 4.149257e-32 
1.200000e-02 9.602860e-02 4.149257e-32 4.149257e-32 4.149257e-32 4.149257e-32 4.149257e-32 
1.205000e-02 8.575697e-02 4.149257e-32 4.149257e-32 4.149257e-32 4.149257e-32 4.149257e-32 
1.210000e-02 7.658064e-02 4.149257e-32 4.149257e-32 4.149257e-32 4.149257e-32 4.149257e-32 
1.215000e-02 6.838375e-02 4.149257e-32 4.149257e-32 4.149257e-32 4.149257e-32 4.149257e-32 
1.220000e-02 6.105870e-02 4.149257e-32 4.149257e-32 4.149257e-32 4.149257e-32 4.149257e-32 
1.225000e-02 5.451443e-02 4.149257e-32 4.149257e-32 4.149257e-32 4.149257e-32 4.149257e-32 
1.230000e-02 4.867094e-02 4.149257e-32 4.149257e-32 4.149257e-32 4.149257e-32 4.149257e-32 
1.235000e-02 4.345097e-02 4.149257e-32 4.149257e-32 4.149257e-32 4.149257e-32 4.149257e-32 
1.240000e-02 3.878832e-02 4.149257e-32 4.149257e-32 4.149257e-32 4.149257e-32 4.149257e-32 
1.245000e-02 3.462503e-02 4.149257e-32 4.149257e-32 4.149257e-32 4.149257e-32 4.149257e-32 
1.250000e-02 3.090595e-02 4.149257e-32 4.149257e-32 4.149257e-32 4.149257e-32 4.149257e-32 
1.255000e-02 2.758525e-02 4.149257e-32 4.149257e-32 4.149257e-32 4.149257e-32 4.149257e-32 
1.260000e-02 2.461992e-02 4.149257e-32 4.149257e-32 4.149257e-32 4.149257e-32 4.149257e-32 
1.265000e-02 2.197241e-02 4.149257e-32 4.149257e-32 4.149257e-32 4.149257e-32 4.149257e-32 
1.270000e-02 1.960853e-02 4.149257e-32 4.149257e-32 4.149257e-32 4.149257e-32 4.149257e-32 
1.275000e-02 1.749820e-02 4.149257e-32 4.149257e-32 4.149257e-32 4.149257e-32 4.149257e-32 
1.280000e-02 1.561410e-02 4.149257e-32 4.149257e-32 4.149257e-32 4.149257e-32 4.149257e-32 
1.285000e-02 1.393223e-02 4.149257e-32 4.149257e-32 4.149257e-32 4.149257e-32 4.149257e-32 
1.290000e-02 1.243080e-02 4.149257e-32 4.149257e-32 4.149257e-32 4.149257e-32 4.149257e-32 
1.295000e-02 1.109077e-02 4.149257e-32 4.149257e-32 4.149257e-32 4.149257e-32 4.149257e-32 
1.300000e-02 9.894759e-03 4.149257e-32 4.149257e-32 4.149257e-32 4.149257e-32 4.149257e-32 
1.305000e-02 8.827039e-03 4.149257e-32 4.149257e-32 4.149257e-32 4.149257e-32 4.149257e-32 
1.310000e-02 7.874367e-03 4.149257e-32 4.149257e-32 4.149257e-32 4.149257e-32 4.149257e-32 
1.315000e-02 7.024054e-03 4.149257e-32 4.149257e-32 4.149257e-32 4.149257e-32 4.149257e-32 
1.320000e-02 6.265338e-03 4.149257e-32 4.149257e-32 4.149257e-32 4.149257e-32 4.149257e-32 
1.325000e-02 5.588287e-03 4.149257e-32 4.149257e-32 4.149257e-32 4.149257e-32 4.149257e-32 
1.330000e-02 4.984074e-03 4.149257e-32 4.149257e-32 4.149257e-32 4.149257e-32 4.149257e-32 
1.335000e-02 4.445247e-03 4.149257e-32 4.149257e-32 4.149257e-32 4.149257e-32 4.149257e-32 
1.340000e-02 3.964360e-03 4.149257e-32 4.149257e-32 4.149257e-32 4.149257e-32 4.149257e-32 
1.345000e-02 3.535340e-03 4.149257e-32 4.149257e-32 4.149257e-32 4.149257e-32 4.149257e-32 
1.350000e-02 3.152396e-03 4.149257e-32 4.149257e-32 4.149257e-32 4.149257e-32 4.149257e-32 
1.355000e-02 2.811111e-03 4.149257e-32 4.149257e-32 4.149257e-32 4.149257e-32 4.149257e-32 
1.360000e-02 2.506521e-03 4.149257e-32 4.149257e-32 4.149257e-32 4.149257e-32 4.149257e-32 
1.365000e-02 2.234846e-03 4.149257e-32 4.149257e-32 4.149257e-32 4.149257e-32 4.149257e-32 
1.370000e-02 1.992526e-03 4.149257e-32 4.149257e-32 4.149257e-32 4.149257e-32 4.149257e-32 
1.375000e-02 1.776416e-03 4.149257e-32 4.149257e-32 4.149257e-32 4.149257e-32 4.149257e-32 
1.380000e-02 1.583675e-03 4.149257e-32 4.149257e-32 4.149257e-32 4.149257e-32 4.149257e-32 
1.385000e-02 1.411791e-03 4.149257e-32 4.149257e-32 4.149257e-32 4.149257e-32 4.149257e-32 
1.390000e-02 1.258503e-03 4.149257e-32 4.149257e-32 4.149257e-32 4.149257e-32 4.149257e-32 
1.395000e-02 1.121796e-03 4.149257e-32 4.149257e-32 4.149257e-32 4.149257e-32 4.149257e-32 
1.400000e-02 9.999048e-04 4.149257e-32 4.149257e-32 4.149257e-32 4.149257e-32 4.149257e-32 
1.405000e-02 8.912291e-04 4.149257e-32 4.149257e-32 4.149257e-32 4.149257e-32 4.149257e-32 
1.410000e-02 7.943342e-04 4.149257e-32 4.149257e-32 4.149257e-32 4.149257e-32 4.149257e-32 
1.415000e-02 7.079509e-04 4.149257e-32 4.149257e-32 4.149257e-32 4.149257e-32 4.149257e-32 
1.420000e-02 6.309206e-04 4.149257e-32 4.149257e-32 4.149257e-32 4.149257e-32 4.149257e-32 
1.425000e-02 5.622499e-04 4.149257e-32 4.149257e-32 4.149257e-32 4.149257e-32 4.149257e-32 
1.430000e-02 5.010284e-04 4.149257e-32 4.149257e-32 4.149257e-32 4.149257e-32 4.149257e-32 
1.435000e-02 4.464836e-04 4.149257e-32 4.149257e-32 4.149257e-32 4.149257e-32 4.149257e-32 
1.440000e-02 3.978430e-04 4.149257e-32 4.149257e-32 4.149257e-32 4.149257e-32 4.149257e-32 
1.445000e-02 3.544721e-04 4.149257e-32 4.149257e-32 4.149257e-32 4.149257e-32 4.149257e-32 
1.450000e-02 3.158465e-04 4.149257e-32 4.149257e-32 4.149257e-32 4.149257e-32 4.149257e-32 
1.455000e-02 2.813870e-04 4.149257e-32 4.149257e-32 4.149257e-32 4.149257e-32 4.149257e-32 
1.460000e-02 2.506990e-04 4.149257e-32 4.149257e-32 4.149257e-32 4.149257e-32 4.149257e-32 
1.465000e-02 2.233439e-04 4.149257e-32 4.149257e-32 4.149257e-32 4.149257e-32 4.149257e-32 
1.470000e-02 1.989657e-04 4.149257e-32 4.149257e-32 4.149257e-32 4.149257e-32 4.149257e-32 
1.475000e-02 1.772416e-04 4.149257e-32 4.149257e-32 4.149257e-32 4.149257e-32 4.149257e-32 
1.480000e-02 1.578846e-04 4.149257e-32 4.149257e-32 4.149257e-32 4.149257e-32 4.149257e-32 
1.485000e-02 1.406356e-04 4.149257e-32 4.149257e-32 4.149257e-32 4.149257e-32 4.149257e-32 
1.490000e-02 1.252654e-04 4.149257e-32 4.149257e-32 4.149257e-32 4.149257e-32 4.149257e-32 
1.495000e-02 1.115726e-04 4.149257e-32 4.149257e-32 4.149257e-32 4.149257e-32 4.149257e-32 
1.500000e-02 9.937247e-05 4.149257e-32 4.149257e-32 4.149257e-32 4.149257e-32 4.149257e-32 
1.505000e-02 8.850214e-05 4.149257e-32 4.149257e-32 4.149257e-32 4.149257e-32 4.149257e-32 
1.510000e-02 7.882093e-05 4.149257e-32 4.149257e-32 4.149257e-32 4.149257e-32 4.149257e-32 
1.515000e-02 7.019364e-05 4.149257e-32 4.149257e-32 4.149257e-32 4.149257e-32 4.149257e-32 
1.520000e-02 6.250991e-05 4.149257e-32 4.149257e-32 4.149257e-32 4.149257e-32 4.149257e-32 
1.525000e-02 5.566492e-05 4.149257e-32 4.149257e-32 4.149257e-32 4.149257e-32 4.149257e-32 
1.530000e-02 4.956760e-05 4.149257e-32 4.149257e-32 4.149257e-32 4.149257e-32 4.149257e-32 
1.535000e-02 4.413519e-05 4.149257e-32 4.149257e-32 4.149257e-32 4.149257e-32 4.149257e-32 
1.540000e-02 3.929872e-05 4.149257e-32 4.149257e-32 4.149257e-32 4.149257e-32 4.149257e-32 
1.545000e-02 3.498922e-05 4.149257e-32 4.149257e-32 4.149257e-32 4.149257e-32 4.149257e-32 
1.550000e-02 3.115150e-05 4.149257e-32 4.149257e-32 4.149257e-32 4.149257e-32 4.149257e-32 
1.555000e-02 2.773589e-05 4.149257e-32 4.149257e-32 4.149257e-32 4.149257e-32 4.149257e-32 
1.560000e-02 2.469220e-05 4.149257e-32 4.149257e-32 4.149257e-32 4.149257e-32 4.149257e-32 
1.565000e-02 2.198234e-05 4.149257e-32 4.149257e-32 4.149257e-32 4.149257e-32 4.149257e-32 
1.570000e-02 1.956908e-05 4.149257e-32 4.149257e-32 4.149257e-32 4.149257e-32 4.149257e-32 
1.575000e-02 1.742012e-05 4.149257e-32 4.149257e-32 4.149257e-32 4.149257e-32 4.149257e-32 
1.580000e-02 1.550677e-05 4.149257e-32 4.149257e-32 4.149257e-32 4.149257e-32 4.149257e-32 
1.585000e-02 1.380311e-05 4.149257e-32 4.149257e-32 4.149257e-32 4.149257e-32 4.149257e-32 
1.590000e-02 1.228596e-05 4.149257e-32 4.149257e-32 4.149257e-32 4.149257e-32 4.149257e-32 
1.595000e-02 1.093544e-05 4.149257e-32 4.149257e-32 4.149257e-32 4.149257e-32 4.149257e-32 
1.600000e-02 9.733083e-06 4.149257e-32 4.149257e-32 4.149257e-32 4.149257e-32 4.149257e-32 
1.605000e-02 8.662604e-06 4.149257e-32 4.149257e-32 4.149257e-32 4.149257e-32 4.149257e-32 
1.610000e-02 7.709657e-06 4.149257e-32 4.149257e-32 4.149257e-32 4.149257e-32 4.149257e-32 
1.615000e-02 6.861275e-06 4.149257e-32 4.149257e-32 4.149257e-32 4.149257e-32 4.149257e-32 
1.620000e-02 6.106146e-06 4.149257e-32 4.149257e-32 4.149257e-32 4.149257e-32 4.149257e-32 
1.625000e-02 5.433785e-06 4.149257e-32 4.149257e-32 4.149257e-32 4.149257e-32 4.149257e-32 
1.630000e-02 4.835365e-06 4.149257e-32 4.149257e-32 4.149257e-32 4.149257e-32 4.149257e-32 
1.635000e-02 4.302885e-06 4.149257e-32 4.149257e-32 4.149257e-32 4.149257e-32 4.149257e-32 
1.640000e-02 3.828618e-06 4.149257e-32 4.149257e-32 4.149257e-32 4.149257e-32 4.149257e-32 
1.645000e-02 3.406772e-06 4.149257e-32 4.149257e-32 4.149257e-32 4.149257e-32 4.149257e-32 
1.650000e-02 3.031277e-06 4.149257e-32 4.149257e-32 4.149257e-32 4.149257e-32 4.149257e-32 
1.655000e-02 2.697028e-06 4.149257e-32 4.149257e-32 4.149257e-32 4.149257e-32 4.149257e-32 
1.660000e-02 2.399611e-06 4.149257e-32 4.149257e-32 4.149257e-32 4.149257e-32 4.149257e-32 
1.665000e-02 2.134889e-06 4.149257e-32 4.149257e-32 4.149257e-32 4.149257e-32 4.149257e-32 
1.670000e-02 1.899356e-06 4.149257e-32 4.149257e-32 4.149257e-32 4.149257e-32 4.149257e-32 
1.675000e-02 1.689729e-06 4.149257e-32 4.149257e-32 4.149257e-32 4.149257e-32 4.149257e-32 
1.680000e-02 1.503196e-06 4.149257e-32 4.149257e-32 4.149257e-32 4.149257e-32 4.149257e-32 
1.685000e-02 1.337216e-06 4.149257e-32 4.149257e-32 4.149257e-32 4.149257e-32 4.149257e-32 
1.690000e-02 1.189556e-06 4.149257e-32 4.149257e-32 4.149257e-32 4.149257e-32 4.149257e-32 
1.695000e-02 1.058147e-06 4.149257e-32 4.149257e-32 4.149257e-32 4.149257e-32 4.149257e-32 
1.700000e-02 9.412216e-07 4.149257e-32 4.149257e-32 4.149257e-32 4.149257e-32 4.149257e-32 
1.705000e-02 8.372085e-07 4.149257e-32 4.149257e-32 4.149257e-32 4.149257e-32 4.149257e-32 
1.710000e-02 7.446728e-07 4.149257e-32 4.149257e-32 4.149257e-32 4.149257e-32 4.149257e-32 
1.715000e-02 6.623452e-07 4.149257e-32 4.149257e-32 4.149257e-32 4.149257e-32 4.149257e-32 
1.720000e-02 5.890946e-07 4.149257e-32 4.149257e-32 4.149257e-32 4.149257e-32 4.149257e-32 
1.725000e-02 5.239278e-07 4.149257e-32 4.149257e-32 4.149257e-32 4.149257e-32 4.149257e-32 
1.730000e-02 4.659619e-07 4.149257e-32 4.149257e-32 4.149257e-32 4.149257e-32 4.149257e-32 
1.735000e-02 4.143968e-07 4.149257e-32 4.149257e-32 4.149257e-32 4.149257e-32 4.149257e-32 
1.740000e-02 3.685152e-07 4.149257e-32 4.149257e-32 4.149257e-32 4.149257e-32 4.149257e-32 
1.745000e-02 3.277377e-07 4.149257e-32 4.149257e-32 4.149257e-32 4.149257e-32 4.149257e-32 
1.750000e-02 2.914297e-07 4.149257e-32 4.149257e-32 4.149257e-32 4.149257e-32 4.149257e-32 
1.755000e-02 2.591580e-07 4.149257e-32 4.149257e-32 4.149257e-32 4.149257e-32 4.149257e-32 
1.760000e-02 2.304482e-07 4.149257e-32 4.149257e-32 4.149257e-32 4.149257e-32 4.149257e-32 
1.765000e-02 2.049140e-07 4.149257e-32 4.149257e-32 4.149257e-32 4.149257e-32 4.149257e-32 
1.770000e-02 1.822049e-07 4.149257e-32 4.149257e-32 4.149257e-32 4.149257e-32 4.149257e-32 
1.775000e-02 1.620065e-07 4.149257e-32 4.149257e-32 4.149257e-32 4.149257e-32 4.149257e-32 
1.780000e-02 1.440457e-07 4.149257e-32 4.149257e-32 4.149257e-32 4.149257e-32 4.149257e-32 
1.785000e-02 1.280712e-07 4.149257e-32 4.149257e-32 4.149257e-32 4.149257e-32 4.149257e-32 
1.790000e-02 1.138653e-07 4.149257e-32 4.149257e-32 4.149257e-32 4.149257e-32 4.149257e-32 
1.795000e-02 1.012320e-07 4.149257e-32 4.149257e-32 4.149257e-32 4.149257e-32 4.149257e-32 
1.800000e-02 9.000026e-08 4.149257e-32 4.149257e-32 4.149257e-32 4.149257e-32 4.149257e-32 
1.805000e-02 8.001004e-08 4.149257e-32 4.149257e-32 4.149257e-32 4.149257e-32 4.149257e-32 
1.810000e-02 7.112893e-08 4.149257e-32 4.149257e-32 4.149257e-32 4.149257e-32 4.149257e-32 
1.815000e-02 6.323276e-08 4.149257e-32 4.149257e-32 4.149257e-32 4.149257e-32 4.149257e-32 
1.820000e-02 5.620843e-08 4.149257e-32 4.149257e-32 4.149257e-32 4.149257e-32 4.149257e-32 
1.825000e-02 4.996765e-08 4.149257e-32 4.149257e-32 4.149257e-32 4.149257e-32 4.149257e-32 
1.830000e-02 4.441661e-08 4.149257e-32 4.149257e-32 4.149257e-32 4.149257e-32 4.149257e-32 
1.835000e-02 3.948082e-08 4.149257e-32 4.149257e-32 4.149257e-32 4.149257e-32 4.149257e-32 
1.840000e-02 3.509130e-08 4.149257e-32 4.149257e-32 4.149257e-32 4.149257e-32 4.149257e-32 
1.845000e-02 3.119012e-08 4.149257e-32 4.149257e-32 4.149257e-32 4.149257e-32 4.149257e-32 
1.850000e-02 2.772486e-08 4.149257e-32 4.149257e-32 4.149257e-32 4.149257e-32 4.149257e-32 
1.855000e-02 2.464061e-08 4.149257e-32 4.149257e-32 4.149257e-32 4.149257e-32 4.149257e-32 
1.860000e-02 2.190013e-08 4.149257e-32 4.149257e-32 4.149257e-32 4.149257e-32 4.149257e-32 
1.865000e-02 1.946368e-08 4.149257e-32 4.149257e-32 4.149257e-32 4.149257e-32 4.149257e-32 
1.870000e-02 1.729817e-08 4.149257e-32 4.149257e-32 4.149257e-32 4.149257e-32 4.149257e-32 
1.875000e-02 1.537324e-08 4.149257e-32 4.149257e-32 4.149257e-32 4.149257e-32 4.149257e-32 
1.880000e-02 1.366213e-08 4.149257e-32 4.149257e-32 4.149257e-32 4.149257e-32 4.149257e-32 
1.885000e-02 1.214111e-08 4.149257e-32 4.149257e-32 4.149257e-32 4.149257e-32 4.149257e-32 
1.890000e-02 1.078922e-08 4.149257e-32 4.149257e-32 4.149257e-32 4.149257e-32 4.149257e-32 
1.895000e-02 9.587686e-09 4.149257e-32 4.149257e-32 4.149257e-32 4.149257e-32 4.149257e-32 
1.900000e-02 8.519690e-09 4.149257e-32 4.149257e-32 4.149257e-32 4.149257e-32 4.149257e-32 
1.905000e-02 7.570605e-09 4.149257e-32 4.149257e-32 4.149257e-32 4.149257e-32 4.149257e-32 
1.910000e-02 6.726913e-09 4.149257e-32 4.149257e-32 4.149257e-32 4.149257e-32 4.149257e-32 
1.915000e-02 5.977302e-09 4.149257e-32 4.149257e-32 4.149257e-32 4.149257e-32 4.149257e-32 
1.920000e-02 5.311011e-09 4.149257e-32 4.149257e-32 4.149257e-32 4.149257e-32 4.149257e-32 
1.925000e-02 4.718937e-09 4.149257e-32 4.149257e-32 4.149257e-32 4.149257e-32 4.149257e-32 
1.930000e-02 4.192802e-09 4.149257e-32 4.149257e-32 4.149257e-32 4.149257e-32 4.149257e-32 
1.935000e-02 3.725157e-09 4.149257e-32 4.149257e-32 4.149257e-32 4.149257e-32 4.149257e-32 
1.940000e-02 3.309657e-09 4.149257e-32 4.149257e-32 4.149257e-32 4.149257e-32 4.149257e-32 
1.945000e-02 2.940507e-09 4.149257e-32 4.149257e-32 4.149257e-32 4.149257e-32 4.149257e-32 
1.950000e-02 2.612328e-09 4.149257e-32 4.149257e-32 4.149257e-32 4.149257e-32 4.149257e-32 
1.955000e-02 2.320815e-09 4.149257e-32 4.149257e-32 4.149257e-32 4.149257e-32 4.149257e-32 
1.960000e-02 2.061748e-09 4.149257e-32 4.149257e-32 4.149257e-32 4.149257e-32 4.149257e-32 
1.965000e-02 1.831595e-09 4.149257e-32 4.149257e-32 4.149257e-32 4.149257e-32 4.149257e-32 
1.970000e-02 1.627073e-09 4.149257e-32 4.149257e-32 4.149257e-32 4.149257e-32 4.149257e-32 
1.975000e-02 1.445368e-09 4.149257e-32 4.149257e-32 4.149257e-32 4.149257e-32 4.149257e-32 
1.980000e-02 1.283940e-09 4.149257e-32 4.149257e-32 4.149257e-32 4.149257e-32 4.149257e-32 
1.985000e-02 1.140502e-09 4.149257e-32 4.149257e-32 4.149257e-32 4.149257e-32 4.149257e-32 
1.990000e-02 1.013093e-09 4.149257e-32 4.149257e-32 4.149257e-32 4.149257e-32 4.149257e-32 
1.995000e-02 8.998646e-10 4.149257e-32 4.149257e-32 4.149257e-32 4.149257e-32 4.149257e-32 
2.000000e-02 7.993003e-10 4.149257e-32 4.149257e-32 4.149257e-32 4.149257e-32 4.149257e-32 
2.005000e-02 7.099374e-10 4.149257e-32 4.149257e-32 4.149257e-32 4.149257e-32 4.149257e-32 
2.010000e-02 6.305619e-10 4.149257e-32 4.149257e-32 4.149257e-32 4.149257e-32 4.149257e-32 
2.015000e-02 5.600703e-10 4.149257e-32 4.149257e-32 4.149257e-32 4.149257e-32 4.149257e-32 
2.020000e-02 4.974417e-10 4.149257e-32 4.149257e-32 4.149257e-32 4.149257e-32 4.149257e-32 
2.025000e-02 4.417934e-10 4.149257e-32 4.149257e-32 4.149257e-32 4.149257e-32 4.149257e-32 
2.030000e-02 3.923527e-10 4.149257e-32 4.149257e-32 4.149257e-32 4.149257e-32 4.149257e-32 
2.035000e-02 3.484575e-10 4.149257e-32 4.149257e-32 4.149257e-32 4.149257e-32 4.149257e-32 
2.040000e-02 3.094733e-10 4.149257e-32 4.149257e-32 4.149257e-32 4.149257e-32 4.149257e-32 
2.045000e-02 2.748317e-10 4.149257e-32 4.149257e-32 4.149257e-32 4.149257e-32 4.149257e-32 
2.050000e-02 2.440665e-10 4.149257e-32 4.149257e-32 4.149257e-32 4.149257e-32 4.149257e-32 
2.055000e-02 2.167417e-10 4.149257e-32 4.149257e-32 4.149257e-32 4.149257e-32 4.149257e-32 
2.060000e-02 1.924710e-10 4.149257e-32 4.149257e-32 4.149257e-32 4.149257e-32 4.149257e-32 
2.065000e-02 1.709152e-10 4.149257e-32 4.149257e-32 4.149257e-32 4.149257e-32 4.149257e-32 
2.070000e-02 1.517708e-10 4.149257e-32 4.149257e-32 4.149257e-32 4.149257e-32 4.149257e-32 
2.075000e-02 1.347700e-10 4.149257e-32 4.149257e-32 4.149257e-32 4.149257e-32 4.149257e-32 
2.080000e-02 1.196702e-10 4.149257e-32 4.149257e-32 4.149257e-32 4.149257e-32 4.149257e-32 
2.085000e-02 1.062589e-10 4.149257e-32 4.149257e-32 4.149257e-32 4.149257e-32 4.149257e-32 
2.090000e-02 9.435115e-11 4.149257e-32 4.149257e-32 4.149257e-32 4.149257e-32 4.149257e-32 
2.095000e-02 8.377603e-11 4.149257e-32 4.149257e-32 4.149257e-32 4.149257e-32 4.149257e-32 
2.100000e-02 7.438175e-11 4.149257e-32 4.149257e-32 4.149257e-32 4.149257e-32 4.149257e-32 
2.105000e-02 6.604415e-11 4.149257e-32 4.149257e-32 4.149257e-32 4.149257e-32 4.149257e-32 
2.110000e-02 5.863632e-11 4.149257e-32 4.149257e-32 4.149257e-32 4.149257e-32 4.149257e-32 
2.115000e-02 5.205895e-11 4.149257e-32 4.149257e-32 4.149257e-32 4.149257e-32 4.149257e-32 
2.120000e-02 4.622097e-11 4.149257e-32 4.149257e-32 4.149257e-32 4.149257e-32 4.149257e-32 
2.125000e-02 4.103411e-11 4.149257e-32 4.149257e-32 4.149257e-32 4.149257e-32 4.149257e-32 
2.130000e-02 3.642940e-11 4.149257e-32 4.149257e-32 4.149257e-32 4.149257e-32 4.149257e-32 
2.135000e-02 3.234337e-11 4.149257e-32 4.149257e-32 4.149257e-32 4.149257e-32 4.149257e-32 
2.140000e-02 2.871257e-11 4.149257e-32 4.149257e-32 4.149257e-32 4.149257e-32 4.149257e-32 
2.145000e-02 2.548954e-11 4.149257e-32 4.149257e-32 4.149257e-32 4.149257e-32 4.149257e-32 
2.150000e-02 2.262794e-11 4.149257e-32 4.149257e-32 4.149257e-32 4.149257e-32 4.149257e-32 
2.155000e-02 2.008721e-11 4.149257e-32 4.149257e-32 4.149257e-32 4.149257e-32 4.149257e-32 
2.160000e-02 1.783148e-11 4.149257e-32 4.149257e-32 4.149257e-32 4.149257e-32 4.149257e-32 
2.165000e-02 1.582874e-11 4.149257e-32 4.149257e-32 4.149257e-32 4.149257e-32 4.149257e-32 
2.170000e-02 1.405059e-11 4.149257e-32 4.149257e-32 4.149257e-32 4.149257e-32 4.149257e-32 
2.175000e-02 1.247219e-11 4.149257e-32 4.149257e-32 4.149257e-32 4.149257e-32 4.149257e-32 
2.180000e-02 1.107091e-11 4.149257e-32 4.149257e-32 4.149257e-32 4.149257e-32 4.149257e-32 
2.185000e-02 9.826888e-12 4.149257e-32 4.149257e-32 4.149257e-32 4.149257e-32 4.149257e-32 
2.190000e-02 8.722474e-12 4.149257e-32 4.149257e-32 4.149257e-32 4.149257e-32 4.149257e-32 
2.195000e-02 7.741937e-12 4.149257e-32 4.149257e-32 4.149257e-32 4.149257e-32 4.149257e-32 
2.200000e-02 6.871483e-12 4.149257e-32 4.149257e-32 4.149257e-32 4.149257e-32 4.149257e-32 
2.205000e-02 6.098972e-12 4.149257e-32 4.149257e-32 4.149257e-32 4.149257e-32 4.149257e-32 
2.210000e-02 5.413093e-12 4.149257e-32 4.149257e-32 4.149257e-32 4.149257e-32 4.149257e-32 
2.215000e-02 4.804465e-12 4.149257e-32 4.149257e-32 4.149257e-32 4.149257e-32 4.149257e-32 
2.220000e-02 4.263983e-12 4.149257e-32 4.149257e-32 4.149257e-32 4.149257e-32 4.149257e-32 
2.225000e-02 3.784475e-12 4.149257e-32 4.149257e-32 4.149257e-32 4.149257e-32 4.149257e-32 
2.230000e-02 3.358490e-12 4.149257e-32 4.149257e-32 4.149257e-32 4.149257e-32 4.149257e-32 
2.235000e-02 2.980788e-12 4.149257e-32 4.149257e-32 4.149257e-32 4.149257e-32 4.149257e-32 
2.240000e-02 2.645242e-12 4.149257e-32 4.149257e-32 4.149257e-32 4.149257e-32 4.149257e-32 
2.245000e-02 2.347522e-12 4.149257e-32 4.149257e-32 4.149257e-32 4.149257e-32 4.149257e-32 
2.250000e-02 2.083268e-12 4.149257e-32 4.149257e-32 4.149257e-32 4.149257e-32 4.149257e-32 
2.255000e-02 1.848756e-12 4.149257e-32 4.149257e-32 4.149257e-32 4.149257e-32 4.149257e-32 
2.260000e-02 1.640592e-12 4.149257e-32 4.149257e-32 4.149257e-32 4.149257e-32 4.149257e-32 
2.265000e-02 1.455852e-12 4.149257e-32 4.149257e-32 4.149257e-32 4.149257e-32 4.149257e-32 
2.270000e-02 1.291914e-12 4.149257e-32 4.149257e-32 4.149257e-32 4.149257e-32 4.149257e-32 
2.275000e-02 1.146378e-12 4.149257e-32 4.149257e-32 4.149257e-32 4.149257e-32 4.149257e-32 
2.280000e-02 1.017259e-12 4.149257e-32 4.149257e-32 4.149257e-32 4.149257e-32 4.149257e-32 
2.285000e-02 9.026512e-13 4.149257e-32 4.149257e-32 4.149257e-32 4.149257e-32 4.149257e-32 
2.290000e-02 8.009557e-13 4.149257e-32 4.149257e-32 4.149257e-32 4.149257e-32 4.149257e-32 
2.295000e-02 7.106823e-13 4.149257e-32 4.149257e-32 4.149257e-32 4.149257e-32 4.149257e-32 
2.300000e-02 6.305895e-13 4.149257e-32 4.149257e-32 4.149257e-32 4.149257e-32 4.149257e-32 
2.305000e-02 5.595185e-13 4.149257e-32 4.149257e-32 4.149257e-32 4.149257e-32 4.149257e-32 
2.310000e-02 4.964485e-13 4.149257e-32 4.149257e-32 4.149257e-32 4.149257e-32 4.149257e-32 
2.315000e-02 4.404691e-13 4.149257e-32 4.149257e-32 4.149257e-32 4.149257e-32 4.149257e-32 
2.320000e-02 3.908077e-13 4.149257e-32 4.149257e-32 4.149257e-32 4.149257e-32 4.149257e-32 
2.325000e-02 3.467470e-13 4.149257e-32 4.149257e-32 4.149257e-32 4.149257e-32 4.149257e-32 
2.330000e-02 3.076248e-13 4.149257e-32 4.149257e-32 4.149257e-32 4.149257e-32 4.149257e-32 
2.335000e-02 2.729336e-13 4.149257e-32 4.149257e-32 4.149257e-32 4.149257e-32 4.149257e-32 
2.340000e-02 2.421435e-13 4.149257e-32 4.149257e-32 4.149257e-32 4.149257e-32 4.149257e-32 
2.345000e-02 2.148242e-13 4.149257e-32 4.149257e-32 4.149257e-32 4.149257e-32 4.149257e-32 
2.350000e-02 1.905867e-13 4.149257e-32 4.149257e-32 4.149257e-32 4.149257e-32 4.149257e-32 
2.355000e-02 1.690778e-13 4.149257e-32 4.149257e-32 4.149257e-32 4.149257e-32 4.149257e-32 
2.360000e-02 1.499968e-13 4.149257e-32 4.149257e-32 4.149257e-32 4.149257e-32 4.149257e-32 
2.365000e-02 1.330677e-13 4.149257e-32 4.149257e-32 4.149257e-32 4.149257e-32 4.149257e-32 
2.370000e-02 1.180452e-13 4.149257e-32 4.149257e-32 4.149257e-32 4.149257e-32 4.149257e-32 
2.375000e-02 1.047193e-13 4.149257e-32 4.149257e-32 4.149257e-32 4.149257e-32 4.149257e-32 
2.380000e-02 9.289442e-14 4.149257e-32 4.149257e-32 4.149257e-32 4.149257e-32 4.149257e-32 
2.385000e-02 8.240482e-14 4.149257e-32 4.149257e-32 4.149257e-32 4.149257e-32 4.149257e-32 
2.390000e-02 7.309883e-14 4.149257e-32 4.149257e-32 4.149257e-32 4.149257e-32 4.149257e-32 
2.395000e-02 6.484124e-14 4.149257e-32 4.149257e-32 4.149257e-32 4.149257e-32 4.149257e-32 
2.400000e-02 5.751894e-14 4.149257e-32 4.149257e-32 4.149257e-32 4.149257e-32 4.149257e-32 
2.405000e-02 5.101882e-14 4.149257e-32 4.149257e-32 4.149257e-32 4.149257e-32 4.149257e-32 
2.410000e-02 4.525533e-14 4.149257e-32 4.149257e-32 4.149257e-32 4.149257e-32 4.149257e-32 
2.415000e-02 4.014297e-14 4.149257e-32 4.149257e-32 4.149257e-32 4.149257e-32 4.149257e-32 
2.420000e-02 3.560447e-14 4.149257e-32 4.149257e-32 4.149257e-32 4.149257e-32 4.149257e-32 
2.425000e-02 3.158189e-14 4.149257e-32 4.149257e-32 4.149257e-32 4.149257e-32 4.149257e-32 
2.430000e-02 2.801179e-14 4.149257e-32 4.149257e-32 4.149257e-32 4.149257e-32 4.149257e-32 
2.435000e-02 2.484477e-14 4.149257e-32 4.149257e-32 4.149257e-32 4.149257e-32 4.149257e-32 
2.440000e-02 2.203587e-14 4.149257e-32 4.149257e-32 4.149257e-32 4.149257e-32 4.149257e-32 
2.445000e-02 1.954452e-14 4.149257e-32 4.149257e-32 4.149257e-32 4.149257e-32 4.149257e-32 
2.450000e-02 1.733431e-14 4.149257e-32 4.149257e-32 4.149257e-32 4.149257e-32 4.149257e-32 
2.455000e-02 1.537407e-14 4.149257e-32 4.149257e-32 4.149257e-32 4.149257e-32 4.149257e-32 
2.460000e-02 1.363509e-14 4.149257e-32 4.149257e-32 4.149257e-32 4.149257e-32 4.149257e-32 
2.465000e-02 1.209283e-14 4.149257e-32 4.149257e-32 4.149257e-32 4.149257e-32 4.149257e-32 
2.470000e-02 1.072466e-14 4.149257e-32 4.149257e-32 4.149257e-32 4.149257e-32 4.149257e-32 
2.475000e-02 9.511262e-15 4.149257e-32 4.149257e-32 4.149257e-32 4.149257e-32 4.149257e-32 
2.480000e-02 8.434990e-15 4.149257e-32 4.149257e-32 4.149257e-32 4.149257e-32 4.149257e-32 
2.485000e-02 7.480663e-15 4.149257e-32 4.149257e-32 4.149257e-32 4.149257e-32 4.149257e-32 
2.490000e-02 6.633936e-15 4.149257e-32 4.149257e-32 4.149257e-32 4.149257e-32 4.149257e-32 
2.495000e-02 5.883221e-15 4.149257e-32 4.149257e-32 4.149257e-32 4.149257e-32 4.149257e-32 
2.500000e-02 5.217206e-15 4.149257e-32 4.149257e-32 4.149257e-32 4.149257e-32 4.149257e-32 
