0.000000e+00 0.000000e+00 0.000000e+00 0.000000e+00 0.000000e+00 0.000000e+00 0.000000e+00 
5.000000e-05 2.413210e+07 8.823329e+02 8.823329e+02 1.681328e+07 1.148367e+03 1.148367e+03 
1.000000e-04 9.998876e+07 2.234443e+05 2.234443e+05 7.133783e+07 2.870070e+05 2.870070e+05 
1.500000e-04 2.550410e+08 2.569182e+06 2.569182e+06 1.978893e+08 3.160518e+06 3.160518e+06 
2.000000e-04 5.629892e+08 1.282830e+07 1.282830e+07 4.861176e+08 1.529636e+07 1.529636e+07 
2.500000e-04 1.121567e+09 4.193233e+07 4.193233e+07 1.056540e+09 4.890302e+07 4.890302e+07 
3.000000e-04 1.956561e+09 1.002158e+08 1.002158e+08 1.948434e+09 1.149060e+08 1.149060e+08 
3.500000e-04 3.046208e+09 1.941383e+08 1.941383e+08 3.131317e+09 2.191748e+08 2.191748e+08 
4.000000e-04 4.320973e+09 3.179934e+08 3.179934e+08 4.517874e+09 3.547802e+08 3.547802e+08 
4.500000e-04 5.723409e+09 4.629222e+08 4.629222e+08 6.035653e+09 5.117781e+08 5.117781e+08 
5.000000e-04 7.198009e+09 6.229417e+08 6.229417e+08 7.619769e+09 6.835057e+08 6.835057e+08 
5.500000e-04 8.684560e+09 7.884270e+08 7.884270e+08 9.215443e+09 8.604072e+08 8.604072e+08 
6.000000e-04 1.014673e+10 9.575427e+08 9.575427e+08 1.077966e+10 1.040141e+09 1.040141e+09 
6.500000e-04 1.155445e+10 1.128062e+09 1.128062e+09 1.227712e+10 1.219945e+09 1.219945e+09 
7.000000e-04 1.287374e+10 1.295924e+09 1.295924e+09 1.366771e+10 1.395236e+09 1.395236e+09 
7.500000e-04 1.408519e+10 1.455966e+09 1.455966e+09 1.493478e+10 1.560946e+09 1.560946e+09 
8.000000e-04 1.517825e+10 1.605838e+09 1.605838e+09 1.606240e+10 1.713968e+09 1.713968e+09 
8.500000e-04 1.615779e+10 1.743947e+09 1.743947e+09 1.704109e+10 1.853121e+09 1.853121e+09 
9.000000e-04 1.700751e+10 1.867583e+09 1.867583e+09 1.786388e+10 1.974678e+09 1.974678e+09 
9.500000e-04 1.772804e+10 1.975056e+09 1.975056e+09 1.854123e+10 2.077934e+09 2.077934e+09 
1.000000e-03 1.831556e+10 2.065132e+09 2.065132e+09 1.907574e+10 2.162552e+09 2.162552e+09 
1.050000e-03 1.879110e+10 2.137292e+09 2.137292e+09 1.948908e+10 2.228371e+09 2.228371e+09 
1.100000e-03 1.914591e+10 2.192646e+09 2.192646e+09 1.978834e+10 2.276582e+09 2.276582e+09 
1.150000e-03 1.939465e+10 2.233414e+09 2.233414e+09 1.998353e+10 2.308450e+09 2.308450e+09 
1.200000e-03 1.953605e+10 2.259571e+09 2.259571e+09 2.007844e+10 2.325045e+09 2.325045e+09 
1.250000e-03 1.957605e+10 2.271424e+09 2.271424e+09 2.008734e+10 2.328331e+09 2.328331e+09 
1.300000e-03 1.954554e+10 2.272190e+09 2.272190e+09 2.001807e+10 2.318990e+09 2.318990e+09 
1.350000e-03 1.943711e+10 2.261254e+09 2.261254e+09 1.987478e+10 2.298940e+09 2.298940e+09 
1.400000e-03 1.926074e+10 2.239929e+09 2.239929e+09 1.966955e+10 2.268687e+09 2.268687e+09 
1.450000e-03 1.902244e+10 2.209183e+09 2.209183e+09 1.940717e+10 2.229569e+09 2.229569e+09 
1.500000e-03 1.873006e+10 2.171036e+09 2.171036e+09 1.909549e+10 2.183148e+09 2.183148e+09 
1.550000e-03 1.838797e+10 2.126051e+09 2.126051e+09 1.873789e+10 2.130422e+09 2.130422e+09 
1.600000e-03 1.800336e+10 2.075642e+09 2.075642e+09 1.834094e+10 2.072533e+09 2.072533e+09 
1.650000e-03 1.758344e+10 2.020012e+09 2.020012e+09 1.790699e+10 2.010091e+09 2.010091e+09 
1.700000e-03 1.713335e+10 1.960077e+09 1.960077e+09 1.744110e+10 1.943748e+09 1.943748e+09 
1.750000e-03 1.665898e+10 1.897273e+09 1.897273e+09 1.694816e+10 1.875162e+09 1.875162e+09 
1.800000e-03 1.616455e+10 1.832279e+09 1.832279e+09 1.643269e+10 1.804850e+09 1.804850e+09 
1.850000e-03 1.565088e+10 1.765305e+09 1.765305e+09 1.589568e+10 1.733888e+09 1.733888e+09 
1.900000e-03 1.512379e+10 1.697277e+09 1.697277e+09 1.534096e+10 1.662155e+09 1.662155e+09 
1.950000e-03 1.459200e+10 1.629025e+09 1.629025e+09 1.477473e+10 1.590472e+09 1.590472e+09 
2.000000e-03 1.405226e+10 1.560218e+09 1.560218e+09 1.419456e+10 1.518846e+09 1.518846e+09 
2.050000e-03 1.350934e+10 1.491327e+09 1.491327e+09 1.360509e+10 1.447581e+09 1.447581e+09 
2.100000e-03 1.296293e+10 1.422915e+09 1.422915e+09 1.300803e+10 1.377105e+09 1.377105e+09 
2.150000e-03 1.242370e+10 1.356220e+09 1.356220e+09 1.241458e+10 1.308904e+09 1.308904e+09 
2.200000e-03 1.188741e+10 1.290541e+09 1.290541e+09 1.182014e+10 1.242116e+09 1.242116e+09 
2.250000e-03 1.136288e+10 1.226880e+09 1.226880e+09 1.123346e+10 1.177767e+09 1.177767e+09 
2.300000e-03 1.084945e+10 1.165016e+09 1.165016e+09 1.065345e+10 1.115547e+09 1.115547e+09 
2.350000e-03 1.034409e+10 1.104647e+09 1.104647e+09 1.007993e+10 1.055083e+09 1.055083e+09 
2.400000e-03 9.852228e+09 1.046532e+09 1.046532e+09 9.518888e+09 9.970774e+08 9.970774e+08 
2.450000e-03 9.372067e+09 9.902282e+08 9.902282e+08 8.969575e+09 9.412136e+08 9.412136e+08 
2.500000e-03 8.903293e+09 9.355994e+08 9.355994e+08 8.433034e+09 8.872895e+08 8.872895e+08 
2.550000e-03 8.449282e+09 8.831889e+08 8.831889e+08 7.912753e+09 8.356779e+08 8.356779e+08 
2.600000e-03 8.009300e+09 8.327894e+08 8.327894e+08 7.409455e+09 7.862684e+08 7.862684e+08 
2.650000e-03 7.586425e+09 7.848443e+08 7.848443e+08 6.926486e+09 7.393697e+08 7.393697e+08 
2.700000e-03 7.174094e+09 7.383138e+08 7.383138e+08 6.458987e+09 6.939345e+08 6.939345e+08 
2.750000e-03 6.778456e+09 6.940744e+08 6.940744e+08 6.012204e+09 6.507940e+08 6.507940e+08 
2.800000e-03 6.397481e+09 6.517434e+08 6.517434e+08 5.585243e+09 6.096403e+08 6.096403e+08 
2.850000e-03 6.034346e+09 6.117341e+08 6.117341e+08 5.181141e+09 5.709290e+08 5.709290e+08 
2.900000e-03 5.692701e+09 5.746293e+08 5.746293e+08 4.803862e+09 5.352434e+08 5.352434e+08 
2.950000e-03 5.365969e+09 5.393314e+08 5.393314e+08 4.447125e+09 5.013645e+08 5.013645e+08 
3.000000e-03 5.053197e+09 5.057217e+08 5.057217e+08 4.110727e+09 4.692092e+08 4.692092e+08 
3.050000e-03 4.753323e+09 4.735624e+08 4.735624e+08 3.793058e+09 4.385141e+08 4.385141e+08 
3.100000e-03 4.461935e+09 4.421080e+08 4.421080e+08 3.491336e+09 4.086716e+08 4.086716e+08 
3.150000e-03 4.184229e+09 4.123101e+08 4.123101e+08 3.209517e+09 3.805004e+08 3.805004e+08 
3.200000e-03 3.923304e+09 3.847861e+08 3.847861e+08 2.950022e+09 3.545361e+08 3.545361e+08 
3.250000e-03 3.676867e+09 3.590243e+08 3.590243e+08 2.709229e+09 3.302581e+08 3.302581e+08 
3.300000e-03 3.446680e+09 3.353009e+08 3.353009e+08 2.487944e+09 3.079371e+08 3.079371e+08 
3.350000e-03 3.229696e+09 3.130905e+08 3.130905e+08 2.283055e+09 2.870730e+08 2.870730e+08 
3.400000e-03 3.022429e+09 2.917761e+08 2.917761e+08 2.091299e+09 2.670978e+08 2.670978e+08 
3.450000e-03 2.824401e+09 2.713212e+08 2.713212e+08 1.911775e+09 2.479452e+08 2.479452e+08 
3.500000e-03 2.637099e+09 2.520409e+08 2.520409e+08 1.745769e+09 2.299388e+08 2.299388e+08 
3.550000e-03 2.461644e+09 2.341774e+08 2.341774e+08 1.594043e+09 2.133248e+08 2.133248e+08 
3.600000e-03 2.297067e+09 2.175594e+08 2.175594e+08 1.455291e+09 1.979267e+08 1.979267e+08 
3.650000e-03 2.142236e+09 2.020546e+08 2.020546e+08 1.328459e+09 1.836240e+08 1.836240e+08 
3.700000e-03 1.997908e+09 1.877702e+08 1.877702e+08 1.212994e+09 1.704725e+08 1.704725e+08 
3.750000e-03 1.862955e+09 1.745252e+08 1.745252e+08 1.107504e+09 1.582948e+08 1.582948e+08 
3.800000e-03 1.733086e+09 1.615716e+08 1.615716e+08 1.008216e+09 1.463922e+08 1.463922e+08 
3.850000e-03 1.611766e+09 1.495432e+08 1.495432e+08 9.173975e+08 1.353439e+08 1.353439e+08 
3.900000e-03 1.497328e+09 1.381891e+08 1.381891e+08 8.337355e+08 1.249329e+08 1.249329e+08 
3.950000e-03 1.391365e+09 1.278135e+08 1.278135e+08 7.580986e+08 1.154307e+08 1.154307e+08 
4.000000e-03 1.292551e+09 1.182038e+08 1.182038e+08 6.891120e+08 1.066342e+08 1.066342e+08 
4.050000e-03 1.200333e+09 1.093100e+08 1.093100e+08 6.263035e+08 9.850425e+07 9.850425e+07 
4.100000e-03 1.115660e+09 1.013231e+08 1.013231e+08 5.704182e+08 9.123472e+07 9.123472e+07 
4.150000e-03 1.036040e+09 9.380827e+07 9.380827e+07 5.192108e+08 8.441135e+07 8.441135e+07 
4.200000e-03 9.606292e+08 8.662237e+07 8.662237e+07 4.716582e+08 7.788822e+07 7.788822e+07 
4.250000e-03 8.897863e+08 7.985711e+07 7.985711e+07 4.279297e+08 7.175278e+07 7.175278e+07 
4.300000e-03 8.235942e+08 7.354831e+07 7.354831e+07 3.880314e+08 6.603818e+07 6.603818e+07 
4.350000e-03 7.617090e+08 6.765997e+07 6.765997e+07 3.516086e+08 6.071372e+07 6.071372e+07 
4.400000e-03 7.043684e+08 6.224284e+07 6.224284e+07 3.185248e+08 5.581369e+07 5.581369e+07 
4.450000e-03 6.515004e+08 5.731204e+07 5.731204e+07 2.888376e+08 5.135924e+07 5.135924e+07 
4.500000e-03 6.033234e+08 5.291954e+07 5.291954e+07 2.625517e+08 4.739650e+07 4.739650e+07 
4.550000e-03 5.586655e+08 4.887574e+07 4.887574e+07 2.387710e+08 4.375220e+07 4.375220e+07 
4.600000e-03 5.168973e+08 4.508221e+07 4.508221e+07 2.169218e+08 4.033440e+07 4.033440e+07 
4.650000e-03 4.771678e+08 4.140662e+07 4.140662e+07 1.965057e+08 3.702770e+07 3.702770e+07 
4.700000e-03 4.405715e+08 3.805820e+07 3.805820e+07 1.781412e+08 3.401679e+07 3.401679e+07 
4.750000e-03 4.063139e+08 3.491368e+07 3.491368e+07 1.598090e+08 3.119661e+07 3.119661e+07 
4.800000e-03 3.743725e+08 3.197627e+07 3.197627e+07 1.448500e+08 2.856285e+07 2.856285e+07 
4.850000e-03 3.452163e+08 2.934643e+07 2.934643e+07 1.315504e+08 2.620749e+07 2.620749e+07 
4.900000e-03 3.183100e+08 2.694064e+07 2.694064e+07 1.186618e+08 2.405719e+07 2.405719e+07 
4.950000e-03 2.938295e+08 2.479621e+07 2.479621e+07 1.082137e+08 2.213635e+07 2.213635e+07 
5.000000e-03 2.711966e+08 2.281825e+07 2.281825e+07 9.862216e+07 2.036063e+07 2.036063e+07 
5.050000e-03 2.500074e+08 2.095334e+07 2.095334e+07 8.972398e+07 1.868980e+07 1.868980e+07 
5.100000e-03 2.303306e+08 1.922149e+07 1.922149e+07 8.159478e+07 1.713901e+07 1.713901e+07 
5.150000e-03 2.121047e+08 1.762216e+07 1.762216e+07 7.418669e+07 1.570892e+07 1.570892e+07 
5.200000e-03 1.949738e+08 1.610070e+07 1.610070e+07 6.716223e+07 1.435152e+07 1.435152e+07 
5.250000e-03 1.792274e+08 1.471668e+07 1.471668e+07 6.097145e+07 1.311805e+07 1.311805e+07 
5.300000e-03 1.648585e+08 1.347323e+07 1.347323e+07 5.543822e+07 1.201016e+07 1.201016e+07 
5.350000e-03 1.515737e+08 1.232758e+07 1.232758e+07 5.032186e+07 1.099058e+07 1.099058e+07 
5.400000e-03 1.395382e+08 1.131272e+07 1.131272e+07 4.585949e+07 1.008468e+07 1.008468e+07 
5.450000e-03 1.284203e+08 1.037521e+07 1.037521e+07 4.175029e+07 9.246683e+06 9.246683e+06 
5.500000e-03 1.180948e+08 9.501351e+06 9.501351e+06 3.792455e+07 8.465056e+06 8.465056e+06 
5.550000e-03 1.086645e+08 8.715125e+06 8.715125e+06 3.455502e+07 7.762351e+06 7.762351e+06 
5.600000e-03 9.983197e+07 7.970138e+06 7.970138e+06 3.142576e+07 7.098524e+06 7.098524e+06 
5.650000e-03 9.152763e+07 7.257073e+06 7.257073e+06 2.844717e+07 6.463772e+06 6.463772e+06 
5.700000e-03 8.396690e+07 6.619692e+06 6.619692e+06 2.583547e+07 5.897412e+06 5.897412e+06 
5.750000e-03 7.709592e+07 6.051628e+06 6.051628e+06 2.352551e+07 5.392677e+06 5.392677e+06 
5.800000e-03 7.073916e+07 5.525269e+06 5.525269e+06 2.139557e+07 4.925091e+06 4.925091e+06 
5.850000e-03 6.491110e+07 5.045584e+06 5.045584e+06 1.942547e+07 4.497794e+06 4.497794e+06 
5.900000e-03 5.959305e+07 4.613157e+06 4.613157e+06 1.768835e+07 4.111626e+06 4.111626e+06 
5.950000e-03 5.479887e+07 4.234423e+06 4.234423e+06 1.616355e+07 3.773042e+06 3.773042e+06 
6.000000e-03 5.032219e+07 3.875854e+06 3.875854e+06 1.473266e+07 3.452999e+06 3.452999e+06 
6.050000e-03 4.609650e+07 3.528269e+06 3.528269e+06 1.337382e+07 3.143390e+06 3.143390e+06 
6.100000e-03 4.221947e+07 3.211902e+06 3.211902e+06 1.215173e+07 2.862075e+06 2.862075e+06 
6.150000e-03 3.867823e+07 2.926736e+06 2.926736e+06 1.104961e+07 2.608767e+06 2.608767e+06 
6.200000e-03 3.543568e+07 2.667836e+06 2.667836e+06 1.006831e+07 2.378878e+06 2.378878e+06 
6.250000e-03 3.243980e+07 2.427608e+06 2.427608e+06 9.160854e+06 2.165335e+06 2.165335e+06 
6.300000e-03 2.971527e+07 2.212882e+06 2.212882e+06 8.351932e+06 1.974442e+06 1.974442e+06 
6.350000e-03 2.725600e+07 2.023469e+06 2.023469e+06 7.635309e+06 1.805293e+06 1.805293e+06 
6.400000e-03 2.503013e+07 1.855853e+06 1.855853e+06 7.002229e+06 1.655347e+06 1.655347e+06 
6.450000e-03 2.293046e+07 1.692666e+06 1.692666e+06 6.389105e+06 1.509576e+06 1.509576e+06 
6.500000e-03 2.097162e+07 1.538062e+06 1.538062e+06 5.822776e+06 1.371798e+06 1.371798e+06 
6.550000e-03 1.918618e+07 1.399128e+06 1.399128e+06 5.321707e+06 1.248204e+06 1.248204e+06 
6.600000e-03 1.755670e+07 1.273961e+06 1.273961e+06 4.866036e+06 1.136931e+06 1.136931e+06 
6.650000e-03 1.605183e+07 1.157745e+06 1.157745e+06 4.449046e+06 1.033649e+06 1.033649e+06 
6.700000e-03 1.468173e+07 1.053518e+06 1.053518e+06 4.086010e+06 9.410862e+05 9.410862e+05 
6.750000e-03 1.341514e+07 9.562549e+05 9.562549e+05 3.739321e+06 8.545167e+05 8.545167e+05 
6.800000e-03 1.230036e+07 8.755622e+05 8.755622e+05 3.460835e+06 7.823338e+05 7.823338e+05 
6.850000e-03 1.127295e+07 8.007955e+05 8.007955e+05 3.205361e+06 7.153437e+05 7.153437e+05 
6.900000e-03 1.030538e+07 7.278217e+05 7.278217e+05 2.961306e+06 6.500091e+05 6.500091e+05 
6.950000e-03 9.415961e+06 6.610102e+05 6.610102e+05 2.742583e+06 5.903959e+05 5.903959e+05 
7.000000e-03 8.602159e+06 6.003633e+05 6.003633e+05 2.545001e+06 5.363997e+05 5.363997e+05 
7.050000e-03 7.868550e+06 5.472262e+05 5.472262e+05 2.375605e+06 4.891166e+05 4.891166e+05 
7.100000e-03 7.183168e+06 4.963910e+05 4.963910e+05 2.212683e+06 4.439664e+05 4.439664e+05 
7.150000e-03 6.554444e+06 4.496682e+05 4.496682e+05 2.068054e+06 4.023135e+05 4.023135e+05 
7.200000e-03 5.986913e+06 4.086060e+05 4.086060e+05 1.943941e+06 3.657443e+05 3.657443e+05 
7.250000e-03 5.481310e+06 3.735339e+05 3.735339e+05 1.839434e+06 3.343201e+05 3.343201e+05 
7.300000e-03 5.014366e+06 3.407429e+05 3.407429e+05 1.742829e+06 3.048866e+05 3.048866e+05 
7.350000e-03 4.581834e+06 3.100387e+05 3.100387e+05 1.653196e+06 2.774430e+05 2.774430e+05 
7.400000e-03 4.182717e+06 2.814468e+05 2.814468e+05 1.573496e+06 2.518900e+05 2.518900e+05 
7.450000e-03 3.820732e+06 2.560538e+05 2.560538e+05 1.505636e+06 2.292595e+05 2.292595e+05 
7.500000e-03 3.490066e+06 2.329979e+05 2.329979e+05 1.445509e+06 2.086994e+05 2.086994e+05 
7.550000e-03 3.177259e+06 2.101130e+05 2.101130e+05 1.385629e+06 1.883027e+05 1.883027e+05 
7.600000e-03 2.898286e+06 1.905356e+05 1.905356e+05 1.336478e+06 1.708214e+05 1.708214e+05 
7.650000e-03 2.645022e+06 1.730442e+05 1.730442e+05 1.286716e+06 1.552061e+05 1.552061e+05 
7.700000e-03 2.417173e+06 1.577081e+05 1.577081e+05 1.250325e+06 1.414261e+05 1.414261e+05 
7.750000e-03 2.209987e+06 1.439767e+05 1.439767e+05 1.217864e+06 1.291063e+05 1.291063e+05 
7.800000e-03 2.016739e+06 1.307811e+05 1.307811e+05 1.187756e+06 1.172850e+05 1.172850e+05 
7.850000e-03 1.841374e+06 1.190329e+05 1.190329e+05 1.161737e+06 1.067787e+05 1.067787e+05 
7.900000e-03 1.680251e+06 1.081657e+05 1.081657e+05 1.135480e+06 9.706176e+04 9.706176e+04 
7.950000e-03 1.530859e+06 9.787727e+04 9.787727e+04 1.111489e+06 8.784869e+04 8.784869e+04 
8.000000e-03 1.388349e+06 8.736592e+04 8.736592e+04 1.088033e+06 7.841544e+04 7.841544e+04 
8.050000e-03 1.266296e+06 7.932198e+04 7.932198e+04 1.066115e+06 7.120727e+04 7.120727e+04 
8.100000e-03 1.153502e+06 7.177816e+04 7.177816e+04 1.047745e+06 6.445882e+04 6.445882e+04 
8.150000e-03 1.053974e+06 6.554662e+04 6.554662e+04 1.026821e+06 5.887216e+04 5.887216e+04 
8.200000e-03 9.620117e+05 5.966541e+04 5.966541e+04 1.010258e+06 5.358626e+04 5.358626e+04 
8.250000e-03 8.770264e+05 5.412146e+04 5.412146e+04 9.938407e+05 4.859991e+04 4.859991e+04 
8.300000e-03 7.995410e+05 4.911388e+04 4.911388e+04 9.767494e+05 4.410904e+04 4.410904e+04 
8.350000e-03 7.287875e+05 4.456181e+04 4.456181e+04 9.572013e+05 4.002896e+04 4.002896e+04 
8.400000e-03 6.618632e+05 3.997525e+04 3.997525e+04 9.394694e+05 3.590623e+04 3.590623e+04 
8.450000e-03 6.012951e+05 3.592043e+04 3.592043e+04 9.205726e+05 3.228079e+04 3.228079e+04 
8.500000e-03 5.464784e+05 3.227137e+04 3.227137e+04 9.009646e+05 2.897699e+04 2.897699e+04 
8.550000e-03 4.976967e+05 2.923428e+04 2.923428e+04 8.822906e+05 2.626854e+04 2.626854e+04 
8.600000e-03 4.541105e+05 2.663014e+04 2.663014e+04 8.604101e+05 2.393223e+04 2.393223e+04 
8.650000e-03 4.142735e+05 2.424656e+04 2.424656e+04 8.400009e+05 2.179073e+04 2.179073e+04 
8.700000e-03 3.777918e+05 2.205534e+04 2.205534e+04 8.201862e+05 1.982219e+04 1.982219e+04 
8.750000e-03 3.430367e+05 1.977932e+04 1.977932e+04 7.980001e+05 1.776930e+04 1.776930e+04 
8.800000e-03 3.126764e+05 1.797429e+04 1.797429e+04 7.753930e+05 1.615240e+04 1.615240e+04 
8.850000e-03 2.833108e+05 1.600459e+04 1.600459e+04 7.530659e+05 1.437249e+04 1.437249e+04 
8.900000e-03 2.547379e+05 1.384343e+04 1.384343e+04 7.287520e+05 1.298467e+04 1.298467e+04 
8.950000e-03 2.322999e+05 1.260754e+04 1.260754e+04 7.059460e+05 1.183221e+04 1.183221e+04 
9.000000e-03 2.099321e+05 1.110641e+04 1.110641e+04 6.833198e+05 1.042919e+04 1.042919e+04 
9.050000e-03 1.908860e+05 1.000627e+04 1.000627e+04 6.576248e+05 9.397758e+03 9.397758e+03 
9.100000e-03 1.741663e+05 9.131114e+03 9.131114e+03 6.349923e+05 8.571206e+03 8.571206e+03 
9.150000e-03 1.580796e+05 8.173008e+03 8.173008e+03 6.121358e+05 7.516446e+03 7.516446e+03 
9.200000e-03 1.440000e+05 7.419277e+03 7.419277e+03 5.891454e+05 6.821192e+03 6.821192e+03 
9.250000e-03 1.311550e+05 6.732662e+03 6.732662e+03 5.661606e+05 6.185737e+03 6.185737e+03 
9.300000e-03 1.188353e+05 5.991400e+03 5.991400e+03 5.397727e+05 5.356587e+03 5.356587e+03 
9.350000e-03 1.077180e+05 5.339959e+03 5.339959e+03 5.172425e+05 4.774000e+03 4.774000e+03 
9.400000e-03 9.815348e+04 4.857165e+03 4.857165e+03 4.950259e+05 4.345132e+03 4.345132e+03 
9.450000e-03 8.900982e+04 4.337979e+03 4.337979e+03 4.729737e+05 3.882020e+03 3.882020e+03 
9.500000e-03 7.976544e+04 3.683981e+03 3.683981e+03 4.513685e+05 3.288552e+03 3.288552e+03 
9.550000e-03 7.276285e+04 3.365394e+03 3.365394e+03 4.301369e+05 3.004470e+03 3.004470e+03 
9.600000e-03 6.632520e+04 3.065807e+03 3.065807e+03 4.093110e+05 2.737588e+03 2.737588e+03 
9.650000e-03 6.042435e+04 2.787583e+03 2.787583e+03 3.889640e+05 2.489880e+03 2.489880e+03 
9.700000e-03 5.480436e+04 2.487964e+03 2.487964e+03 3.691399e+05 2.221679e+03 2.221679e+03 
9.750000e-03 4.819147e+04 1.928285e+03 1.928285e+03 3.498046e+05 1.714031e+03 1.714031e+03 
9.800000e-03 4.384761e+04 1.743843e+03 1.743843e+03 3.310759e+05 1.551158e+03 1.551158e+03 
9.850000e-03 3.993510e+04 1.584694e+03 1.584694e+03 3.129953e+05 1.410631e+03 1.410631e+03 
9.900000e-03 3.630216e+04 1.427634e+03 1.427634e+03 2.954995e+05 1.271919e+03 1.271919e+03 
9.950000e-03 3.308534e+04 1.301489e+03 1.301489e+03 2.785814e+05 1.159948e+03 1.159948e+03 
1.000000e-02 3.016973e+04 1.189402e+03 1.189402e+03 2.622371e+05 1.060142e+03 1.060142e+03 
1.005000e-02 2.748953e+04 1.083336e+03 1.083336e+03 2.464838e+05 9.657971e+02 9.657971e+02 
1.010000e-02 2.505856e+04 9.891102e+02 9.891102e+02 2.307618e+05 8.821135e+02 8.821135e+02 
1.015000e-02 2.282184e+04 8.994518e+02 8.994518e+02 2.166979e+05 8.025414e+02 8.025414e+02 
1.020000e-02 2.073882e+04 8.096333e+02 8.096333e+02 2.032559e+05 7.228281e+02 7.228281e+02 
1.025000e-02 1.887058e+04 7.333525e+02 7.333525e+02 1.895685e+05 6.551367e+02 6.551367e+02 
1.030000e-02 1.717381e+04 6.650948e+02 6.650948e+02 1.774895e+05 5.945710e+02 5.945710e+02 
1.035000e-02 1.560159e+04 5.980345e+02 5.980345e+02 1.657586e+05 5.350514e+02 5.350514e+02 
1.040000e-02 1.408295e+04 5.197645e+02 5.197645e+02 1.549145e+05 4.645608e+02 4.645608e+02 
1.045000e-02 1.260119e+04 4.295705e+02 4.295705e+02 1.446529e+05 3.829394e+02 3.829394e+02 
1.050000e-02 1.147482e+04 3.905915e+02 3.905915e+02 1.349528e+05 3.482373e+02 3.482373e+02 
1.055000e-02 9.899137e+03 2.501617e+02 2.501617e+02 1.257922e+05 2.213279e+02 2.213279e+02 
1.060000e-02 9.008123e+03 2.263052e+02 2.263052e+02 1.171655e+05 2.002933e+02 2.002933e+02 
1.065000e-02 8.184235e+03 2.024223e+02 2.024223e+02 1.090398e+05 1.792356e+02 1.792356e+02 
1.070000e-02 6.869800e+03 7.466529e+01 7.466529e+01 1.014041e+05 6.523099e+01 6.523099e+01 
1.075000e-02 6.247250e+03 6.633379e+01 6.633379e+01 9.423071e+04 5.799773e+01 5.799773e+01 
1.080000e-02 5.506423e+03 2.661041e+01 2.661041e+01 8.750324e+04 2.312714e+01 2.312714e+01 
1.085000e-02 5.010940e+03 2.363335e+01 2.363335e+01 8.113067e+04 2.055983e+01 2.055983e+01 
1.090000e-02 4.565880e+03 2.208164e+01 2.208164e+01 7.524597e+04 1.921493e+01 1.921493e+01 
1.095000e-02 4.159624e+03 2.052993e+01 2.052993e+01 6.974661e+04 1.787001e+01 1.787001e+01 
1.100000e-02 3.788687e+03 1.897819e+01 1.897819e+01 6.461057e+04 1.652508e+01 1.652508e+01 
1.105000e-02 3.449937e+03 1.742644e+01 1.742644e+01 5.981584e+04 1.518014e+01 1.518014e+01 
1.110000e-02 3.140582e+03 1.587467e+01 1.587467e+01 5.535139e+04 1.383518e+01 1.383518e+01 
1.115000e-02 2.857943e+03 1.432289e+01 1.432289e+01 5.118972e+04 1.249021e+01 1.249021e+01 
1.120000e-02 2.599734e+03 1.277107e+01 1.277107e+01 4.731870e+04 1.114521e+01 1.114521e+01 
1.125000e-02 2.363737e+03 1.121923e+01 1.121923e+01 4.371962e+04 9.800190e+00 9.800190e+00 
1.130000e-02 2.095558e+03 7.700105e-33 7.700105e-33 4.037486e+04 7.700105e-33 7.700105e-33 
1.135000e-02 1.906802e+03 7.700105e-33 7.700105e-33 3.726957e+04 7.700105e-33 7.700105e-33 
1.140000e-02 1.734956e+03 7.700105e-33 7.700105e-33 3.438778e+04 7.700105e-33 7.700105e-33 
1.145000e-02 1.578425e+03 7.700105e-33 7.700105e-33 3.171572e+04 7.700105e-33 7.700105e-33 
1.150000e-02 1.435896e+03 7.700105e-33 7.700105e-33 2.923908e+04 7.700105e-33 7.700105e-33 
1.155000e-02 1.306118e+03 7.700105e-33 7.700105e-33 2.694575e+04 7.700105e-33 7.700105e-33 
1.160000e-02 1.188006e+03 7.700105e-33 7.700105e-33 2.482253e+04 7.700105e-33 7.700105e-33 
1.165000e-02 1.080425e+03 7.700105e-33 7.700105e-33 2.285894e+04 7.700105e-33 7.700105e-33 
1.170000e-02 9.825161e+02 7.700105e-33 7.700105e-33 2.104289e+04 7.700105e-33 7.700105e-33 
1.175000e-02 8.934260e+02 7.700105e-33 7.700105e-33 1.936446e+04 7.700105e-33 7.700105e-33 
1.180000e-02 8.123030e+02 7.700105e-33 7.700105e-33 1.781429e+04 7.700105e-33 7.700105e-33 
1.185000e-02 7.385170e+02 7.700105e-33 7.700105e-33 1.638357e+04 7.700105e-33 7.700105e-33 
1.190000e-02 6.713868e+02 7.700105e-33 7.700105e-33 1.506296e+04 7.700105e-33 7.700105e-33 
1.195000e-02 6.102867e+02 7.700105e-33 7.700105e-33 1.384473e+04 7.700105e-33 7.700105e-33 
1.200000e-02 5.547035e+02 7.700105e-33 7.700105e-33 1.272174e+04 7.700105e-33 7.700105e-33 
1.205000e-02 5.041474e+02 7.700105e-33 7.700105e-33 1.168682e+04 7.700105e-33 7.700105e-33 
1.210000e-02 4.581631e+02 7.700105e-33 7.700105e-33 1.073338e+04 7.700105e-33 7.700105e-33 
1.215000e-02 4.163416e+02 7.700105e-33 7.700105e-33 9.855356e+03 7.700105e-33 7.700105e-33 
1.220000e-02 3.783118e+02 7.700105e-33 7.700105e-33 9.047242e+03 7.700105e-33 7.700105e-33 
1.225000e-02 3.437280e+02 7.700105e-33 7.700105e-33 8.303535e+03 7.700105e-33 7.700105e-33 
1.230000e-02 3.122821e+02 7.700105e-33 7.700105e-33 7.619280e+03 7.700105e-33 7.700105e-33 
1.235000e-02 2.836953e+02 7.700105e-33 7.700105e-33 6.990075e+03 7.700105e-33 7.700105e-33 
1.240000e-02 2.577123e+02 7.700105e-33 7.700105e-33 6.411514e+03 7.700105e-33 7.700105e-33 
1.245000e-02 2.340877e+02 7.700105e-33 7.700105e-33 5.880294e+03 7.700105e-33 7.700105e-33 
1.250000e-02 2.126116e+02 7.700105e-33 7.700105e-33 5.391793e+03 7.700105e-33 7.700105e-33 
1.255000e-02 1.930963e+02 7.700105e-33 7.700105e-33 4.943091e+03 7.700105e-33 7.700105e-33 
1.260000e-02 1.753651e+02 7.700105e-33 7.700105e-33 4.531052e+03 7.700105e-33 7.700105e-33 
1.265000e-02 1.592478e+02 7.700105e-33 7.700105e-33 4.152758e+03 7.700105e-33 7.700105e-33 
1.270000e-02 1.446021e+02 7.700105e-33 7.700105e-33 3.805457e+03 7.700105e-33 7.700105e-33 
1.275000e-02 1.312973e+02 7.700105e-33 7.700105e-33 3.486725e+03 7.700105e-33 7.700105e-33 
1.280000e-02 1.192083e+02 7.700105e-33 7.700105e-33 3.194197e+03 7.700105e-33 7.700105e-33 
1.285000e-02 1.082271e+02 7.700105e-33 7.700105e-33 2.925890e+03 7.700105e-33 7.700105e-33 
1.290000e-02 9.825139e+01 7.700105e-33 7.700105e-33 2.679712e+03 7.700105e-33 7.700105e-33 
1.295000e-02 8.919023e+01 7.700105e-33 7.700105e-33 2.453958e+03 7.700105e-33 7.700105e-33 
1.300000e-02 8.095836e+01 7.700105e-33 7.700105e-33 2.246865e+03 7.700105e-33 7.700105e-33 
1.305000e-02 7.348193e+01 7.700105e-33 7.700105e-33 2.057002e+03 7.700105e-33 7.700105e-33 
1.310000e-02 6.669824e+01 7.700105e-33 7.700105e-33 1.882938e+03 7.700105e-33 7.700105e-33 
1.315000e-02 6.053373e+01 7.700105e-33 7.700105e-33 1.723407e+03 7.700105e-33 7.700105e-33 
1.320000e-02 5.493264e+01 7.700105e-33 7.700105e-33 1.577143e+03 7.700105e-33 7.700105e-33 
1.325000e-02 4.984989e+01 7.700105e-33 7.700105e-33 1.443100e+03 7.700105e-33 7.700105e-33 
1.330000e-02 4.523450e+01 7.700105e-33 7.700105e-33 1.320231e+03 7.700105e-33 7.700105e-33 
1.335000e-02 4.104497e+01 7.700105e-33 7.700105e-33 1.207712e+03 7.700105e-33 7.700105e-33 
1.340000e-02 3.724095e+01 7.700105e-33 7.700105e-33 1.104606e+03 7.700105e-33 7.700105e-33 
1.345000e-02 3.378780e+01 7.700105e-33 7.700105e-33 1.010142e+03 7.700105e-33 7.700105e-33 
1.350000e-02 3.065317e+01 7.700105e-33 7.700105e-33 9.236059e+02 7.700105e-33 7.700105e-33 
1.355000e-02 2.780803e+01 7.700105e-33 7.700105e-33 8.443909e+02 7.700105e-33 7.700105e-33 
1.360000e-02 2.522570e+01 7.700105e-33 7.700105e-33 7.718368e+02 7.700105e-33 7.700105e-33 
1.365000e-02 2.288239e+01 7.700105e-33 7.700105e-33 7.054482e+02 7.700105e-33 7.700105e-33 
1.370000e-02 2.075537e+01 7.700105e-33 7.700105e-33 6.446745e+02 7.700105e-33 7.700105e-33 
1.375000e-02 1.882525e+01 7.700105e-33 7.700105e-33 5.890203e+02 7.700105e-33 7.700105e-33 
1.380000e-02 1.707393e+01 7.700105e-33 7.700105e-33 5.380893e+02 7.700105e-33 7.700105e-33 
1.385000e-02 1.548438e+01 7.700105e-33 7.700105e-33 4.915017e+02 7.700105e-33 7.700105e-33 
1.390000e-02 1.404237e+01 7.700105e-33 7.700105e-33 4.488830e+02 7.700105e-33 7.700105e-33 
1.395000e-02 1.273428e+01 7.700105e-33 7.700105e-33 4.099031e+02 7.700105e-33 7.700105e-33 
1.400000e-02 1.154707e+01 7.700105e-33 7.700105e-33 3.742536e+02 7.700105e-33 7.700105e-33 
1.405000e-02 1.046996e+01 7.700105e-33 7.700105e-33 3.416593e+02 7.700105e-33 7.700105e-33 
1.410000e-02 9.493262e+00 7.700105e-33 7.700105e-33 3.118560e+02 7.700105e-33 7.700105e-33 
1.415000e-02 8.607348e+00 7.700105e-33 7.700105e-33 2.846179e+02 7.700105e-33 7.700105e-33 
1.420000e-02 7.803159e+00 7.700105e-33 7.700105e-33 2.597304e+02 7.700105e-33 7.700105e-33 
1.425000e-02 7.074404e+00 7.700105e-33 7.700105e-33 2.369843e+02 7.700105e-33 7.700105e-33 
1.430000e-02 6.413165e+00 7.700105e-33 7.700105e-33 2.162035e+02 7.700105e-33 7.700105e-33 
1.435000e-02 5.813757e+00 7.700105e-33 7.700105e-33 1.972172e+02 7.700105e-33 7.700105e-33 
1.440000e-02 5.269678e+00 7.700105e-33 7.700105e-33 1.798824e+02 7.700105e-33 7.700105e-33 
1.445000e-02 4.776470e+00 7.700105e-33 7.700105e-33 1.640504e+02 7.700105e-33 7.700105e-33 
1.450000e-02 4.329272e+00 7.700105e-33 7.700105e-33 1.495946e+02 7.700105e-33 7.700105e-33 
1.455000e-02 3.923811e+00 7.700105e-33 7.700105e-33 1.363940e+02 7.700105e-33 7.700105e-33 
1.460000e-02 3.556075e+00 7.700105e-33 7.700105e-33 1.243493e+02 7.700105e-33 7.700105e-33 
1.465000e-02 3.222706e+00 7.700105e-33 7.700105e-33 1.133561e+02 7.700105e-33 7.700105e-33 
1.470000e-02 2.920478e+00 7.700105e-33 7.700105e-33 1.033208e+02 7.700105e-33 7.700105e-33 
1.475000e-02 2.646490e+00 7.700105e-33 7.700105e-33 9.416618e+01 7.700105e-33 7.700105e-33 
1.480000e-02 2.398078e+00 7.700105e-33 7.700105e-33 8.580980e+01 7.700105e-33 7.700105e-33 
1.485000e-02 2.172857e+00 7.700105e-33 7.700105e-33 7.819107e+01 7.700105e-33 7.700105e-33 
1.490000e-02 1.968792e+00 7.700105e-33 7.700105e-33 7.124393e+01 7.700105e-33 7.700105e-33 
1.495000e-02 1.783778e+00 7.700105e-33 7.700105e-33 6.490233e+01 7.700105e-33 7.700105e-33 
1.500000e-02 1.616059e+00 7.700105e-33 7.700105e-33 5.912223e+01 7.700105e-33 7.700105e-33 
1.505000e-02 1.464045e+00 7.700105e-33 7.700105e-33 5.385187e+01 7.700105e-33 7.700105e-33 
1.510000e-02 1.326318e+00 7.700105e-33 7.700105e-33 4.904668e+01 7.700105e-33 7.700105e-33 
1.515000e-02 1.201463e+00 7.700105e-33 7.700105e-33 4.466646e+01 7.700105e-33 7.700105e-33 
1.520000e-02 1.088342e+00 7.700105e-33 7.700105e-33 4.067378e+01 7.700105e-33 7.700105e-33 
1.525000e-02 9.858229e-01 7.700105e-33 7.700105e-33 3.703451e+01 7.700105e-33 7.700105e-33 
1.530000e-02 8.929405e-01 7.700105e-33 7.700105e-33 3.371838e+01 7.700105e-33 7.700105e-33 
1.535000e-02 8.087876e-01 7.700105e-33 7.700105e-33 3.069622e+01 7.700105e-33 7.700105e-33 
1.540000e-02 7.325150e-01 7.700105e-33 7.700105e-33 2.794268e+01 7.700105e-33 7.700105e-33 
1.545000e-02 6.633855e-01 7.700105e-33 7.700105e-33 2.543412e+01 7.700105e-33 7.700105e-33 
1.550000e-02 6.007732e-01 7.700105e-33 7.700105e-33 2.314850e+01 7.700105e-33 7.700105e-33 
1.555000e-02 5.440615e-01 7.700105e-33 7.700105e-33 2.106711e+01 7.700105e-33 7.700105e-33 
1.560000e-02 4.926775e-01 7.700105e-33 7.700105e-33 1.917068e+01 7.700105e-33 7.700105e-33 
1.565000e-02 4.461278e-01 7.700105e-33 7.700105e-33 1.744436e+01 7.700105e-33 7.700105e-33 
1.570000e-02 4.039650e-01 7.700105e-33 7.700105e-33 1.587162e+01 7.700105e-33 7.700105e-33 
1.575000e-02 3.657689e-01 7.700105e-33 7.700105e-33 1.443981e+01 7.700105e-33 7.700105e-33 
1.580000e-02 3.311769e-01 7.700105e-33 7.700105e-33 1.313625e+01 7.700105e-33 7.700105e-33 
1.585000e-02 2.998438e-01 7.700105e-33 7.700105e-33 1.194941e+01 7.700105e-33 7.700105e-33 
1.590000e-02 2.714629e-01 7.700105e-33 7.700105e-33 1.086880e+01 7.700105e-33 7.700105e-33 
1.595000e-02 2.457624e-01 7.700105e-33 7.700105e-33 9.885632e+00 7.700105e-33 7.700105e-33 
1.600000e-02 2.224812e-01 7.700105e-33 7.700105e-33 8.990542e+00 7.700105e-33 7.700105e-33 
1.605000e-02 2.014042e-01 7.700105e-33 7.700105e-33 8.175822e+00 7.700105e-33 7.700105e-33 
1.610000e-02 1.823160e-01 7.700105e-33 7.700105e-33 7.434317e+00 7.700105e-33 7.700105e-33 
1.615000e-02 1.650295e-01 7.700105e-33 7.700105e-33 6.759421e+00 7.700105e-33 7.700105e-33 
1.620000e-02 1.493748e-01 7.700105e-33 7.700105e-33 6.145629e+00 7.700105e-33 7.700105e-33 
1.625000e-02 1.352042e-01 7.700105e-33 7.700105e-33 5.587436e+00 7.700105e-33 7.700105e-33 
1.630000e-02 1.223707e-01 7.700105e-33 7.700105e-33 5.079227e+00 7.700105e-33 7.700105e-33 
1.635000e-02 1.107551e-01 7.700105e-33 7.700105e-33 4.617038e+00 7.700105e-33 7.700105e-33 
1.640000e-02 1.002330e-01 7.700105e-33 7.700105e-33 4.196632e+00 7.700105e-33 7.700105e-33 
1.645000e-02 9.071337e-02 7.700105e-33 7.700105e-33 3.814209e+00 7.700105e-33 7.700105e-33 
1.650000e-02 8.208895e-02 7.700105e-33 7.700105e-33 3.466467e+00 7.700105e-33 7.700105e-33 
1.655000e-02 7.428570e-02 7.700105e-33 7.700105e-33 3.150213e+00 7.700105e-33 7.700105e-33 
1.660000e-02 6.722439e-02 7.700105e-33 7.700105e-33 2.862584e+00 7.700105e-33 7.700105e-33 
1.665000e-02 6.082604e-02 7.700105e-33 7.700105e-33 2.601048e+00 7.700105e-33 7.700105e-33 
1.670000e-02 5.503971e-02 7.700105e-33 7.700105e-33 2.363293e+00 7.700105e-33 7.700105e-33 
1.675000e-02 4.980112e-02 7.700105e-33 7.700105e-33 2.147117e+00 7.700105e-33 7.700105e-33 
1.680000e-02 4.505928e-02 7.700105e-33 7.700105e-33 1.950593e+00 7.700105e-33 7.700105e-33 
1.685000e-02 4.076709e-02 7.700105e-33 7.700105e-33 1.771960e+00 7.700105e-33 7.700105e-33 
1.690000e-02 3.688319e-02 7.700105e-33 7.700105e-33 1.609567e+00 7.700105e-33 7.700105e-33 
1.695000e-02 3.336795e-02 7.700105e-33 7.700105e-33 1.461981e+00 7.700105e-33 7.700105e-33 
1.700000e-02 3.018630e-02 7.700105e-33 7.700105e-33 1.327828e+00 7.700105e-33 7.700105e-33 
1.705000e-02 2.730814e-02 7.700105e-33 7.700105e-33 1.205950e+00 7.700105e-33 7.700105e-33 
1.710000e-02 2.470296e-02 7.700105e-33 7.700105e-33 1.095192e+00 7.700105e-33 7.700105e-33 
1.715000e-02 2.234578e-02 7.700105e-33 7.700105e-33 9.945085e-01 7.700105e-33 7.700105e-33 
1.720000e-02 2.021281e-02 7.700105e-33 7.700105e-33 9.030177e-01 7.700105e-33 7.700105e-33 
1.725000e-02 1.828254e-02 7.700105e-33 7.700105e-33 8.199493e-01 7.700105e-33 7.700105e-33 
1.730000e-02 1.653629e-02 7.700105e-33 7.700105e-33 7.444776e-01 7.700105e-33 7.700105e-33 
1.735000e-02 1.495649e-02 7.700105e-33 7.700105e-33 6.758870e-01 7.700105e-33 7.700105e-33 
1.740000e-02 1.352730e-02 7.700105e-33 7.700105e-33 6.135720e-01 7.700105e-33 7.700105e-33 
1.745000e-02 1.223398e-02 7.700105e-33 7.700105e-33 5.569820e-01 7.700105e-33 7.700105e-33 
1.750000e-02 1.106409e-02 7.700105e-33 7.700105e-33 5.055886e-01 7.700105e-33 7.700105e-33 
1.755000e-02 1.000627e-02 7.700105e-33 7.700105e-33 4.589074e-01 7.700105e-33 7.700105e-33 
1.760000e-02 9.048668e-03 7.700105e-33 7.700105e-33 4.165199e-01 7.700105e-33 7.700105e-33 
1.765000e-02 8.182769e-03 7.700105e-33 7.700105e-33 3.780244e-01 7.700105e-33 7.700105e-33 
1.770000e-02 7.399515e-03 7.700105e-33 7.700105e-33 3.430630e-01 7.700105e-33 7.700105e-33 
1.775000e-02 6.690979e-03 7.700105e-33 7.700105e-33 3.113220e-01 7.700105e-33 7.700105e-33 
1.780000e-02 6.049817e-03 7.700105e-33 7.700105e-33 2.825040e-01 7.700105e-33 7.700105e-33 
1.785000e-02 5.470281e-03 7.700105e-33 7.700105e-33 2.563394e-01 7.700105e-33 7.700105e-33 
1.790000e-02 4.946053e-03 7.700105e-33 7.700105e-33 2.325860e-01 7.700105e-33 7.700105e-33 
1.795000e-02 4.471859e-03 7.700105e-33 7.700105e-33 2.110179e-01 7.700105e-33 7.700105e-33 
1.800000e-02 4.043052e-03 7.700105e-33 7.700105e-33 1.914426e-01 7.700105e-33 7.700105e-33 
1.805000e-02 3.655284e-03 7.700105e-33 7.700105e-33 1.736784e-01 7.700105e-33 7.700105e-33 
1.810000e-02 3.304586e-03 7.700105e-33 7.700105e-33 1.575492e-01 7.700105e-33 7.700105e-33 
1.815000e-02 2.987445e-03 7.700105e-33 7.700105e-33 1.429117e-01 7.700105e-33 7.700105e-33 
1.820000e-02 2.700697e-03 7.700105e-33 7.700105e-33 1.296285e-01 7.700105e-33 7.700105e-33 
1.825000e-02 2.441396e-03 7.700105e-33 7.700105e-33 1.175784e-01 7.700105e-33 7.700105e-33 
1.830000e-02 2.206883e-03 7.700105e-33 7.700105e-33 1.066402e-01 7.700105e-33 7.700105e-33 
1.835000e-02 1.994891e-03 7.700105e-33 7.700105e-33 9.671493e-02 7.700105e-33 7.700105e-33 
1.840000e-02 1.803215e-03 7.700105e-33 7.700105e-33 8.770898e-02 7.700105e-33 7.700105e-33 
1.845000e-02 1.629873e-03 7.700105e-33 7.700105e-33 7.953426e-02 7.700105e-33 7.700105e-33 
1.850000e-02 1.473168e-03 7.700105e-33 7.700105e-33 7.211921e-02 7.700105e-33 7.700105e-33 
1.855000e-02 1.331513e-03 7.700105e-33 7.700105e-33 6.539777e-02 7.700105e-33 7.700105e-33 
1.860000e-02 1.203438e-03 7.700105e-33 7.700105e-33 5.929288e-02 7.700105e-33 7.700105e-33 
1.865000e-02 1.087642e-03 7.700105e-33 7.700105e-33 5.376049e-02 7.700105e-33 7.700105e-33 
1.870000e-02 9.829912e-04 7.700105e-33 7.700105e-33 4.874005e-02 7.700105e-33 7.700105e-33 
1.875000e-02 8.883560e-04 7.700105e-33 7.700105e-33 4.418698e-02 7.700105e-33 7.700105e-33 
1.880000e-02 8.028292e-04 7.700105e-33 7.700105e-33 4.005723e-02 7.700105e-33 7.700105e-33 
1.885000e-02 7.255068e-04 7.700105e-33 7.700105e-33 3.631173e-02 7.700105e-33 7.700105e-33 
1.890000e-02 6.556506e-04 7.700105e-33 7.700105e-33 3.291467e-02 7.700105e-33 7.700105e-33 
1.895000e-02 5.924719e-04 7.700105e-33 7.700105e-33 2.983470e-02 7.700105e-33 7.700105e-33 
1.900000e-02 5.353628e-04 7.700105e-33 7.700105e-33 2.704099e-02 7.700105e-33 7.700105e-33 
1.905000e-02 4.837635e-04 7.700105e-33 7.700105e-33 2.450820e-02 7.700105e-33 7.700105e-33 
1.910000e-02 4.371202e-04 7.700105e-33 7.700105e-33 2.221157e-02 7.700105e-33 7.700105e-33 
1.915000e-02 3.949684e-04 7.700105e-33 7.700105e-33 2.012963e-02 7.700105e-33 7.700105e-33 
1.920000e-02 3.568725e-04 7.700105e-33 7.700105e-33 1.824146e-02 7.700105e-33 7.700105e-33 
1.925000e-02 3.224418e-04 7.700105e-33 7.700105e-33 1.653000e-02 7.700105e-33 7.700105e-33 
1.930000e-02 2.913316e-04 7.700105e-33 7.700105e-33 1.497873e-02 7.700105e-33 7.700105e-33 
1.935000e-02 2.632139e-04 7.700105e-33 7.700105e-33 1.357224e-02 7.700105e-33 7.700105e-33 
1.940000e-02 2.378051e-04 7.700105e-33 7.700105e-33 1.229731e-02 7.700105e-33 7.700105e-33 
1.945000e-02 2.148460e-04 7.700105e-33 7.700105e-33 1.114129e-02 7.700105e-33 7.700105e-33 
1.950000e-02 1.940982e-04 7.700105e-33 7.700105e-33 1.009372e-02 7.700105e-33 7.700105e-33 
1.955000e-02 1.753525e-04 7.700105e-33 7.700105e-33 9.144678e-03 7.700105e-33 7.700105e-33 
1.960000e-02 1.584166e-04 7.700105e-33 7.700105e-33 8.284268e-03 7.700105e-33 7.700105e-33 
1.965000e-02 1.431098e-04 7.700105e-33 7.700105e-33 7.504229e-03 7.700105e-33 7.700105e-33 
1.970000e-02 1.292845e-04 7.700105e-33 7.700105e-33 6.797955e-03 7.700105e-33 7.700105e-33 
1.975000e-02 1.167884e-04 7.700105e-33 7.700105e-33 6.157739e-03 7.700105e-33 7.700105e-33 
1.980000e-02 1.055025e-04 7.700105e-33 7.700105e-33 5.576976e-03 7.700105e-33 7.700105e-33 
1.985000e-02 9.530794e-05 7.700105e-33 7.700105e-33 5.051427e-03 7.700105e-33 7.700105e-33 
1.990000e-02 8.609743e-05 7.700105e-33 7.700105e-33 4.575091e-03 7.700105e-33 7.700105e-33 
1.995000e-02 7.777485e-05 7.700105e-33 7.700105e-33 4.143400e-03 7.700105e-33 7.700105e-33 
2.000000e-02 7.025526e-05 7.700105e-33 7.700105e-33 3.752390e-03 7.700105e-33 7.700105e-33 
2.005000e-02 6.346507e-05 7.700105e-33 7.700105e-33 3.398097e-03 7.700105e-33 7.700105e-33 
2.010000e-02 5.733083e-05 7.700105e-33 7.700105e-33 3.077163e-03 7.700105e-33 7.700105e-33 
2.015000e-02 5.178925e-05 7.700105e-33 7.700105e-33 2.786451e-03 7.700105e-33 7.700105e-33 
2.020000e-02 4.678423e-05 7.700105e-33 7.700105e-33 2.523099e-03 7.700105e-33 7.700105e-33 
2.025000e-02 4.226380e-05 7.700105e-33 7.700105e-33 2.284518e-03 7.700105e-33 7.700105e-33 
2.030000e-02 3.818487e-05 7.700105e-33 7.700105e-33 2.068452e-03 7.700105e-33 7.700105e-33 
2.035000e-02 3.449782e-05 7.700105e-33 7.700105e-33 1.872754e-03 7.700105e-33 7.700105e-33 
2.040000e-02 3.116815e-05 7.700105e-33 7.700105e-33 1.695498e-03 7.700105e-33 7.700105e-33 
2.045000e-02 2.816128e-05 7.700105e-33 7.700105e-33 1.534921e-03 7.700105e-33 7.700105e-33 
2.050000e-02 2.544557e-05 7.700105e-33 7.700105e-33 1.389537e-03 7.700105e-33 7.700105e-33 
2.055000e-02 2.299392e-05 7.700105e-33 7.700105e-33 1.257916e-03 7.700105e-33 7.700105e-33 
2.060000e-02 2.077970e-05 7.700105e-33 7.700105e-33 1.138681e-03 7.700105e-33 7.700105e-33 
2.065000e-02 1.878033e-05 7.700105e-33 7.700105e-33 1.030730e-03 7.700105e-33 7.700105e-33 
2.070000e-02 1.697487e-05 7.700105e-33 7.700105e-33 9.329641e-04 7.700105e-33 7.700105e-33 
2.075000e-02 1.534522e-05 7.700105e-33 7.700105e-33 8.444459e-04 7.700105e-33 7.700105e-33 
2.080000e-02 1.387331e-05 7.700105e-33 7.700105e-33 7.642951e-04 7.700105e-33 7.700105e-33 
2.085000e-02 1.254442e-05 7.700105e-33 7.700105e-33 6.917410e-04 7.700105e-33 7.700105e-33 
2.090000e-02 1.134497e-05 7.700105e-33 7.700105e-33 6.260130e-04 7.700105e-33 7.700105e-33 
2.095000e-02 1.026199e-05 7.700105e-33 7.700105e-33 5.665605e-04 7.700105e-33 7.700105e-33 
2.100000e-02 9.284700e-06 7.700105e-33 7.700105e-33 5.127119e-04 7.700105e-33 7.700105e-33 
2.105000e-02 8.401830e-06 7.700105e-33 7.700105e-33 4.639718e-04 7.700105e-33 7.700105e-33 
2.110000e-02 7.604885e-06 7.700105e-33 7.700105e-33 4.198504e-04 7.700105e-33 7.700105e-33 
2.115000e-02 6.884833e-06 7.700105e-33 7.700105e-33 3.799126e-04 7.700105e-33 7.700105e-33 
2.120000e-02 6.235419e-06 7.700105e-33 7.700105e-33 3.437622e-04 7.700105e-33 7.700105e-33 
2.125000e-02 5.648765e-06 7.700105e-33 7.700105e-33 3.110413e-04 7.700105e-33 7.700105e-33 
2.130000e-02 5.119032e-06 7.700105e-33 7.700105e-33 2.814251e-04 7.700105e-33 7.700105e-33 
2.135000e-02 4.640627e-06 7.700105e-33 7.700105e-33 2.546164e-04 7.700105e-33 7.700105e-33 
2.140000e-02 4.208633e-06 7.700105e-33 7.700105e-33 2.303620e-04 7.700105e-33 7.700105e-33 
2.145000e-02 3.818415e-06 7.700105e-33 7.700105e-33 2.084031e-04 7.700105e-33 7.700105e-33 
2.150000e-02 3.465955e-06 7.700105e-33 7.700105e-33 1.885360e-04 7.700105e-33 7.700105e-33 
2.155000e-02 3.147471e-06 7.700105e-33 7.700105e-33 1.705572e-04 7.700105e-33 7.700105e-33 
2.160000e-02 2.859743e-06 7.700105e-33 7.700105e-33 1.542903e-04 7.700105e-33 7.700105e-33 
2.165000e-02 2.599715e-06 7.700105e-33 7.700105e-33 1.395648e-04 7.700105e-33 7.700105e-33 
2.170000e-02 2.364724e-06 7.700105e-33 7.700105e-33 1.262430e-04 7.700105e-33 7.700105e-33 
2.175000e-02 2.152236e-06 7.700105e-33 7.700105e-33 1.141929e-04 7.700105e-33 7.700105e-33 
2.180000e-02 1.960099e-06 7.700105e-33 7.700105e-33 1.032877e-04 7.700105e-33 7.700105e-33 
2.185000e-02 1.788316e-06 7.700105e-33 7.700105e-33 9.341752e-05 7.700105e-33 7.700105e-33 
2.190000e-02 1.631445e-06 7.700105e-33 7.700105e-33 8.448863e-05 7.700105e-33 7.700105e-33 
2.195000e-02 1.489608e-06 7.700105e-33 7.700105e-33 7.641300e-05 7.700105e-33 7.700105e-33 
2.200000e-02 1.361282e-06 7.700105e-33 7.700105e-33 6.910805e-05 7.700105e-33 7.700105e-33 
2.205000e-02 1.245110e-06 7.700105e-33 7.700105e-33 6.249671e-05 7.700105e-33 7.700105e-33 
2.210000e-02 1.140016e-06 7.700105e-33 7.700105e-33 5.651843e-05 7.700105e-33 7.700105e-33 
2.215000e-02 1.044759e-06 7.700105e-33 7.700105e-33 5.111045e-05 7.700105e-33 7.700105e-33 
2.220000e-02 9.585447e-07 7.700105e-33 7.700105e-33 4.621828e-05 7.700105e-33 7.700105e-33 
2.225000e-02 8.803580e-07 7.700105e-33 7.700105e-33 4.179292e-05 7.700105e-33 7.700105e-33 
2.230000e-02 8.094636e-07 7.700105e-33 7.700105e-33 3.778978e-05 7.700105e-33 7.700105e-33 
2.235000e-02 7.451817e-07 7.700105e-33 7.700105e-33 3.416923e-05 7.700105e-33 7.700105e-33 
2.240000e-02 6.868351e-07 7.700105e-33 7.700105e-33 3.089494e-05 7.700105e-33 7.700105e-33 
2.245000e-02 6.338580e-07 7.700105e-33 7.700105e-33 2.793332e-05 7.700105e-33 7.700105e-33 
2.250000e-02 5.856866e-07 7.700105e-33 7.700105e-33 2.525521e-05 7.700105e-33 7.700105e-33 
2.255000e-02 5.418728e-07 7.700105e-33 7.700105e-33 2.283307e-05 7.700105e-33 7.700105e-33 
2.260000e-02 5.020038e-07 7.700105e-33 7.700105e-33 2.064268e-05 7.700105e-33 7.700105e-33 
2.265000e-02 4.656795e-07 7.700105e-33 7.700105e-33 1.866203e-05 7.700105e-33 7.700105e-33 
2.270000e-02 4.325710e-07 7.700105e-33 7.700105e-33 1.687075e-05 7.700105e-33 7.700105e-33 
2.275000e-02 4.023504e-07 7.700105e-33 7.700105e-33 1.525067e-05 7.700105e-33 7.700105e-33 
2.280000e-02 3.747474e-07 7.700105e-33 7.700105e-33 1.378638e-05 7.700105e-33 7.700105e-33 
2.285000e-02 3.495059e-07 7.700105e-33 7.700105e-33 1.246191e-05 7.700105e-33 7.700105e-33 
2.290000e-02 3.264008e-07 7.700105e-33 7.700105e-33 1.126460e-05 7.700105e-33 7.700105e-33 
2.295000e-02 3.052338e-07 7.700105e-33 7.700105e-33 1.018179e-05 7.700105e-33 7.700105e-33 
2.300000e-02 2.858183e-07 7.700105e-33 7.700105e-33 9.203029e-06 7.700105e-33 7.700105e-33 
2.305000e-02 2.679846e-07 7.700105e-33 7.700105e-33 8.318398e-06 7.700105e-33 7.700105e-33 
2.310000e-02 2.515968e-07 7.700105e-33 7.700105e-33 7.517991e-06 7.700105e-33 7.700105e-33 
2.315000e-02 2.365191e-07 7.700105e-33 7.700105e-33 6.794652e-06 7.700105e-33 7.700105e-33 
2.320000e-02 2.226272e-07 7.700105e-33 7.700105e-33 6.141225e-06 7.700105e-33 7.700105e-33 
2.325000e-02 2.098191e-07 7.700105e-33 7.700105e-33 5.550003e-06 7.700105e-33 7.700105e-33 
2.330000e-02 1.979930e-07 7.700105e-33 7.700105e-33 5.015590e-06 7.700105e-33 7.700105e-33 
2.335000e-02 1.870694e-07 7.700105e-33 7.700105e-33 4.532594e-06 7.700105e-33 7.700105e-33 
2.340000e-02 1.837458e-07 7.700105e-33 7.700105e-33 4.096003e-06 7.700105e-33 7.700105e-33 
2.345000e-02 1.757718e-07 7.700105e-33 7.700105e-33 3.701360e-06 7.700105e-33 7.700105e-33 
2.350000e-02 1.686120e-07 7.700105e-33 7.700105e-33 3.344700e-06 7.700105e-33 7.700105e-33 
2.355000e-02 1.622042e-07 7.700105e-33 7.700105e-33 3.022280e-06 7.700105e-33 7.700105e-33 
2.360000e-02 1.565031e-07 7.700105e-33 7.700105e-33 2.730852e-06 7.700105e-33 7.700105e-33 
2.365000e-02 1.514524e-07 7.700105e-33 7.700105e-33 2.467500e-06 7.700105e-33 7.700105e-33 
2.370000e-02 1.470066e-07 7.700105e-33 7.700105e-33 2.229469e-06 7.700105e-33 7.700105e-33 
2.375000e-02 1.431265e-07 7.700105e-33 7.700105e-33 2.014394e-06 7.700105e-33 7.700105e-33 
2.380000e-02 1.397669e-07 7.700105e-33 7.700105e-33 1.819963e-06 7.700105e-33 7.700105e-33 
2.385000e-02 1.368994e-07 7.700105e-33 7.700105e-33 1.644302e-06 7.700105e-33 7.700105e-33 
2.390000e-02 1.344848e-07 7.700105e-33 7.700105e-33 1.485542e-06 7.700105e-33 7.700105e-33 
2.395000e-02 1.324895e-07 7.700105e-33 7.700105e-33 1.342086e-06 7.700105e-33 7.700105e-33 
2.400000e-02 1.308906e-07 7.700105e-33 7.700105e-33 1.212446e-06 7.700105e-33 7.700105e-33 
2.405000e-02 1.296547e-07 7.700105e-33 7.700105e-33 1.095303e-06 7.700105e-33 7.700105e-33 
2.410000e-02 1.287537e-07 7.700105e-33 7.700105e-33 9.894440e-07 7.700105e-33 7.700105e-33 
2.415000e-02 1.281761e-07 7.700105e-33 7.700105e-33 8.938246e-07 7.700105e-33 7.700105e-33 
2.420000e-02 1.278886e-07 7.700105e-33 7.700105e-33 8.073982e-07 7.700105e-33 7.700105e-33 
2.425000e-02 1.278742e-07 7.700105e-33 7.700105e-33 7.292842e-07 7.700105e-33 7.700105e-33 
2.430000e-02 1.281215e-07 7.700105e-33 7.700105e-33 6.587669e-07 7.700105e-33 7.700105e-33 
2.435000e-02 1.286028e-07 7.700105e-33 7.700105e-33 5.950206e-07 7.700105e-33 7.700105e-33 
2.440000e-02 1.293013e-07 7.700105e-33 7.700105e-33 5.374563e-07 7.700105e-33 7.700105e-33 
2.445000e-02 1.302112e-07 7.700105e-33 7.700105e-33 4.854353e-07 7.700105e-33 7.700105e-33 
2.450000e-02 1.313048e-07 7.700105e-33 7.700105e-33 4.384403e-07 7.700105e-33 7.700105e-33 
2.455000e-02 1.325763e-07 7.700105e-33 7.700105e-33 3.959868e-07 7.700105e-33 7.700105e-33 
2.460000e-02 1.340036e-07 7.700105e-33 7.700105e-33 3.576344e-07 7.700105e-33 7.700105e-33 
2.465000e-02 1.355755e-07 7.700105e-33 7.700105e-33 3.229923e-07 7.700105e-33 7.700105e-33 
2.470000e-02 1.372754e-07 7.700105e-33 7.700105e-33 2.916972e-07 7.700105e-33 7.700105e-33 
2.475000e-02 1.390866e-07 7.700105e-33 7.700105e-33 2.634242e-07 7.700105e-33 7.700105e-33 
2.480000e-02 1.409869e-07 7.700105e-33 7.700105e-33 2.378926e-07 7.700105e-33 7.700105e-33 
2.485000e-02 1.429597e-07 7.700105e-33 7.700105e-33 2.148273e-07 7.700105e-33 7.700105e-33 
2.490000e-02 1.449830e-07 7.700105e-33 7.700105e-33 1.939914e-07 7.700105e-33 7.700105e-33 
2.495000e-02 1.486310e-07 7.700105e-33 7.700105e-33 1.751812e-07 7.700105e-33 7.700105e-33 
2.500000e-02 1.510191e-07 7.700105e-33 7.700105e-33 1.581822e-07 7.700105e-33 7.700105e-33 
