       0	        0	        0	        0	        0	        0	        0	 
   5e-05	  14106.5	  15750.4	  15750.4	  956.407	  19391.3	  19391.3	 
  0.0001	 1.78275e+06	 1.98073e+06	 1.98073e+06	   199122	 3.34596e+06	 3.34596e+06	 
 0.00015	 3.37251e+07	 3.73663e+07	 3.73663e+07	 4.59811e+06	 6.26811e+07	 6.26811e+07	 
  0.0002	 2.40547e+08	 2.65873e+08	 2.65873e+08	 3.79601e+07	 4.29627e+08	 4.29627e+08	 
 0.00025	 9.15606e+08	 1.00875e+09	 1.00875e+09	 1.70494e+08	 1.5939e+09	 1.5939e+09	 
  0.0003	 2.22052e+09	 2.43756e+09	 2.43756e+09	 4.84436e+08	 3.80146e+09	 3.80146e+09	 
 0.00035	 3.76657e+09	 4.12763e+09	 4.12763e+09	 8.78408e+08	 6.4217e+09	 6.4217e+09	 
  0.0004	 5.49734e+09	 6.01801e+09	 6.01801e+09	 1.33242e+09	 9.34603e+09	 9.34603e+09	 
 0.00045	 7.39849e+09	 8.09264e+09	 8.09264e+09	 1.84584e+09	 1.25171e+10	 1.25171e+10	 
  0.0005	 9.44752e+09	 1.03238e+10	 1.03238e+10	 2.43833e+09	 1.58689e+10	 1.58689e+10	 
 0.00055	 1.15517e+10	 1.26079e+10	 1.26079e+10	 3.10294e+09	 1.91941e+10	 1.91941e+10	 
  0.0006	 1.34997e+10	 1.47164e+10	 1.47164e+10	 3.76731e+09	 2.21959e+10	 2.21959e+10	 
 0.00065	 1.52057e+10	 1.65568e+10	 1.65568e+10	 4.39802e+09	 2.47307e+10	 2.47307e+10	 
  0.0007	 1.66233e+10	 1.80805e+10	 1.80805e+10	 4.96677e+09	 2.67451e+10	 2.67451e+10	 
 0.00075	 1.77561e+10	 1.92939e+10	 1.92939e+10	 5.45499e+09	 2.82358e+10	 2.82358e+10	 
  0.0008	 1.85363e+10	 2.01216e+10	 2.01216e+10	 5.85494e+09	 2.91774e+10	 2.91774e+10	 
 0.00085	 1.90608e+10	 2.06728e+10	 2.06728e+10	 6.16548e+09	 2.96347e+10	 2.96347e+10	 
  0.0009	 1.92793e+10	 2.0892e+10	 2.0892e+10	 6.37954e+09	 2.97014e+10	 2.97014e+10	 
 0.00095	 1.92638e+10	 2.08582e+10	 2.08582e+10	 6.50948e+09	 2.93557e+10	 2.93557e+10	 
   0.001	 1.904e+10	 2.06016e+10	 2.06016e+10	 6.54838e+09	 2.87024e+10	 2.87024e+10	 
 0.00105	 1.87009e+10	 2.0222e+10	 2.0222e+10	 6.53336e+09	 2.79017e+10	 2.79017e+10	 
  0.0011	 1.82543e+10	 1.97288e+10	 1.97288e+10	 6.46004e+09	 2.69507e+10	 2.69507e+10	 
 0.00115	 1.76935e+10	 1.91135e+10	 1.91135e+10	 6.33486e+09	 2.58401e+10	 2.58401e+10	 
  0.0012	 1.7065e+10	 1.84261e+10	 1.84261e+10	 6.17756e+09	 2.46441e+10	 2.46441e+10	 
 0.00125	 1.63815e+10	 1.76807e+10	 1.76807e+10	 5.98933e+09	 2.33914e+10	 2.33914e+10	 
  0.0013	 1.56605e+10	 1.6896e+10	 1.6896e+10	 5.77724e+09	 2.21036e+10	 2.21036e+10	 
 0.00135	 1.49187e+10	 1.60898e+10	 1.60898e+10	 5.55062e+09	 2.08052e+10	 2.08052e+10	 
  0.0014	 1.41697e+10	 1.52766e+10	 1.52766e+10	 5.31551e+09	 1.95176e+10	 1.95176e+10	 
 0.00145	 1.34272e+10	 1.44719e+10	 1.44719e+10	 5.07032e+09	 1.82654e+10	 1.82654e+10	 
  0.0015	 1.26914e+10	 1.36753e+10	 1.36753e+10	 4.82077e+09	 1.70471e+10	 1.70471e+10	 
 0.00155	 1.19731e+10	 1.28982e+10	 1.28982e+10	 4.57252e+09	 1.5873e+10	 1.5873e+10	 
  0.0016	 1.12681e+10	 1.21362e+10	 1.21362e+10	 4.32434e+09	 1.47417e+10	 1.47417e+10	 
 0.00165	 1.05829e+10	 1.1396e+10	 1.1396e+10	 4.07933e+09	 1.36578e+10	 1.36578e+10	 
  0.0017	 9.9223e+09	 1.06827e+10	 1.06827e+10	 3.8398e+09	 1.26312e+10	 1.26312e+10	 
 0.00175	 9.29449e+09	 1.00053e+10	 1.00053e+10	 3.60851e+09	 1.16716e+10	 1.16716e+10	 
  0.0018	 8.69713e+09	 9.36111e+09	 9.36111e+09	 3.38591e+09	 1.0774e+10	 1.0774e+10	 
 0.00185	 8.12199e+09	 8.74105e+09	 8.74105e+09	 3.17001e+09	 9.92768e+09	 9.92768e+09	 
  0.0019	 7.57755e+09	 8.15427e+09	 8.15427e+09	 2.96431e+09	 9.14068e+09	 9.14068e+09	 
 0.00195	 7.04957e+09	 7.58539e+09	 7.58539e+09	 2.76339e+09	 8.39244e+09	 8.39244e+09	 
   0.002	 6.55878e+09	 7.05672e+09	 7.05672e+09	 2.57561e+09	 7.70863e+09	 7.70863e+09	 
 0.00205	 6.09877e+09	 6.56132e+09	 6.56132e+09	 2.39878e+09	 7.07844e+09	 7.07844e+09	 
  0.0021	 5.66279e+09	 6.09178e+09	 6.09178e+09	 2.23126e+09	 6.4916e+09	 6.4916e+09	 
 0.00215	 5.25375e+09	 5.65127e+09	 5.65127e+09	 2.07386e+09	 5.95097e+09	 5.95097e+09	 
  0.0022	 4.85998e+09	 5.22735e+09	 5.22735e+09	 1.92133e+09	 5.43633e+09	 5.43633e+09	 
 0.00225	 4.50392e+09	 4.84418e+09	 4.84418e+09	 1.78214e+09	 4.97933e+09	 4.97933e+09	 
  0.0023	 4.16786e+09	 4.48264e+09	 4.48264e+09	 1.6499e+09	 4.55458e+09	 4.55458e+09	 
 0.00235	 3.85102e+09	 4.14182e+09	 4.14182e+09	 1.52481e+09	 4.16141e+09	 4.16141e+09	 
  0.0024	 3.55492e+09	 3.82335e+09	 3.82335e+09	 1.40774e+09	 3.79982e+09	 3.79982e+09	 
 0.00245	 3.27279e+09	 3.51986e+09	 3.51986e+09	 1.29648e+09	 3.46228e+09	 3.46228e+09	 
  0.0025	 3.01397e+09	 3.24143e+09	 3.24143e+09	 1.19447e+09	 3.16029e+09	 3.16029e+09	 
 0.00255	 2.77088e+09	 2.97993e+09	 2.97993e+09	 1.09866e+09	 2.88047e+09	 2.88047e+09	 
  0.0026	 2.54616e+09	 2.73822e+09	 2.73822e+09	 1.0099e+09	 2.62408e+09	 2.62408e+09	 
 0.00265	 2.33544e+09	 2.51156e+09	 2.51156e+09	 9.26609e+08	 2.38575e+09	 2.38575e+09	 
  0.0027	 2.1396e+09	 2.30092e+09	 2.30092e+09	 8.49202e+08	 2.16649e+09	 2.16649e+09	 
 0.00275	 1.96115e+09	 2.10897e+09	 2.10897e+09	 7.78673e+08	 1.97046e+09	 1.97046e+09	 
  0.0028	 1.79429e+09	 1.9295e+09	 1.9295e+09	 7.12761e+08	 1.79008e+09	 1.79008e+09	 
 0.00285	 1.64003e+09	 1.76356e+09	 1.76356e+09	 6.51904e+08	 1.62699e+09	 1.62699e+09	 
  0.0029	 1.49505e+09	 1.60761e+09	 1.60761e+09	 5.94704e+08	 1.47538e+09	 1.47538e+09	 
 0.00295	 1.36139e+09	 1.46383e+09	 1.46383e+09	 5.41906e+08	 1.33652e+09	 1.33652e+09	 
   0.003	 1.23919e+09	 1.3324e+09	 1.3324e+09	 4.93559e+08	 1.2107e+09	 1.2107e+09	 
 0.00305	 1.12664e+09	 1.21136e+09	 1.21136e+09	 4.4897e+08	 1.09552e+09	 1.09552e+09	 
  0.0031	 1.02411e+09	 1.10109e+09	 1.10109e+09	 4.08327e+08	 9.91504e+08	 9.91504e+08	 
 0.00315	 9.29611e+08	 9.99464e+08	 9.99464e+08	 3.70843e+08	 8.96106e+08	 8.96106e+08	 
  0.0032	 8.44103e+08	 9.07506e+08	 9.07506e+08	 3.36932e+08	 8.1063e+08	 8.1063e+08	 
 0.00325	 7.66021e+08	 8.23532e+08	 8.23532e+08	 3.05984e+08	 7.33541e+08	 7.33541e+08	 
  0.0033	 6.9302e+08	 7.45023e+08	 7.45023e+08	 2.77038e+08	 6.61865e+08	 6.61865e+08	 
 0.00335	 6.27687e+08	 6.74764e+08	 6.74764e+08	 2.51109e+08	 5.98151e+08	 5.98151e+08	 
  0.0034	 5.66022e+08	 6.08451e+08	 6.08451e+08	 2.26619e+08	 5.38114e+08	 5.38114e+08	 
 0.00345	 5.10341e+08	 5.48576e+08	 5.48576e+08	 2.04495e+08	 4.84199e+08	 4.84199e+08	 
  0.0035	 4.6091e+08	 4.95423e+08	 4.95423e+08	 1.84835e+08	 4.36542e+08	 4.36542e+08	 
 0.00355	 4.16127e+08	 4.4727e+08	 4.4727e+08	 1.6701e+08	 3.93548e+08	 3.93548e+08	 
  0.0036	 3.75669e+08	 4.03769e+08	 4.03769e+08	 1.5089e+08	 3.54801e+08	 3.54801e+08	 
 0.00365	 3.39022e+08	 3.64368e+08	 3.64368e+08	 1.36274e+08	 3.19786e+08	 3.19786e+08	 
  0.0037	 3.04406e+08	 3.2715e+08	 3.2715e+08	 1.2247e+08	 2.8688e+08	 2.8688e+08	 
 0.00375	 2.7329e+08	 2.93697e+08	 2.93697e+08	 1.10052e+08	 2.57419e+08	 2.57419e+08	 
  0.0038	 2.45331e+08	 2.63639e+08	 2.63639e+08	 9.88853e+07	 2.31034e+08	 2.31034e+08	 
 0.00385	 2.20136e+08	 2.36553e+08	 2.36553e+08	 8.88099e+07	 2.07228e+08	 2.07228e+08	 
  0.0039	 1.98039e+08	 2.128e+08	 2.128e+08	 7.99594e+07	 1.86335e+08	 1.86335e+08	 
 0.00395	 1.78082e+08	 1.91349e+08	 1.91349e+08	 7.19601e+07	 1.67496e+08	 1.67496e+08	 
   0.004	 1.60269e+08	 1.72202e+08	 1.72202e+08	 6.4814e+07	 1.50739e+08	 1.50739e+08	 
 0.00405	 1.43124e+08	 1.53774e+08	 1.53774e+08	 5.79373e+07	 1.34668e+08	 1.34668e+08	 
  0.0041	 1.27925e+08	 1.37437e+08	 1.37437e+08	 5.18357e+07	 1.20436e+08	 1.20436e+08	 
 0.00415	 1.1429e+08	 1.22782e+08	 1.22782e+08	 4.63568e+07	 1.0767e+08	 1.0767e+08	 
  0.0042	 1.02201e+08	 1.0979e+08	 1.0979e+08	 4.14937e+07	 9.63475e+07	 9.63475e+07	 
 0.00425	 9.15515e+07	 9.83457e+07	 9.83457e+07	 3.72035e+07	 8.63501e+07	 8.63501e+07	 
  0.0043	 8.23128e+07	 8.84183e+07	 8.84183e+07	 3.34743e+07	 7.76511e+07	 7.76511e+07	 
 0.00435	 7.3565e+07	 7.90185e+07	 7.90185e+07	 2.99418e+07	 6.94148e+07	 6.94148e+07	 
  0.0044	 6.55603e+07	 7.04172e+07	 7.04172e+07	 2.67091e+07	 6.19027e+07	 6.19027e+07	 
 0.00445	 5.84427e+07	 6.27693e+07	 6.27693e+07	 2.38333e+07	 5.52491e+07	 5.52491e+07	 
  0.0045	 5.1941e+07	 5.57835e+07	 5.57835e+07	 2.12045e+07	 4.91723e+07	 4.91723e+07	 
 0.00455	 4.63768e+07	 4.98053e+07	 4.98053e+07	 1.89513e+07	 4.3956e+07	 4.3956e+07	 
  0.0046	 4.13637e+07	 4.44197e+07	 4.44197e+07	 1.69184e+07	 3.92493e+07	 3.92493e+07	 
 0.00465	 3.70751e+07	 3.9813e+07	 3.9813e+07	 1.51746e+07	 3.5187e+07	 3.5187e+07	 
  0.0047	 3.30678e+07	 3.55083e+07	 3.55083e+07	 1.35458e+07	 3.13986e+07	 3.13986e+07	 
 0.00475	 2.94182e+07	 3.15879e+07	 3.15879e+07	 1.20617e+07	 2.79669e+07	 2.79669e+07	 
  0.0048	 2.61433e+07	 2.80702e+07	 2.80702e+07	 1.07294e+07	 2.48904e+07	 2.48904e+07	 
 0.00485	 2.31996e+07	 2.49083e+07	 2.49083e+07	 9.53115e+06	 2.2123e+07	 2.2123e+07	 
  0.0049	 2.06249e+07	 2.21429e+07	 2.21429e+07	 8.48155e+06	 1.96997e+07	 1.96997e+07	 
 0.00495	 1.83588e+07	 1.97093e+07	 1.97093e+07	 7.55642e+06	 1.75536e+07	 1.75536e+07	 
   0.005	 1.64286e+07	 1.76365e+07	 1.76365e+07	 6.76662e+06	 1.57136e+07	 1.57136e+07	 
 0.00505	 1.45932e+07	 1.56656e+07	 1.56656e+07	 6.01538e+06	 1.3968e+07	 1.3968e+07	 
  0.0051	 1.29768e+07	 1.39298e+07	 1.39298e+07	 5.35356e+06	 1.2437e+07	 1.2437e+07	 
 0.00515	 1.14928e+07	 1.23363e+07	 1.23363e+07	 4.74582e+06	 1.1012e+07	 1.1012e+07	 
  0.0052	 1.01905e+07	 1.09378e+07	 1.09378e+07	 4.21225e+06	 9.78611e+06	 9.78611e+06	 
 0.00525	 9.01684e+06	 9.67768e+06	 9.67768e+06	 3.73071e+06	 8.6736e+06	 8.6736e+06	 
  0.0053	 8.029e+06	 8.61708e+06	 8.61708e+06	 3.32476e+06	 7.73589e+06	 7.73589e+06	 
 0.00535	 7.1544e+06	 7.67819e+06	 7.67819e+06	 2.96457e+06	 6.89951e+06	 6.89951e+06	 
  0.0054	 6.3492e+06	 6.81382e+06	 6.81382e+06	 2.63264e+06	 6.12315e+06	 6.12315e+06	 
 0.00545	 5.62994e+06	 6.04169e+06	 6.04169e+06	 2.3363e+06	 5.43414e+06	 5.43414e+06	 
  0.0055	 4.99034e+06	 5.35508e+06	 5.35508e+06	 2.07275e+06	 4.82586e+06	 4.82586e+06	 
 0.00555	 4.40492e+06	 4.72665e+06	 4.72665e+06	 1.83136e+06	 4.2685e+06	 4.2685e+06	 
  0.0056	 3.89666e+06	 4.18108e+06	 4.18108e+06	 1.6215e+06	 3.78303e+06	 3.78303e+06	 
 0.00565	 3.45905e+06	 3.7114e+06	 3.7114e+06	 1.44047e+06	 3.36423e+06	 3.36423e+06	 
  0.0057	 3.07185e+06	 3.29584e+06	 3.29584e+06	 1.28007e+06	 2.99156e+06	 2.99156e+06	 
 0.00575	 2.72838e+06	 2.92723e+06	 2.92723e+06	 1.13771e+06	 2.65969e+06	 2.65969e+06	 
  0.0058	 2.41804e+06	 2.59418e+06	 2.59418e+06	 1.00908e+06	 2.36062e+06	 2.36062e+06	 
 0.00585	 2.1387e+06	 2.2944e+06	 2.2944e+06	   893267	 2.08641e+06	 2.08641e+06	 
  0.0059	 1.87835e+06	 2.015e+06	 2.015e+06	   785216	 1.83676e+06	 1.83676e+06	 
 0.00595	 1.66707e+06	 1.78828e+06	 1.78828e+06	   697478	 1.63319e+06	 1.63319e+06	 
   0.006	 1.47586e+06	 1.5831e+06	 1.5831e+06	   617982	 1.44844e+06	 1.44844e+06	 
 0.00605	 1.30846e+06	 1.4035e+06	 1.4035e+06	   548249	 1.28091e+06	 1.28091e+06	 
  0.0061	 1.15873e+06	 1.24286e+06	 1.24286e+06	   485781	 1.13734e+06	 1.13734e+06	 
 0.00615	 1.02789e+06	 1.10248e+06	 1.10248e+06	   431232	 1.01035e+06	 1.01035e+06	 
  0.0062	   904664	   970275	   970275	   379829	   890611	   890611	 
 0.00625	   796705	   854451	   854451	   334787	   785916	   785916	 
  0.0063	   705778	   756904	   756904	   296812	   695151	   695151	 
 0.00635	   621684	   666695	   666695	   261630	   613990	   613990	 
  0.0064	   550438	   590273	   590273	   231796	   541770	   541770	 
 0.00645	   488897	   524263	   524263	   205995	   481703	   481703	 
  0.0065	   432055	   463296	   463296	   182160	   425342	   425342	 
 0.00655	   378365	   405710	   405710	   159627	   372721	   372721	 
  0.0066	   334120	   358254	   358254	   141072	   327947	   327947	 
 0.00665	   295110	   316414	   316414	   124690	   282364	   282364	 
  0.0067	   258855	   277533	   277533	   109444	   248938	   248938	 
 0.00675	   228856	   245362	   245362	  96817.7	   220445	   220445	 
  0.0068	   202768	   217387	   217387	  85819.5	   196089	   196089	 
 0.00685	   177369	   190154	   190154	  75095.5	   168749	   168749	 
  0.0069	   155898	   167130	   167130	  66051.9	   148602	   148602	 
 0.00695	   133827	   143469	   143469	  56701.3	   125559	   125559	 
   0.007	   118256	   126771	   126771	  50141.5	   111154	   111154	 
 0.00705	   103649	   111109	   111109	  43981.5	  97649.3	  97649.3	 
  0.0071	    91897	  98507.6	  98507.6	  39017.5	  81536.6	  81536.6	 
 0.00715	  79421.8	  85135.4	  85135.4	  33717.2	  72080.4	  72080.4	 
  0.0072	  70030.6	  75066.5	  75066.5	  29746.9	  63753.9	  63753.9	 
 0.00725	  59104.8	  63355.7	  63355.7	  25100.6	  55764.3	  55764.3	 
  0.0073	  52215.8	  55969.3	  55969.3	  22191.4	  49358.6	  49358.6	 
 0.00735	  45990.9	  49295.2	  49295.2	  19559.6	  43588.6	  43588.6	 
  0.0074	  37597.4	  40299.6	  40299.6	  15982.2	    37727	    37727	 
 0.00745	  33314.2	  35707.4	  35707.4	  14169.9	  33473.9	  33473.9	 
  0.0075	  29577.7	  31701.8	  31701.8	  12586.6	    29746	    29746	 
 0.00755	  26129.9	  28005.6	  28005.6	  11125.3	  22936.9	  22936.9	 
  0.0076	  23108.5	  24766.6	  24766.6	   9845.4	    20280	    20280	 
 0.00765	  20370.9	  21831.8	  21831.8	   8685.1	  17902.8	  17902.8	 
  0.0077	  17915.6	  19199.8	  19199.8	  7643.44	  15799.9	  15799.9	 
 0.00775	  15720.1	  16846.3	  16846.3	  6711.58	  12891.5	  12891.5	 
  0.0078	  13910.5	  14906.7	  14906.7	  5942.37	  10523.1	  10523.1	 
 0.00785	  12320.9	  13202.9	  13202.9	  5265.57	  8401.16	  8401.16	 
  0.0079	  9304.97	  9971.97	  9971.97	  3969.57	  7094.33	  7094.33	 
 0.00795	  8207.13	  8795.16	  8795.16	  3503.35	  5481.43	  5481.43	 
   0.008	  7222.31	  7739.53	  7739.53	  3085.02	  4093.94	  4093.94	 
 0.00805	  6356.68	  6811.69	  6811.69	  2717.02	  2611.73	  2611.73	 
  0.0081	  5087.76	  5452.05	  5452.05	  2173.75	  1710.93	  1710.93	 
 0.00815	   4051.1	  4341.28	  4341.28	  1729.89	  1072.05	  1072.05	 
  0.0082	  3119.03	   3342.6	   3342.6	  1330.61	  665.303	  665.303	 
 0.00825	  2755.59	  2953.05	  2953.05	   1176.1	  588.049	  588.049	 
  0.0083	  2028.01	  2173.44	  2173.44	  864.731	  432.366	  432.366	 
 0.00835	  1399.62	  1500.06	  1500.06	  596.131	  298.066	  298.066	 
  0.0084	   699.33	  749.619	  749.619	   297.06	   148.53	   148.53	 
 0.00845	  351.661	  376.992	  376.992	  149.026	  74.5132	  74.5132	 
  0.0085	  118.274	  126.833	  126.833	   49.805	  24.9025	  24.9025	 
 0.00855	 0.996593	  1.12118	  1.12118	 1.35433e-31	 1.35433e-31	 1.35433e-31	 
  0.0086	 0.881636	 0.991852	 0.991852	 1.35433e-31	 1.35433e-31	 1.35433e-31	 
 0.00865	 0.779876	  0.87737	  0.87737	 1.35433e-31	 1.35433e-31	 1.35433e-31	 
  0.0087	 0.689789	 0.776021	 0.776021	 1.35433e-31	 1.35433e-31	 1.35433e-31	 
 0.00875	 0.610012	 0.686272	 0.686272	 1.35433e-31	 1.35433e-31	 1.35433e-31	 
  0.0088	 0.539444	 0.606881	 0.606881	 1.35433e-31	 1.35433e-31	 1.35433e-31	 
 0.00885	 0.476955	  0.53658	  0.53658	 1.35433e-31	 1.35433e-31	 1.35433e-31	 
  0.0089	 0.421681	 0.474396	 0.474396	 1.35433e-31	 1.35433e-31	 1.35433e-31	 
 0.00895	 0.372755	 0.419354	 0.419354	 1.35433e-31	 1.35433e-31	 1.35433e-31	 
   0.009	 0.329495	 0.370686	 0.370686	 1.35433e-31	 1.35433e-31	 1.35433e-31	 
 0.00905	  0.29122	 0.327627	 0.327627	 1.35433e-31	 1.35433e-31	 1.35433e-31	 
  0.0091	 0.257361	 0.289534	 0.289534	 1.35433e-31	 1.35433e-31	 1.35433e-31	 
 0.00915	 0.227417	 0.255847	 0.255847	 1.35433e-31	 1.35433e-31	 1.35433e-31	 
  0.0092	 0.200937	 0.226057	 0.226057	 1.35433e-31	 1.35433e-31	 1.35433e-31	 
 0.00925	 0.177524	 0.199716	 0.199716	 1.35433e-31	 1.35433e-31	 1.35433e-31	 
  0.0093	 0.156825	  0.17643	  0.17643	 1.35433e-31	 1.35433e-31	 1.35433e-31	 
 0.00935	 0.138524	 0.155842	 0.155842	 1.35433e-31	 1.35433e-31	 1.35433e-31	 
  0.0094	 0.122351	 0.137647	 0.137647	 1.35433e-31	 1.35433e-31	 1.35433e-31	 
 0.00945	 0.108054	 0.121562	 0.121562	 1.35433e-31	 1.35433e-31	 1.35433e-31	 
  0.0095	 0.0954199	 0.107349	 0.107349	 1.35433e-31	 1.35433e-31	 1.35433e-31	 
 0.00955	 0.0842548	 0.0947877	 0.0947877	 1.35433e-31	 1.35433e-31	 1.35433e-31	 
  0.0096	 0.0743883	 0.0836878	 0.0836878	 1.35433e-31	 1.35433e-31	 1.35433e-31	 
 0.00965	 0.0656735	 0.0738835	 0.0738835	 1.35433e-31	 1.35433e-31	 1.35433e-31	 
  0.0097	 0.0579739	 0.0652214	 0.0652214	 1.35433e-31	 1.35433e-31	 1.35433e-31	 
 0.00975	 0.0511715	 0.0575686	 0.0575686	 1.35433e-31	 1.35433e-31	 1.35433e-31	 
  0.0098	 0.045164	  0.05081	  0.05081	 1.35433e-31	 1.35433e-31	 1.35433e-31	 
 0.00985	 0.0398595	 0.0448424	 0.0448424	 1.35433e-31	 1.35433e-31	 1.35433e-31	 
  0.0099	 0.0351742	 0.0395714	 0.0395714	 1.35433e-31	 1.35433e-31	 1.35433e-31	 
 0.00995	 0.0310371	 0.0349171	 0.0349171	 1.35433e-31	 1.35433e-31	 1.35433e-31	 
    0.01	 0.0273827	 0.0308059	 0.0308059	 1.35433e-31	 1.35433e-31	 1.35433e-31	 
 0.01005	 0.0241589	 0.0271791	 0.0271791	 1.35433e-31	 1.35433e-31	 1.35433e-31	 
  0.0101	 0.0213123	 0.0239766	 0.0239766	 1.35433e-31	 1.35433e-31	 1.35433e-31	 
 0.01015	 0.0187993	 0.0211495	 0.0211495	 1.35433e-31	 1.35433e-31	 1.35433e-31	 
  0.0102	 0.0165815	 0.0186544	 0.0186544	 1.35433e-31	 1.35433e-31	 1.35433e-31	 
 0.01025	 0.0146242	 0.0164525	 0.0164525	 1.35433e-31	 1.35433e-31	 1.35433e-31	 
  0.0103	 0.0128968	 0.014509	 0.014509	 1.35433e-31	 1.35433e-31	 1.35433e-31	 
 0.01035	 0.0113726	 0.0127943	 0.0127943	 1.35433e-31	 1.35433e-31	 1.35433e-31	 
  0.0104	 0.0100278	 0.0112814	 0.0112814	 1.35433e-31	 1.35433e-31	 1.35433e-31	 
 0.01045	 0.00884128	 0.00994656	 0.00994656	 1.35433e-31	 1.35433e-31	 1.35433e-31	 
  0.0105	 0.00779482	 0.00876927	 0.00876927	 1.35433e-31	 1.35433e-31	 1.35433e-31	 
 0.01055	 0.0068714	 0.00773041	 0.00773041	 1.35433e-31	 1.35433e-31	 1.35433e-31	 
  0.0106	 0.0060571	 0.00681431	 0.00681431	 1.35433e-31	 1.35433e-31	 1.35433e-31	 
 0.01065	 0.00533882	 0.00600624	 0.00600624	 1.35433e-31	 1.35433e-31	 1.35433e-31	 
  0.0107	 0.00470554	 0.00529379	 0.00529379	 1.35433e-31	 1.35433e-31	 1.35433e-31	 
 0.01075	 0.00414703	 0.00466546	 0.00466546	 1.35433e-31	 1.35433e-31	 1.35433e-31	 
  0.0108	 0.00365436	 0.0041112	 0.0041112	 1.35433e-31	 1.35433e-31	 1.35433e-31	 
 0.01085	 0.00322019	 0.00362275	 0.00362275	 1.35433e-31	 1.35433e-31	 1.35433e-31	 
  0.0109	 0.00283744	 0.00319215	 0.00319215	 1.35433e-31	 1.35433e-31	 1.35433e-31	 
 0.01095	 0.00249989	 0.00281241	 0.00281241	 1.35433e-31	 1.35433e-31	 1.35433e-31	 
   0.011	 0.00220237	 0.0024777	 0.0024777	 1.35433e-31	 1.35433e-31	 1.35433e-31	 
 0.01105	 0.00194014	 0.00218268	 0.00218268	 1.35433e-31	 1.35433e-31	 1.35433e-31	 
  0.0111	 0.00170902	 0.00192267	 0.00192267	 1.35433e-31	 1.35433e-31	 1.35433e-31	 
 0.01115	 0.00150534	 0.00169353	 0.00169353	 1.35433e-31	 1.35433e-31	 1.35433e-31	 
  0.0112	 0.00132583	 0.00149157	 0.00149157	 1.35433e-31	 1.35433e-31	 1.35433e-31	 
 0.01125	 0.00116766	 0.00131364	 0.00131364	 1.35433e-31	 1.35433e-31	 1.35433e-31	 
  0.0113	 0.00102831	 0.00115686	 0.00115686	 1.35433e-31	 1.35433e-31	 1.35433e-31	 
 0.01135	 0.000905509	 0.00101871	 0.00101871	 1.35433e-31	 1.35433e-31	 1.35433e-31	 
  0.0114	 0.000797321	 0.000896996	 0.000896996	 1.35433e-31	 1.35433e-31	 1.35433e-31	 
 0.01145	 0.00070204	 0.000789804	 0.000789804	 1.35433e-31	 1.35433e-31	 1.35433e-31	 
  0.0115	 0.000618092	 0.000695362	 0.000695362	 1.35433e-31	 1.35433e-31	 1.35433e-31	 
 0.01155	 0.00054414	 0.000612164	 0.000612164	 1.35433e-31	 1.35433e-31	 1.35433e-31	 
  0.0116	 0.000479001	 0.000538883	 0.000538883	 1.35433e-31	 1.35433e-31	 1.35433e-31	 
 0.01165	 0.000421655	 0.000474367	 0.000474367	 1.35433e-31	 1.35433e-31	 1.35433e-31	 
  0.0117	 0.000371155	 0.000417554	 0.000417554	 1.35433e-31	 1.35433e-31	 1.35433e-31	 
 0.01175	 0.000326662	 0.000367499	 0.000367499	 1.35433e-31	 1.35433e-31	 1.35433e-31	 
  0.0118	 0.000287495	 0.000323436	 0.000323436	 1.35433e-31	 1.35433e-31	 1.35433e-31	 
 0.01185	 0.000253011	 0.000284641	 0.000284641	 1.35433e-31	 1.35433e-31	 1.35433e-31	 
  0.0119	 0.000222651	 0.000250485	 0.000250485	 1.35433e-31	 1.35433e-31	 1.35433e-31	 
 0.01195	 0.000195921	 0.000220414	 0.000220414	 1.35433e-31	 1.35433e-31	 1.35433e-31	 
   0.012	 0.00017239	 0.00019394	 0.00019394	 1.35433e-31	 1.35433e-31	 1.35433e-31	 
 0.01205	 0.000151678	 0.00017064	 0.00017064	 1.35433e-31	 1.35433e-31	 1.35433e-31	 
  0.0121	 0.000133446	 0.000150128	 0.000150128	 1.35433e-31	 1.35433e-31	 1.35433e-31	 
 0.01215	 0.000117398	 0.000132075	 0.000132075	 1.35433e-31	 1.35433e-31	 1.35433e-31	 
  0.0122	 0.000103277	 0.000116188	 0.000116188	 1.35433e-31	 1.35433e-31	 1.35433e-31	 
 0.01225	 9.08474e-05	 0.000102204	 0.000102204	 1.35433e-31	 1.35433e-31	 1.35433e-31	 
  0.0123	 7.99079e-05	 8.98974e-05	 8.98974e-05	 1.35433e-31	 1.35433e-31	 1.35433e-31	 
 0.01235	 7.02854e-05	 7.90719e-05	 7.90719e-05	 1.35433e-31	 1.35433e-31	 1.35433e-31	 
  0.0124	 6.18171e-05	 6.9545e-05	 6.9545e-05	 1.35433e-31	 1.35433e-31	 1.35433e-31	 
 0.01245	 5.43641e-05	 6.11603e-05	 6.11603e-05	 1.35433e-31	 1.35433e-31	 1.35433e-31	 
  0.0125	 4.78083e-05	 5.37849e-05	 5.37849e-05	 1.35433e-31	 1.35433e-31	 1.35433e-31	 
 0.01255	 4.20421e-05	 4.72979e-05	 4.72979e-05	 1.35433e-31	 1.35433e-31	 1.35433e-31	 
  0.0126	 3.69685e-05	 4.15901e-05	 4.15901e-05	 1.35433e-31	 1.35433e-31	 1.35433e-31	 
 0.01265	 3.25062e-05	 3.65699e-05	 3.65699e-05	 1.35433e-31	 1.35433e-31	 1.35433e-31	 
  0.0127	 2.85816e-05	 3.21547e-05	 3.21547e-05	 1.35433e-31	 1.35433e-31	 1.35433e-31	 
 0.01275	 2.51277e-05	 2.8269e-05	 2.8269e-05	 1.35433e-31	 1.35433e-31	 1.35433e-31	 
  0.0128	 2.20909e-05	 2.48525e-05	 2.48525e-05	 1.35433e-31	 1.35433e-31	 1.35433e-31	 
 0.01285	 1.94203e-05	 2.18481e-05	 2.18481e-05	 1.35433e-31	 1.35433e-31	 1.35433e-31	 
  0.0129	 1.70716e-05	 1.92058e-05	 1.92058e-05	 1.35433e-31	 1.35433e-31	 1.35433e-31	 
 0.01295	 1.50062e-05	 1.68822e-05	 1.68822e-05	 1.35433e-31	 1.35433e-31	 1.35433e-31	 
   0.013	 1.319e-05	 1.4839e-05	 1.4839e-05	 1.35433e-31	 1.35433e-31	 1.35433e-31	 
 0.01305	 1.15932e-05	 1.30425e-05	 1.30425e-05	 1.35433e-31	 1.35433e-31	 1.35433e-31	 
  0.0131	 1.01889e-05	 1.14627e-05	 1.14627e-05	 1.35433e-31	 1.35433e-31	 1.35433e-31	 
 0.01315	 8.95462e-06	 1.00741e-05	 1.00741e-05	 1.35433e-31	 1.35433e-31	 1.35433e-31	 
  0.0132	 7.86933e-06	 8.85309e-06	 8.85309e-06	 1.35433e-31	 1.35433e-31	 1.35433e-31	 
 0.01325	 6.91521e-06	 7.7797e-06	 7.7797e-06	 1.35433e-31	 1.35433e-31	 1.35433e-31	 
  0.0133	 6.07678e-06	 6.83645e-06	 6.83645e-06	 1.35433e-31	 1.35433e-31	 1.35433e-31	 
 0.01335	 5.33935e-06	 6.00683e-06	 6.00683e-06	 1.35433e-31	 1.35433e-31	 1.35433e-31	 
  0.0134	 4.69138e-06	 5.27786e-06	 5.27786e-06	 1.35433e-31	 1.35433e-31	 1.35433e-31	 
 0.01345	 4.12184e-06	 4.63712e-06	 4.63712e-06	 1.35433e-31	 1.35433e-31	 1.35433e-31	 
  0.0135	 3.6213e-06	 4.07401e-06	 4.07401e-06	 1.35433e-31	 1.35433e-31	 1.35433e-31	 
 0.01355	 3.18136e-06	 3.57907e-06	 3.57907e-06	 1.35433e-31	 1.35433e-31	 1.35433e-31	 
  0.0136	 2.79494e-06	 3.14434e-06	 3.14434e-06	 1.35433e-31	 1.35433e-31	 1.35433e-31	 
 0.01365	 2.45516e-06	 2.76209e-06	 2.76209e-06	 1.35433e-31	 1.35433e-31	 1.35433e-31	 
  0.0137	 2.15662e-06	 2.42623e-06	 2.42623e-06	 1.35433e-31	 1.35433e-31	 1.35433e-31	 
 0.01375	 1.89431e-06	 2.13112e-06	 2.13112e-06	 1.35433e-31	 1.35433e-31	 1.35433e-31	 
  0.0138	 1.66385e-06	 1.87185e-06	 1.87185e-06	 1.35433e-31	 1.35433e-31	 1.35433e-31	 
 0.01385	 1.46135e-06	 1.64404e-06	 1.64404e-06	 1.35433e-31	 1.35433e-31	 1.35433e-31	 
  0.0139	 1.28343e-06	 1.44388e-06	 1.44388e-06	 1.35433e-31	 1.35433e-31	 1.35433e-31	 
 0.01395	 1.12713e-06	 1.26804e-06	 1.26804e-06	 1.35433e-31	 1.35433e-31	 1.35433e-31	 
   0.014	 9.89824e-07	 1.11356e-06	 1.11356e-06	 1.35433e-31	 1.35433e-31	 1.35433e-31	 
 0.01405	 8.69228e-07	 9.77892e-07	 9.77892e-07	 1.35433e-31	 1.35433e-31	 1.35433e-31	 
  0.0141	 7.6327e-07	 8.58688e-07	 8.58688e-07	 1.35433e-31	 1.35433e-31	 1.35433e-31	 
 0.01415	 6.70193e-07	 7.53975e-07	 7.53975e-07	 1.35433e-31	 1.35433e-31	 1.35433e-31	 
  0.0142	 5.88474e-07	 6.62041e-07	 6.62041e-07	 1.35433e-31	 1.35433e-31	 1.35433e-31	 
 0.01425	 5.16673e-07	 5.81264e-07	 5.81264e-07	 1.35433e-31	 1.35433e-31	 1.35433e-31	 
  0.0143	 4.53633e-07	 5.10343e-07	 5.10343e-07	 1.35433e-31	 1.35433e-31	 1.35433e-31	 
 0.01435	 3.98254e-07	 4.48041e-07	 4.48041e-07	 1.35433e-31	 1.35433e-31	 1.35433e-31	 
  0.0144	 3.49617e-07	 3.93323e-07	 3.93323e-07	 1.35433e-31	 1.35433e-31	 1.35433e-31	 
 0.01445	 3.06934e-07	 3.45305e-07	 3.45305e-07	 1.35433e-31	 1.35433e-31	 1.35433e-31	 
  0.0145	 2.6942e-07	 3.03101e-07	 3.03101e-07	 1.35433e-31	 1.35433e-31	 1.35433e-31	 
 0.01455	 2.365e-07	 2.66065e-07	 2.66065e-07	 1.35433e-31	 1.35433e-31	 1.35433e-31	 
  0.0146	 2.0759e-07	 2.33541e-07	 2.33541e-07	 1.35433e-31	 1.35433e-31	 1.35433e-31	 
 0.01465	 1.82209e-07	 2.04987e-07	 2.04987e-07	 1.35433e-31	 1.35433e-31	 1.35433e-31	 
  0.0147	 1.59923e-07	 1.79916e-07	 1.79916e-07	 1.35433e-31	 1.35433e-31	 1.35433e-31	 
 0.01475	 1.40358e-07	 1.57905e-07	 1.57905e-07	 1.35433e-31	 1.35433e-31	 1.35433e-31	 
  0.0148	 1.23183e-07	 1.38582e-07	 1.38582e-07	 1.35433e-31	 1.35433e-31	 1.35433e-31	 
 0.01485	 1.08104e-07	 1.21618e-07	 1.21618e-07	 1.35433e-31	 1.35433e-31	 1.35433e-31	 
  0.0149	 9.4869e-08	 1.06729e-07	 1.06729e-07	 1.35433e-31	 1.35433e-31	 1.35433e-31	 
 0.01495	 8.32501e-08	 9.36574e-08	 9.36574e-08	 1.35433e-31	 1.35433e-31	 1.35433e-31	 
   0.015	 7.3053e-08	 8.21856e-08	 8.21856e-08	 1.35433e-31	 1.35433e-31	 1.35433e-31	 
 0.01505	 6.41021e-08	 7.21157e-08	 7.21157e-08	 1.35433e-31	 1.35433e-31	 1.35433e-31	 
  0.0151	 5.62451e-08	 6.32764e-08	 6.32764e-08	 1.35433e-31	 1.35433e-31	 1.35433e-31	 
 0.01515	 4.93482e-08	 5.55174e-08	 5.55174e-08	 1.35433e-31	 1.35433e-31	 1.35433e-31	 
  0.0152	 4.32987e-08	 4.87116e-08	 4.87116e-08	 1.35433e-31	 1.35433e-31	 1.35433e-31	 
 0.01525	 3.79864e-08	 4.27352e-08	 4.27352e-08	 1.35433e-31	 1.35433e-31	 1.35433e-31	 
  0.0153	 3.33273e-08	 3.74936e-08	 3.74936e-08	 1.35433e-31	 1.35433e-31	 1.35433e-31	 
 0.01535	 2.92375e-08	 3.28925e-08	 3.28925e-08	 1.35433e-31	 1.35433e-31	 1.35433e-31	 
  0.0154	 2.56479e-08	 2.88542e-08	 2.88542e-08	 1.35433e-31	 1.35433e-31	 1.35433e-31	 
 0.01545	 2.24988e-08	 2.53115e-08	 2.53115e-08	 1.35433e-31	 1.35433e-31	 1.35433e-31	 
  0.0155	 1.97359e-08	 2.22031e-08	 2.22031e-08	 1.35433e-31	 1.35433e-31	 1.35433e-31	 
 0.01555	 1.73116e-08	 1.94758e-08	 1.94758e-08	 1.35433e-31	 1.35433e-31	 1.35433e-31	 
  0.0156	 1.51846e-08	 1.70829e-08	 1.70829e-08	 1.35433e-31	 1.35433e-31	 1.35433e-31	 
 0.01565	 1.33183e-08	 1.49833e-08	 1.49833e-08	 1.35433e-31	 1.35433e-31	 1.35433e-31	 
  0.0157	 1.16811e-08	 1.31414e-08	 1.31414e-08	 1.35433e-31	 1.35433e-31	 1.35433e-31	 
 0.01575	 1.02451e-08	 1.15258e-08	 1.15258e-08	 1.35433e-31	 1.35433e-31	 1.35433e-31	 
  0.0158	 8.98505e-09	 1.01083e-08	 1.01083e-08	 1.35433e-31	 1.35433e-31	 1.35433e-31	 
 0.01585	 7.87982e-09	 8.8649e-09	 8.8649e-09	 1.35433e-31	 1.35433e-31	 1.35433e-31	 
  0.0159	 6.91022e-09	 7.77409e-09	 7.77409e-09	 1.35433e-31	 1.35433e-31	 1.35433e-31	 
 0.01595	 6.05972e-09	 6.81727e-09	 6.81727e-09	 1.35433e-31	 1.35433e-31	 1.35433e-31	 
   0.016	 5.3139e-09	 5.9782e-09	 5.9782e-09	 1.35433e-31	 1.35433e-31	 1.35433e-31	 
 0.01605	 4.65963e-09	 5.24214e-09	 5.24214e-09	 1.35433e-31	 1.35433e-31	 1.35433e-31	 
  0.0161	 4.08564e-09	 4.5964e-09	 4.5964e-09	 1.35433e-31	 1.35433e-31	 1.35433e-31	 
 0.01615	 3.58248e-09	 4.03033e-09	 4.03033e-09	 1.35433e-31	 1.35433e-31	 1.35433e-31	 
  0.0162	 3.14096e-09	 3.53362e-09	 3.53362e-09	 1.35433e-31	 1.35433e-31	 1.35433e-31	 
 0.01625	 2.75402e-09	 3.0983e-09	 3.0983e-09	 1.35433e-31	 1.35433e-31	 1.35433e-31	 
  0.0163	 2.41452e-09	 2.71637e-09	 2.71637e-09	 1.35433e-31	 1.35433e-31	 1.35433e-31	 
 0.01635	 2.11685e-09	 2.38148e-09	 2.38148e-09	 1.35433e-31	 1.35433e-31	 1.35433e-31	 
  0.0164	 1.85583e-09	 2.08783e-09	 2.08783e-09	 1.35433e-31	 1.35433e-31	 1.35433e-31	 
 0.01645	 1.62691e-09	 1.83029e-09	 1.83029e-09	 1.35433e-31	 1.35433e-31	 1.35433e-31	 
  0.0165	 1.42622e-09	 1.60452e-09	 1.60452e-09	 1.35433e-31	 1.35433e-31	 1.35433e-31	 
 0.01655	 1.25022e-09	 1.40651e-09	 1.40651e-09	 1.35433e-31	 1.35433e-31	 1.35433e-31	 
  0.0166	 1.09591e-09	 1.23292e-09	 1.23292e-09	 1.35433e-31	 1.35433e-31	 1.35433e-31	 
 0.01665	 9.60626e-10	 1.08072e-09	 1.08072e-09	 1.35433e-31	 1.35433e-31	 1.35433e-31	 
  0.0167	 8.42024e-10	 9.47287e-10	 9.47287e-10	 1.35433e-31	 1.35433e-31	 1.35433e-31	 
 0.01675	 7.38033e-10	 8.30296e-10	 8.30296e-10	 1.35433e-31	 1.35433e-31	 1.35433e-31	 
  0.0168	 6.46871e-10	 7.27738e-10	 7.27738e-10	 1.35433e-31	 1.35433e-31	 1.35433e-31	 
 0.01685	 5.66963e-10	 6.37841e-10	 6.37841e-10	 1.35433e-31	 1.35433e-31	 1.35433e-31	 
  0.0169	 4.96893e-10	 5.59011e-10	 5.59011e-10	 1.35433e-31	 1.35433e-31	 1.35433e-31	 
 0.01695	 4.3548e-10	 4.8992e-10	 4.8992e-10	 1.35433e-31	 1.35433e-31	 1.35433e-31	 
   0.017	 3.81648e-10	 4.29359e-10	 4.29359e-10	 1.35433e-31	 1.35433e-31	 1.35433e-31	 
 0.01705	 3.34454e-10	 3.76265e-10	 3.76265e-10	 1.35433e-31	 1.35433e-31	 1.35433e-31	 
  0.0171	 2.93109e-10	 3.29752e-10	 3.29752e-10	 1.35433e-31	 1.35433e-31	 1.35433e-31	 
 0.01715	 2.56841e-10	 2.8895e-10	 2.8895e-10	 1.35433e-31	 1.35433e-31	 1.35433e-31	 
  0.0172	 2.25067e-10	 2.53203e-10	 2.53203e-10	 1.35433e-31	 1.35433e-31	 1.35433e-31	 
 0.01725	 1.97217e-10	 2.21872e-10	 2.21872e-10	 1.35433e-31	 1.35433e-31	 1.35433e-31	 
  0.0173	 1.72807e-10	 1.9441e-10	 1.9441e-10	 1.35433e-31	 1.35433e-31	 1.35433e-31	 
 0.01735	 1.51416e-10	 1.70345e-10	 1.70345e-10	 1.35433e-31	 1.35433e-31	 1.35433e-31	 
  0.0174	 1.32669e-10	 1.49254e-10	 1.49254e-10	 1.35433e-31	 1.35433e-31	 1.35433e-31	 
 0.01745	 1.16239e-10	 1.3077e-10	 1.3077e-10	 1.35433e-31	 1.35433e-31	 1.35433e-31	 
  0.0175	 1.01842e-10	 1.14573e-10	 1.14573e-10	 1.35433e-31	 1.35433e-31	 1.35433e-31	 
 0.01755	 8.92261e-11	 1.0038e-10	 1.0038e-10	 1.35433e-31	 1.35433e-31	 1.35433e-31	 
  0.0176	 7.81686e-11	 8.79407e-11	 8.79407e-11	 1.35433e-31	 1.35433e-31	 1.35433e-31	 
 0.01765	 6.84831e-11	 7.70444e-11	 7.70444e-11	 1.35433e-31	 1.35433e-31	 1.35433e-31	 
  0.0177	 5.99939e-11	 6.74939e-11	 6.74939e-11	 1.35433e-31	 1.35433e-31	 1.35433e-31	 
 0.01775	 5.25566e-11	 5.91268e-11	 5.91268e-11	 1.35433e-31	 1.35433e-31	 1.35433e-31	 
  0.0178	 4.60402e-11	 5.17958e-11	 5.17958e-11	 1.35433e-31	 1.35433e-31	 1.35433e-31	 
 0.01785	 4.03291e-11	 4.53707e-11	 4.53707e-11	 1.35433e-31	 1.35433e-31	 1.35433e-31	 
  0.0179	 3.53263e-11	 3.97425e-11	 3.97425e-11	 1.35433e-31	 1.35433e-31	 1.35433e-31	 
 0.01795	 3.09453e-11	 3.48139e-11	 3.48139e-11	 1.35433e-31	 1.35433e-31	 1.35433e-31	 
   0.018	 2.71047e-11	 3.04931e-11	 3.04931e-11	 1.35433e-31	 1.35433e-31	 1.35433e-31	 
 0.01805	 2.37405e-11	 2.67083e-11	 2.67083e-11	 1.35433e-31	 1.35433e-31	 1.35433e-31	 
  0.0181	 2.07936e-11	 2.33931e-11	 2.33931e-11	 1.35433e-31	 1.35433e-31	 1.35433e-31	 
 0.01815	 1.82122e-11	 2.0489e-11	 2.0489e-11	 1.35433e-31	 1.35433e-31	 1.35433e-31	 
  0.0182	 1.59506e-11	 1.79446e-11	 1.79446e-11	 1.35433e-31	 1.35433e-31	 1.35433e-31	 
 0.01825	 1.39697e-11	 1.57161e-11	 1.57161e-11	 1.35433e-31	 1.35433e-31	 1.35433e-31	 
  0.0183	 1.22344e-11	 1.37638e-11	 1.37638e-11	 1.35433e-31	 1.35433e-31	 1.35433e-31	 
 0.01835	 1.07146e-11	 1.20541e-11	 1.20541e-11	 1.35433e-31	 1.35433e-31	 1.35433e-31	 
  0.0184	 9.38327e-12	 1.05563e-11	 1.05563e-11	 1.35433e-31	 1.35433e-31	 1.35433e-31	 
 0.01845	 8.21692e-12	 9.24414e-12	 9.24414e-12	 1.35433e-31	 1.35433e-31	 1.35433e-31	 
  0.0185	 7.19565e-12	 8.09519e-12	 8.09519e-12	 1.35433e-31	 1.35433e-31	 1.35433e-31	 
 0.01855	 6.30107e-12	 7.08879e-12	 7.08879e-12	 1.35433e-31	 1.35433e-31	 1.35433e-31	 
  0.0186	 5.51774e-12	 6.20752e-12	 6.20752e-12	 1.35433e-31	 1.35433e-31	 1.35433e-31	 
 0.01865	 4.83146e-12	 5.43546e-12	 5.43546e-12	 1.35433e-31	 1.35433e-31	 1.35433e-31	 
  0.0187	 4.23045e-12	 4.75931e-12	 4.75931e-12	 1.35433e-31	 1.35433e-31	 1.35433e-31	 
 0.01875	 3.7042e-12	 4.16727e-12	 4.16727e-12	 1.35433e-31	 1.35433e-31	 1.35433e-31	 
  0.0188	 3.24327e-12	 3.64872e-12	 3.64872e-12	 1.35433e-31	 1.35433e-31	 1.35433e-31	 
 0.01885	 2.8398e-12	 3.19481e-12	 3.19481e-12	 1.35433e-31	 1.35433e-31	 1.35433e-31	 
  0.0189	 2.48633e-12	 2.79715e-12	 2.79715e-12	 1.35433e-31	 1.35433e-31	 1.35433e-31	 
 0.01895	 2.17682e-12	 2.44895e-12	 2.44895e-12	 1.35433e-31	 1.35433e-31	 1.35433e-31	 
   0.019	 1.9058e-12	 2.14405e-12	 2.14405e-12	 1.35433e-31	 1.35433e-31	 1.35433e-31	 
 0.01905	 1.66849e-12	 1.87707e-12	 1.87707e-12	 1.35433e-31	 1.35433e-31	 1.35433e-31	 
  0.0191	 1.46069e-12	 1.6433e-12	 1.6433e-12	 1.35433e-31	 1.35433e-31	 1.35433e-31	 
 0.01915	 1.27876e-12	 1.43862e-12	 1.43862e-12	 1.35433e-31	 1.35433e-31	 1.35433e-31	 
  0.0192	 1.11944e-12	 1.25939e-12	 1.25939e-12	 1.35433e-31	 1.35433e-31	 1.35433e-31	 
 0.01925	 9.79986e-13	 1.1025e-12	 1.1025e-12	 1.35433e-31	 1.35433e-31	 1.35433e-31	 
  0.0193	 8.57842e-13	 9.65083e-13	 9.65083e-13	 1.35433e-31	 1.35433e-31	 1.35433e-31	 
 0.01935	 7.5094e-13	 8.44817e-13	 8.44817e-13	 1.35433e-31	 1.35433e-31	 1.35433e-31	 
  0.0194	 6.57338e-13	 7.39514e-13	 7.39514e-13	 1.35433e-31	 1.35433e-31	 1.35433e-31	 
 0.01945	 5.75384e-13	 6.47314e-13	 6.47314e-13	 1.35433e-31	 1.35433e-31	 1.35433e-31	 
  0.0195	 5.03635e-13	 5.66596e-13	 5.66596e-13	 1.35433e-31	 1.35433e-31	 1.35433e-31	 
 0.01955	 4.40831e-13	 4.95941e-13	 4.95941e-13	 1.35433e-31	 1.35433e-31	 1.35433e-31	 
  0.0196	 3.85845e-13	 4.34081e-13	 4.34081e-13	 1.35433e-31	 1.35433e-31	 1.35433e-31	 
 0.01965	 3.37707e-13	 3.79924e-13	 3.79924e-13	 1.35433e-31	 1.35433e-31	 1.35433e-31	 
  0.0197	 2.95575e-13	 3.32526e-13	 3.32526e-13	 1.35433e-31	 1.35433e-31	 1.35433e-31	 
 0.01975	 2.58693e-13	 2.91033e-13	 2.91033e-13	 1.35433e-31	 1.35433e-31	 1.35433e-31	 
  0.0198	 2.2641e-13	 2.54714e-13	 2.54714e-13	 1.35433e-31	 1.35433e-31	 1.35433e-31	 
 0.01985	 1.98148e-13	 2.2292e-13	 2.2292e-13	 1.35433e-31	 1.35433e-31	 1.35433e-31	 
  0.0199	 1.73413e-13	 1.95091e-13	 1.95091e-13	 1.35433e-31	 1.35433e-31	 1.35433e-31	 
 0.01995	 1.51762e-13	 1.70734e-13	 1.70734e-13	 1.35433e-31	 1.35433e-31	 1.35433e-31	 
    0.02	 1.32811e-13	 1.49414e-13	 1.49414e-13	 1.35433e-31	 1.35433e-31	 1.35433e-31	 
 0.02005	 1.16223e-13	 1.30753e-13	 1.30753e-13	 1.35433e-31	 1.35433e-31	 1.35433e-31	 
  0.0201	 1.01708e-13	 1.14423e-13	 1.14423e-13	 1.35433e-31	 1.35433e-31	 1.35433e-31	 
 0.02015	 8.90005e-14	 1.00127e-13	 1.00127e-13	 1.35433e-31	 1.35433e-31	 1.35433e-31	 
  0.0202	 7.788e-14	 8.7616e-14	 8.7616e-14	 1.35433e-31	 1.35433e-31	 1.35433e-31	 
 0.02025	 6.81499e-14	 7.66695e-14	 7.66695e-14	 1.35433e-31	 1.35433e-31	 1.35433e-31	 
  0.0203	 5.96318e-14	 6.70866e-14	 6.70866e-14	 1.35433e-31	 1.35433e-31	 1.35433e-31	 
 0.02035	 5.21789e-14	 5.87019e-14	 5.87019e-14	 1.35433e-31	 1.35433e-31	 1.35433e-31	 
  0.0204	 4.56572e-14	 5.13649e-14	 5.13649e-14	 1.35433e-31	 1.35433e-31	 1.35433e-31	 
 0.02045	 3.99487e-14	 4.49428e-14	 4.49428e-14	 1.35433e-31	 1.35433e-31	 1.35433e-31	 
  0.0205	 3.49538e-14	 3.93235e-14	 3.93235e-14	 1.35433e-31	 1.35433e-31	 1.35433e-31	 
 0.02055	 3.05806e-14	 3.44036e-14	 3.44036e-14	 1.35433e-31	 1.35433e-31	 1.35433e-31	 
  0.0206	 2.67558e-14	 3.01006e-14	 3.01006e-14	 1.35433e-31	 1.35433e-31	 1.35433e-31	 
 0.02065	 2.34094e-14	 2.63359e-14	 2.63359e-14	 1.35433e-31	 1.35433e-31	 1.35433e-31	 
  0.0207	 2.04807e-14	 2.3041e-14	 2.3041e-14	 1.35433e-31	 1.35433e-31	 1.35433e-31	 
 0.02075	 1.79179e-14	 2.01579e-14	 2.01579e-14	 1.35433e-31	 1.35433e-31	 1.35433e-31	 
  0.0208	 1.56757e-14	 1.76354e-14	 1.76354e-14	 1.35433e-31	 1.35433e-31	 1.35433e-31	 
 0.02085	 1.37137e-14	 1.54281e-14	 1.54281e-14	 1.35433e-31	 1.35433e-31	 1.35433e-31	 
  0.0209	 1.19969e-14	 1.34967e-14	 1.34967e-14	 1.35433e-31	 1.35433e-31	 1.35433e-31	 
 0.02095	 1.04951e-14	 1.18071e-14	 1.18071e-14	 1.35433e-31	 1.35433e-31	 1.35433e-31	 
   0.021	 9.18101e-15	 1.03288e-14	 1.03288e-14	 1.35433e-31	 1.35433e-31	 1.35433e-31	 
 0.02105	 8.03145e-15	 9.03548e-15	 9.03548e-15	 1.35433e-31	 1.35433e-31	 1.35433e-31	 
  0.0211	 7.02565e-15	 7.90395e-15	 7.90395e-15	 1.35433e-31	 1.35433e-31	 1.35433e-31	 
 0.02115	 6.14551e-15	 6.91378e-15	 6.91378e-15	 1.35433e-31	 1.35433e-31	 1.35433e-31	 
  0.0212	 5.37581e-15	 6.04786e-15	 6.04786e-15	 1.35433e-31	 1.35433e-31	 1.35433e-31	 
 0.02125	 4.70213e-15	 5.28996e-15	 5.28996e-15	 1.35433e-31	 1.35433e-31	 1.35433e-31	 
  0.0213	 4.11292e-15	 4.62709e-15	 4.62709e-15	 1.35433e-31	 1.35433e-31	 1.35433e-31	 
 0.02135	 3.59769e-15	 4.04745e-15	 4.04745e-15	 1.35433e-31	 1.35433e-31	 1.35433e-31	 
  0.0214	 3.14673e-15	 3.54011e-15	 3.54011e-15	 1.35433e-31	 1.35433e-31	 1.35433e-31	 
 0.02145	 2.75218e-15	 3.09624e-15	 3.09624e-15	 1.35433e-31	 1.35433e-31	 1.35433e-31	 
  0.0215	 2.40726e-15	 2.7082e-15	 2.7082e-15	 1.35433e-31	 1.35433e-31	 1.35433e-31	 
 0.02155	 2.10544e-15	 2.36865e-15	 2.36865e-15	 1.35433e-31	 1.35433e-31	 1.35433e-31	 
  0.0216	 1.84142e-15	 2.07162e-15	 2.07162e-15	 1.35433e-31	 1.35433e-31	 1.35433e-31	 
 0.02165	 1.61049e-15	 1.81182e-15	 1.81182e-15	 1.35433e-31	 1.35433e-31	 1.35433e-31	 
  0.0217	 1.40851e-15	 1.5846e-15	 1.5846e-15	 1.35433e-31	 1.35433e-31	 1.35433e-31	 
 0.02175	 1.23183e-15	 1.38582e-15	 1.38582e-15	 1.35433e-31	 1.35433e-31	 1.35433e-31	 
  0.0218	 1.07729e-15	 1.21196e-15	 1.21196e-15	 1.35433e-31	 1.35433e-31	 1.35433e-31	 
 0.02185	 9.42131e-16	 1.05991e-15	 1.05991e-15	 1.35433e-31	 1.35433e-31	 1.35433e-31	 
  0.0219	 8.23896e-16	 9.26893e-16	 9.26893e-16	 1.35433e-31	 1.35433e-31	 1.35433e-31	 
 0.02195	 7.20509e-16	 8.10582e-16	 8.10582e-16	 1.35433e-31	 1.35433e-31	 1.35433e-31	 
   0.022	 6.30081e-16	 7.08849e-16	 7.08849e-16	 1.35433e-31	 1.35433e-31	 1.35433e-31	 
 0.02205	 5.50987e-16	 6.19867e-16	 6.19867e-16	 1.35433e-31	 1.35433e-31	 1.35433e-31	 
  0.0221	 4.81808e-16	 5.4204e-16	 5.4204e-16	 1.35433e-31	 1.35433e-31	 1.35433e-31	 
 0.02215	 4.21313e-16	 4.73983e-16	 4.73983e-16	 1.35433e-31	 1.35433e-31	 1.35433e-31	 
  0.0222	 3.68426e-16	 4.14484e-16	 4.14484e-16	 1.35433e-31	 1.35433e-31	 1.35433e-31	 
 0.02225	 3.2215e-16	 3.62423e-16	 3.62423e-16	 1.35433e-31	 1.35433e-31	 1.35433e-31	 
  0.0223	 2.81698e-16	 3.16913e-16	 3.16913e-16	 1.35433e-31	 1.35433e-31	 1.35433e-31	 
 0.02235	 2.46308e-16	 2.771e-16	 2.771e-16	 1.35433e-31	 1.35433e-31	 1.35433e-31	 
  0.0224	 2.15366e-16	 2.42289e-16	 2.42289e-16	 1.35433e-31	 1.35433e-31	 1.35433e-31	 
 0.02245	 1.88308e-16	 2.11849e-16	 2.11849e-16	 1.35433e-31	 1.35433e-31	 1.35433e-31	 
  0.0225	 1.64645e-16	 1.85228e-16	 1.85228e-16	 1.35433e-31	 1.35433e-31	 1.35433e-31	 
 0.02255	 1.43955e-16	 1.61951e-16	 1.61951e-16	 1.35433e-31	 1.35433e-31	 1.35433e-31	 
  0.0226	 1.25864e-16	 1.41599e-16	 1.41599e-16	 1.35433e-31	 1.35433e-31	 1.35433e-31	 
 0.02265	 1.10043e-16	 1.23799e-16	 1.23799e-16	 1.35433e-31	 1.35433e-31	 1.35433e-31	 
  0.0227	 9.62095e-17	 1.08237e-16	 1.08237e-16	 1.35433e-31	 1.35433e-31	 1.35433e-31	 
 0.02275	 8.41158e-17	 9.46313e-17	 9.46313e-17	 1.35433e-31	 1.35433e-31	 1.35433e-31	 
  0.0228	 7.35383e-17	 8.27316e-17	 8.27316e-17	 1.35433e-31	 1.35433e-31	 1.35433e-31	 
 0.02285	 6.42909e-17	 7.23281e-17	 7.23281e-17	 1.35433e-31	 1.35433e-31	 1.35433e-31	 
  0.0229	 5.62057e-17	 6.32321e-17	 6.32321e-17	 1.35433e-31	 1.35433e-31	 1.35433e-31	 
 0.02295	 4.91357e-17	 5.52783e-17	 5.52783e-17	 1.35433e-31	 1.35433e-31	 1.35433e-31	 
   0.023	 4.29551e-17	 4.8325e-17	 4.8325e-17	 1.35433e-31	 1.35433e-31	 1.35433e-31	 
 0.02305	 3.75536e-17	 4.22482e-17	 4.22482e-17	 1.35433e-31	 1.35433e-31	 1.35433e-31	 
  0.0231	 3.28289e-17	 3.69329e-17	 3.69329e-17	 1.35433e-31	 1.35433e-31	 1.35433e-31	 
 0.02315	 2.86971e-17	 3.22846e-17	 3.22846e-17	 1.35433e-31	 1.35433e-31	 1.35433e-31	 
  0.0232	 2.5086e-17	 2.82221e-17	 2.82221e-17	 1.35433e-31	 1.35433e-31	 1.35433e-31	 
 0.02325	 2.19288e-17	 2.46701e-17	 2.46701e-17	 1.35433e-31	 1.35433e-31	 1.35433e-31	 
  0.0233	 1.91687e-17	 2.1565e-17	 2.1565e-17	 1.35433e-31	 1.35433e-31	 1.35433e-31	 
 0.02335	 1.67557e-17	 1.88504e-17	 1.88504e-17	 1.35433e-31	 1.35433e-31	 1.35433e-31	 
  0.0234	 1.46465e-17	 1.64775e-17	 1.64775e-17	 1.35433e-31	 1.35433e-31	 1.35433e-31	 
 0.02345	 1.28023e-17	 1.44028e-17	 1.44028e-17	 1.35433e-31	 1.35433e-31	 1.35433e-31	 
  0.0235	 1.11905e-17	 1.25895e-17	 1.25895e-17	 1.35433e-31	 1.35433e-31	 1.35433e-31	 
 0.02355	 9.78124e-18	 1.1004e-17	 1.1004e-17	 1.35433e-31	 1.35433e-31	 1.35433e-31	 
  0.0236	 8.54931e-18	 9.61808e-18	 9.61808e-18	 1.35433e-31	 1.35433e-31	 1.35433e-31	 
 0.02365	 7.47241e-18	 8.40656e-18	 8.40656e-18	 1.35433e-31	 1.35433e-31	 1.35433e-31	 
  0.0237	 6.53115e-18	 7.34762e-18	 7.34762e-18	 1.35433e-31	 1.35433e-31	 1.35433e-31	 
 0.02375	 5.70846e-18	 6.42209e-18	 6.42209e-18	 1.35433e-31	 1.35433e-31	 1.35433e-31	 
  0.0238	 4.98913e-18	 5.61283e-18	 5.61283e-18	 1.35433e-31	 1.35433e-31	 1.35433e-31	 
 0.02385	 4.36057e-18	 4.9057e-18	 4.9057e-18	 1.35433e-31	 1.35433e-31	 1.35433e-31	 
  0.0239	 3.81097e-18	 4.28739e-18	 4.28739e-18	 1.35433e-31	 1.35433e-31	 1.35433e-31	 
 0.02395	 3.33089e-18	 3.7473e-18	 3.7473e-18	 1.35433e-31	 1.35433e-31	 1.35433e-31	 
   0.024	 2.91089e-18	 3.27479e-18	 3.27479e-18	 1.35433e-31	 1.35433e-31	 1.35433e-31	 
 0.02405	 2.54404e-18	 2.86208e-18	 2.86208e-18	 1.35433e-31	 1.35433e-31	 1.35433e-31	 
  0.0241	 2.22333e-18	 2.50128e-18	 2.50128e-18	 1.35433e-31	 1.35433e-31	 1.35433e-31	 
 0.02415	 1.94303e-18	 2.18593e-18	 2.18593e-18	 1.35433e-31	 1.35433e-31	 1.35433e-31	 
  0.0242	 1.69803e-18	 1.9103e-18	 1.9103e-18	 1.35433e-31	 1.35433e-31	 1.35433e-31	 
 0.02425	 1.48391e-18	 1.66942e-18	 1.66942e-18	 1.35433e-31	 1.35433e-31	 1.35433e-31	 
  0.0243	 1.29678e-18	 1.4589e-18	 1.4589e-18	 1.35433e-31	 1.35433e-31	 1.35433e-31	 
 0.02435	 1.13322e-18	 1.27488e-18	 1.27488e-18	 1.35433e-31	 1.35433e-31	 1.35433e-31	 
  0.0244	 9.90296e-19	 1.1141e-18	 1.1141e-18	 1.35433e-31	 1.35433e-31	 1.35433e-31	 
 0.02445	 8.65371e-19	 9.73554e-19	 9.73554e-19	 1.35433e-31	 1.35433e-31	 1.35433e-31	 
  0.0245	 7.56187e-19	 8.5072e-19	 8.5072e-19	 1.35433e-31	 1.35433e-31	 1.35433e-31	 
 0.02455	 6.60775e-19	 7.4338e-19	 7.4338e-19	 1.35433e-31	 1.35433e-31	 1.35433e-31	 
  0.0246	 5.77404e-19	 6.49587e-19	 6.49587e-19	 1.35433e-31	 1.35433e-31	 1.35433e-31	 
 0.02465	 5.04553e-19	 5.67629e-19	 5.67629e-19	 1.35433e-31	 1.35433e-31	 1.35433e-31	 
  0.0247	 4.40857e-19	 4.9597e-19	 4.9597e-19	 1.35433e-31	 1.35433e-31	 1.35433e-31	 
 0.02475	 3.85216e-19	 4.33373e-19	 4.33373e-19	 1.35433e-31	 1.35433e-31	 1.35433e-31	 
  0.0248	 3.36605e-19	 3.78685e-19	 3.78685e-19	 1.35433e-31	 1.35433e-31	 1.35433e-31	 
 0.02485	 2.94106e-19	 3.30873e-19	 3.30873e-19	 1.35433e-31	 1.35433e-31	 1.35433e-31	 
  0.0249	 2.56978e-19	 2.89103e-19	 2.89103e-19	 1.35433e-31	 1.35433e-31	 1.35433e-31	 
 0.02495	 2.24532e-19	 2.52601e-19	 2.52601e-19	 1.35433e-31	 1.35433e-31	 1.35433e-31	 
   0.025	 1.96181e-19	 2.20706e-19	 2.20706e-19	 1.35433e-31	 1.35433e-31	 1.35433e-31	 
       0	        0	        0	        0	        0	        0	        0	 
