       0	        0	        0	        0	        0	        0	        0	 
   5e-05	 1.10837e+07	 1.24691e+07	 1.24691e+07	  2080.37	 1.46109e+07	 1.46109e+07	 
  0.0001	 4.52796e+07	 5.09131e+07	 5.09131e+07	   215735	 5.93885e+07	 5.93885e+07	 
 0.00015	 1.07342e+08	 1.20555e+08	 1.20555e+08	 1.64303e+06	 1.4173e+08	 1.4173e+08	 
  0.0002	 2.09954e+08	 2.35252e+08	 2.35252e+08	 7.59221e+06	 2.84864e+08	 2.84864e+08	 
 0.00025	 3.6909e+08	 4.12324e+08	 4.12324e+08	 2.32521e+07	 5.1483e+08	 5.1483e+08	 
  0.0003	 5.89103e+08	 6.56215e+08	 6.56215e+08	 5.22592e+07	 8.36845e+08	 8.36845e+08	 
 0.00035	 8.66771e+08	 9.62997e+08	 9.62997e+08	 9.70382e+07	 1.24571e+09	 1.24571e+09	 
  0.0004	 1.19864e+09	 1.3286e+09	 1.3286e+09	 1.59047e+08	 1.73008e+09	 1.73008e+09	 
 0.00045	 1.57288e+09	 1.74013e+09	 1.74013e+09	 2.34992e+08	 2.26891e+09	 2.26891e+09	 
  0.0005	 1.97555e+09	 2.18256e+09	 2.18256e+09	 3.19642e+08	 2.84099e+09	 2.84099e+09	 
 0.00055	 2.39895e+09	 2.64742e+09	 2.64742e+09	 4.11384e+08	 3.43259e+09	 3.43259e+09	 
  0.0006	 2.83328e+09	 3.1243e+09	 3.1243e+09	 5.05316e+08	 4.02944e+09	 4.02944e+09	 
 0.00065	 3.26513e+09	 3.59838e+09	 3.59838e+09	 5.99378e+08	 4.61907e+09	 4.61907e+09	 
  0.0007	 3.69159e+09	 4.0665e+09	 4.0665e+09	 6.92628e+08	 5.19405e+09	 5.19405e+09	 
 0.00075	 4.10781e+09	 4.52334e+09	 4.52334e+09	 7.83983e+08	 5.74653e+09	 5.74653e+09	 
  0.0008	 4.50714e+09	 4.96162e+09	 4.96162e+09	 8.71671e+08	 6.2655e+09	 6.2655e+09	 
 0.00085	 4.88718e+09	 5.37883e+09	 5.37883e+09	 9.54397e+08	 6.75111e+09	 6.75111e+09	 
  0.0009	 5.24576e+09	 5.77268e+09	 5.77268e+09	 1.03076e+09	 7.19802e+09	 7.19802e+09	 
 0.00095	 5.5803e+09	 6.14025e+09	 6.14025e+09	 1.10111e+09	 7.60367e+09	 7.60367e+09	 
   0.001	 5.88984e+09	 6.48065e+09	 6.48065e+09	 1.16382e+09	 7.96377e+09	 7.96377e+09	 
 0.00105	 6.17394e+09	 6.79343e+09	 6.79343e+09	 1.21851e+09	 8.28216e+09	 8.28216e+09	 
  0.0011	 6.43024e+09	 7.07588e+09	 7.07588e+09	 1.26571e+09	 8.55902e+09	 8.55902e+09	 
 0.00115	 6.65854e+09	 7.32774e+09	 7.32774e+09	 1.3055e+09	 8.79636e+09	 8.79636e+09	 
  0.0012	 6.8572e+09	 7.54737e+09	 7.54737e+09	 1.3364e+09	 8.99097e+09	 8.99097e+09	 
 0.00125	 7.02707e+09	 7.73564e+09	 7.73564e+09	 1.35909e+09	 9.14534e+09	 9.14534e+09	 
  0.0013	 7.17121e+09	 7.89566e+09	 7.89566e+09	 1.37615e+09	 9.26394e+09	 9.26394e+09	 
 0.00135	 7.28868e+09	 8.02652e+09	 8.02652e+09	 1.38656e+09	 9.34676e+09	 9.34676e+09	 
  0.0014	 7.38058e+09	 8.12942e+09	 8.12942e+09	 1.39044e+09	 9.39573e+09	 9.39573e+09	 
 0.00145	 7.44865e+09	 8.20624e+09	 8.20624e+09	 1.38852e+09	 9.41366e+09	 9.41366e+09	 
  0.0015	 7.49434e+09	 8.25851e+09	 8.25851e+09	 1.38161e+09	 9.40203e+09	 9.40203e+09	 
 0.00155	 7.51806e+09	 8.28661e+09	 8.28661e+09	 1.37028e+09	 9.362e+09	 9.362e+09	 
  0.0016	 7.5206e+09	 8.29143e+09	 8.29143e+09	 1.3546e+09	 9.2951e+09	 9.2951e+09	 
 0.00165	 7.50334e+09	 8.27447e+09	 8.27447e+09	 1.33492e+09	 9.20314e+09	 9.20314e+09	 
  0.0017	 7.46737e+09	 8.23686e+09	 8.23686e+09	 1.31208e+09	 9.08887e+09	 9.08887e+09	 
 0.00175	 7.41373e+09	 8.17974e+09	 8.17974e+09	 1.28625e+09	 8.9534e+09	 8.9534e+09	 
  0.0018	 7.34344e+09	 8.10423e+09	 8.10423e+09	 1.25773e+09	 8.79782e+09	 8.79782e+09	 
 0.00185	 7.25931e+09	 8.01339e+09	 8.01339e+09	 1.22722e+09	 8.62445e+09	 8.62445e+09	 
  0.0019	 7.16117e+09	 7.907e+09	 7.907e+09	 1.19519e+09	 8.43588e+09	 8.43588e+09	 
 0.00195	 7.05044e+09	 7.78661e+09	 7.78661e+09	 1.1617e+09	 8.23269e+09	 8.23269e+09	 
   0.002	 6.92834e+09	 7.65359e+09	 7.65359e+09	 1.1269e+09	 8.01683e+09	 8.01683e+09	 
 0.00205	 6.79643e+09	 7.50963e+09	 7.50963e+09	 1.09139e+09	 7.79044e+09	 7.79044e+09	 
  0.0021	 6.65545e+09	 7.35552e+09	 7.35552e+09	 1.05544e+09	 7.55513e+09	 7.55513e+09	 
 0.00215	 6.50548e+09	 7.19141e+09	 7.19141e+09	 1.01863e+09	 7.31046e+09	 7.31046e+09	 
  0.0022	 6.34992e+09	 7.02093e+09	 7.02093e+09	 9.8234e+08	 7.06139e+09	 7.06139e+09	 
 0.00225	 6.18842e+09	 6.84379e+09	 6.84379e+09	 9.46009e+08	 6.80708e+09	 6.80708e+09	 
  0.0023	 6.02174e+09	 6.66084e+09	 6.66084e+09	 9.09502e+08	 6.54825e+09	 6.54825e+09	 
 0.00235	 5.85028e+09	 6.47249e+09	 6.47249e+09	 8.73068e+08	 6.28629e+09	 6.28629e+09	 
  0.0024	 5.67537e+09	 6.28021e+09	 6.28021e+09	 8.37118e+08	 6.02347e+09	 6.02347e+09	 
 0.00245	 5.50004e+09	 6.08734e+09	 6.08734e+09	 8.02172e+08	 5.76161e+09	 5.76161e+09	 
  0.0025	 5.32127e+09	 5.89056e+09	 5.89056e+09	 7.6742e+08	 5.49995e+09	 5.49995e+09	 
 0.00255	 5.14257e+09	 5.69373e+09	 5.69373e+09	 7.33744e+08	 5.24213e+09	 5.24213e+09	 
  0.0026	 4.96392e+09	 5.49684e+09	 5.49684e+09	 7.00946e+08	 4.98768e+09	 4.98768e+09	 
 0.00265	 4.78742e+09	 5.30222e+09	 5.30222e+09	 6.6944e+08	 4.73892e+09	 4.73892e+09	 
  0.0027	 4.61085e+09	 5.10745e+09	 5.10745e+09	 6.38456e+08	 4.49394e+09	 4.49394e+09	 
 0.00275	 4.4362e+09	 4.91472e+09	 4.91472e+09	 6.08454e+08	 4.25464e+09	 4.25464e+09	 
  0.0028	 4.26422e+09	 4.72487e+09	 4.72487e+09	 5.79451e+08	 4.02182e+09	 4.02182e+09	 
 0.00285	 4.09298e+09	 4.53579e+09	 4.53579e+09	 5.50828e+08	 3.79381e+09	 3.79381e+09	 
  0.0029	 3.92584e+09	 4.35116e+09	 4.35116e+09	 5.23651e+08	 3.57463e+09	 3.57463e+09	 
 0.00295	 3.76137e+09	 4.16943e+09	 4.16943e+09	 4.9727e+08	 3.36246e+09	 3.36246e+09	 
   0.003	 3.60087e+09	 3.99201e+09	 3.99201e+09	 4.72055e+08	 3.1587e+09	 3.1587e+09	 
 0.00305	 3.44395e+09	 3.81852e+09	 3.81852e+09	 4.47752e+08	 2.96295e+09	 2.96295e+09	 
  0.0031	 3.29016e+09	 3.64845e+09	 3.64845e+09	 4.24126e+08	 2.77443e+09	 2.77443e+09	 
 0.00315	 3.14103e+09	 3.48348e+09	 3.48348e+09	 4.01662e+08	 2.5949e+09	 2.5949e+09	 
  0.0032	 2.99566e+09	 3.32265e+09	 3.32265e+09	 3.79944e+08	 2.42296e+09	 2.42296e+09	 
 0.00325	 2.85531e+09	 3.16732e+09	 3.16732e+09	 3.59431e+08	 2.26024e+09	 2.26024e+09	 
  0.0033	 2.72049e+09	 3.01805e+09	 3.01805e+09	 3.40262e+08	 2.10729e+09	 2.10729e+09	 
 0.00335	 2.58973e+09	 2.87326e+09	 2.87326e+09	 3.21749e+08	 1.96183e+09	 1.96183e+09	 
  0.0034	 2.46349e+09	 2.73344e+09	 2.73344e+09	 3.04086e+08	 1.8244e+09	 1.8244e+09	 
 0.00345	 2.34231e+09	 2.59919e+09	 2.59919e+09	 2.87496e+08	 1.69547e+09	 1.69547e+09	 
  0.0035	 2.22437e+09	 2.46854e+09	 2.46854e+09	 2.71172e+08	 1.57275e+09	 1.57275e+09	 
 0.00355	 2.10994e+09	 2.3418e+09	 2.3418e+09	 2.55232e+08	 1.45644e+09	 1.45644e+09	 
  0.0036	 2.00068e+09	 2.22073e+09	 2.22073e+09	 2.40377e+08	 1.34828e+09	 1.34828e+09	 
 0.00365	 1.89529e+09	 2.10396e+09	 2.10396e+09	 2.26098e+08	 1.24669e+09	 1.24669e+09	 
  0.0037	 1.79467e+09	 1.99243e+09	 1.99243e+09	 2.12721e+08	 1.15216e+09	 1.15216e+09	 
 0.00375	 1.69958e+09	 1.88698e+09	 1.88698e+09	 2.00529e+08	 1.06523e+09	 1.06523e+09	 
  0.0038	 1.60813e+09	 1.78556e+09	 1.78556e+09	 1.88785e+08	 9.836e+08	 9.836e+08	 
 0.00385	 1.52058e+09	 1.68847e+09	 1.68847e+09	 1.77575e+08	 9.07295e+08	 9.07295e+08	 
  0.0039	 1.43693e+09	 1.5957e+09	 1.5957e+09	 1.66919e+08	 8.36138e+08	 8.36138e+08	 
 0.00395	 1.35643e+09	 1.50644e+09	 1.50644e+09	 1.56527e+08	 7.69126e+08	 7.69126e+08	 
   0.004	 1.28005e+09	 1.42171e+09	 1.42171e+09	 1.46866e+08	 7.07458e+08	 7.07458e+08	 
 0.00405	 1.20743e+09	 1.34115e+09	 1.34115e+09	 1.37757e+08	 6.50348e+08	 6.50348e+08	 
  0.0041	 1.13826e+09	 1.26441e+09	 1.26441e+09	 1.29173e+08	 5.97601e+08	 5.97601e+08	 
 0.00415	 1.07297e+09	 1.19195e+09	 1.19195e+09	 1.21273e+08	 5.49502e+08	 5.49502e+08	 
  0.0042	 1.01089e+09	 1.12304e+09	 1.12304e+09	 1.13797e+08	 5.05095e+08	 5.05095e+08	 
 0.00425	 9.51572e+08	 1.0572e+09	 1.0572e+09	 1.06599e+08	 4.63646e+08	 4.63646e+08	 
  0.0043	 8.95655e+08	 9.95129e+08	 9.95129e+08	 9.99366e+07	 4.25764e+08	 4.25764e+08	 
 0.00435	 8.42346e+08	 9.35953e+08	 9.35953e+08	 9.35672e+07	 3.90621e+08	 3.90621e+08	 
  0.0044	 7.91361e+08	 8.79374e+08	 8.79374e+08	 8.73298e+07	 3.57586e+08	 3.57586e+08	 
 0.00445	 7.43282e+08	 8.26007e+08	 8.26007e+08	 8.1545e+07	 3.27424e+08	 3.27424e+08	 
  0.0045	 6.98187e+08	 7.75935e+08	 7.75935e+08	 7.62648e+07	 3.001e+08	 3.001e+08	 
 0.00455	 6.55421e+08	 7.28451e+08	 7.28451e+08	 7.1242e+07	 2.74832e+08	 2.74832e+08	 
  0.0046	 6.15118e+08	 6.83694e+08	 6.83694e+08	 6.65669e+07	 2.51646e+08	 2.51646e+08	 
 0.00465	 5.77099e+08	 6.41469e+08	 6.41469e+08	 6.21938e+07	 2.30523e+08	 2.30523e+08	 
  0.0047	 5.4157e+08	 6.01992e+08	 6.01992e+08	 5.8246e+07	 2.11635e+08	 2.11635e+08	 
 0.00475	 5.07893e+08	 5.64577e+08	 5.64577e+08	 5.44698e+07	 1.93895e+08	 1.93895e+08	 
  0.0048	 4.75884e+08	 5.29022e+08	 5.29022e+08	 5.08172e+07	 1.77661e+08	 1.77661e+08	 
 0.00485	 4.45542e+08	 4.95325e+08	 4.95325e+08	 4.73108e+07	 1.62571e+08	 1.62571e+08	 
  0.0049	 4.17079e+08	 4.63709e+08	 4.63709e+08	 4.40734e+07	 1.4657e+08	 1.4657e+08	 
 0.00495	 3.90273e+08	 4.33932e+08	 4.33932e+08	 4.10329e+07	 1.34614e+08	 1.34614e+08	 
   0.005	 3.64966e+08	 4.05823e+08	 4.05823e+08	 3.81455e+07	 1.23485e+08	 1.23485e+08	 
 0.00505	 3.41275e+08	 3.79503e+08	 3.79503e+08	 3.54847e+07	 1.13318e+08	 1.13318e+08	 
  0.0051	 3.19065e+08	 3.54824e+08	 3.54824e+08	 3.30192e+07	 1.04041e+08	 1.04041e+08	 
 0.00515	 2.98503e+08	 3.31964e+08	 3.31964e+08	 3.08408e+07	 9.58241e+07	 9.58241e+07	 
  0.0052	 2.79174e+08	 3.10475e+08	 3.10475e+08	 2.8794e+07	 8.8168e+07	 8.8168e+07	 
 0.00525	 2.60889e+08	 2.9015e+08	 2.9015e+08	 2.68223e+07	 8.10635e+07	 8.10635e+07	 
  0.0053	 2.43626e+08	 2.70965e+08	 2.70965e+08	 2.49321e+07	 7.44167e+07	 7.44167e+07	 
 0.00535	 2.27475e+08	 2.53014e+08	 2.53014e+08	 2.31855e+07	 6.82985e+07	 6.82985e+07	 
  0.0054	 2.1227e+08	 2.36114e+08	 2.36114e+08	 2.153e+07	 6.27015e+07	 6.27015e+07	 
 0.00545	 1.97943e+08	 2.20194e+08	 2.20194e+08	 1.9951e+07	 5.74608e+07	 5.74608e+07	 
  0.0055	 1.84548e+08	 2.05308e+08	 2.05308e+08	 1.84895e+07	 5.26335e+07	 5.26335e+07	 
 0.00555	 1.72085e+08	 1.91452e+08	 1.91452e+08	 1.71603e+07	 4.83441e+07	 4.83441e+07	 
  0.0056	 1.60515e+08	 1.78586e+08	 1.78586e+08	 1.5964e+07	 4.45172e+07	 4.45172e+07	 
 0.00565	 1.49639e+08	 1.66493e+08	 1.66493e+08	 1.48257e+07	 4.09095e+07	 4.09095e+07	 
  0.0057	 1.395e+08	 1.55217e+08	 1.55217e+08	 1.37778e+07	 3.76306e+07	 3.76306e+07	 
 0.00575	 1.30024e+08	 1.44678e+08	 1.44678e+08	 1.28042e+07	 3.46226e+07	 3.46226e+07	 
  0.0058	 1.21204e+08	 1.34866e+08	 1.34866e+08	 1.1914e+07	 3.19051e+07	 3.19051e+07	 
 0.00585	 1.12877e+08	 1.25607e+08	 1.25607e+08	 1.10534e+07	 2.92733e+07	 2.92733e+07	 
  0.0059	 1.05023e+08	 1.16875e+08	 1.16875e+08	 1.02181e+07	 2.68702e+07	 2.68702e+07	 
 0.00595	 9.77012e+07	 1.08734e+08	 1.08734e+08	 9.44913e+06	 2.46757e+07	 2.46757e+07	 
   0.006	 9.09243e+07	 1.01196e+08	 1.01196e+08	 8.75702e+06	 2.27024e+07	 2.27024e+07	 
 0.00605	 8.45959e+07	 9.41569e+07	 9.41569e+07	 8.1158e+06	 2.09139e+07	 2.09139e+07	 
  0.0061	 7.86709e+07	 8.75669e+07	 8.75669e+07	 7.5101e+06	 1.92482e+07	 1.92482e+07	 
 0.00615	 7.31311e+07	 8.14056e+07	 8.14056e+07	 6.94158e+06	 1.76396e+07	 1.76396e+07	 
  0.0062	 6.80258e+07	 7.5725e+07	 7.5725e+07	 6.43856e+06	 1.62869e+07	 1.62869e+07	 
 0.00625	 6.33017e+07	 7.0467e+07	 7.0467e+07	 5.98524e+06	 1.50639e+07	 1.50639e+07	 
  0.0063	 5.88796e+07	 6.55457e+07	 6.55457e+07	 5.55694e+06	 1.39186e+07	 1.39186e+07	 
 0.00635	 5.46979e+07	 6.0894e+07	 6.0894e+07	 5.13428e+06	 1.28178e+07	 1.28178e+07	 
  0.0064	 5.08207e+07	 5.65801e+07	 5.65801e+07	 4.75029e+06	 1.18297e+07	 1.18297e+07	 
 0.00645	 4.7198e+07	 5.25495e+07	 5.25495e+07	 4.38963e+06	 1.09027e+07	 1.09027e+07	 
  0.0065	 4.38404e+07	 4.88132e+07	 4.88132e+07	 4.06213e+06	 1.00834e+07	 1.00834e+07	 
 0.00655	 4.07057e+07	 4.5325e+07	 4.5325e+07	 3.75473e+06	 9.3243e+06	 9.3243e+06	 
  0.0066	 3.77594e+07	 4.20476e+07	 4.20476e+07	 3.45788e+06	 8.596e+06	 8.596e+06	 
 0.00665	 3.50451e+07	 3.90269e+07	 3.90269e+07	 3.19395e+06	 7.95565e+06	 7.95565e+06	 
  0.0067	 3.25231e+07	 3.62201e+07	 3.62201e+07	 2.95054e+06	 7.36803e+06	 7.36803e+06	 
 0.00675	 3.02139e+07	 3.36485e+07	 3.36485e+07	 2.73984e+06	 6.84059e+06	 6.84059e+06	 
  0.0068	 2.80503e+07	 3.12398e+07	 3.12398e+07	 2.53764e+06	 6.35898e+06	 6.35898e+06	 
 0.00685	 2.60302e+07	 2.89909e+07	 2.89909e+07	 2.34725e+06	 5.91377e+06	 5.91377e+06	 
  0.0069	 2.41485e+07	 2.68962e+07	 2.68962e+07	 2.16941e+06	 5.50077e+06	 5.50077e+06	 
 0.00695	 2.23929e+07	 2.4942e+07	 2.4942e+07	 2.00228e+06	 5.12008e+06	 5.12008e+06	 
   0.007	 2.07674e+07	 2.31323e+07	 2.31323e+07	 1.85004e+06	 4.77731e+06	 4.77731e+06	 
 0.00705	 1.92455e+07	 2.14384e+07	 2.14384e+07	 1.70421e+06	 4.4531e+06	 4.4531e+06	 
  0.0071	 1.78287e+07	 1.98615e+07	 1.98615e+07	 1.56824e+06	 4.14711e+06	 4.14711e+06	 
 0.00715	 1.65197e+07	 1.84042e+07	 1.84042e+07	 1.44512e+06	 3.87945e+06	 3.87945e+06	 
  0.0072	 1.53033e+07	 1.70501e+07	 1.70501e+07	 1.33099e+06	 3.63719e+06	 3.63719e+06	 
 0.00725	 1.41933e+07	 1.58135e+07	 1.58135e+07	 1.23325e+06	 3.42978e+06	 3.42978e+06	 
  0.0073	 1.31626e+07	 1.46653e+07	 1.46653e+07	 1.14238e+06	 3.23953e+06	 3.23953e+06	 
 0.00735	 1.21989e+07	 1.3592e+07	 1.3592e+07	 1.05568e+06	 3.06015e+06	 3.06015e+06	 
  0.0074	 1.13021e+07	 1.25931e+07	 1.25931e+07	   974570	 2.89139e+06	 2.89139e+06	 
 0.00745	 1.04688e+07	 1.16652e+07	 1.16652e+07	   899162	 2.74238e+06	 2.74238e+06	 
  0.0075	 9.69403e+06	 1.08023e+07	 1.08023e+07	   828720	 2.6057e+06	 2.6057e+06	 
 0.00755	 8.97435e+06	 1.00008e+07	 1.00008e+07	   763432	 2.47791e+06	 2.47791e+06	 
  0.0076	 8.30104e+06	 9.25121e+06	 9.25121e+06	   700474	 2.3584e+06	 2.3584e+06	 
 0.00765	 7.68214e+06	 8.56191e+06	 8.56191e+06	   644745	 2.25502e+06	 2.25502e+06	 
  0.0077	 7.10641e+06	 7.92072e+06	 7.92072e+06	   592592	 2.15954e+06	 2.15954e+06	 
 0.00775	 6.58056e+06	 7.33476e+06	 7.33476e+06	   547537	 2.07869e+06	 2.07869e+06	 
  0.0078	 6.09667e+06	 6.79549e+06	 6.79549e+06	   506716	 2.00608e+06	 2.00608e+06	 
 0.00785	 5.64492e+06	 6.29208e+06	 6.29208e+06	   468137	 1.93836e+06	 1.93836e+06	 
  0.0079	 5.22442e+06	 5.82357e+06	 5.82357e+06	   431729	 1.87562e+06	 1.87562e+06	 
 0.00795	 4.83434e+06	 5.38894e+06	 5.38894e+06	   398000	 1.81811e+06	 1.81811e+06	 
   0.008	 4.47376e+06	 4.98713e+06	 4.98713e+06	   367234	 1.76613e+06	 1.76613e+06	 
 0.00805	 4.13708e+06	 4.61205e+06	 4.61205e+06	   337745	 1.7167e+06	 1.7167e+06	 
  0.0081	 3.82297e+06	 4.26218e+06	 4.26218e+06	   309603	 1.6698e+06	 1.6698e+06	 
 0.00815	 3.53446e+06	 3.94073e+06	 3.94073e+06	   284625	 1.62755e+06	 1.62755e+06	 
  0.0082	 3.26631e+06	 3.64199e+06	 3.64199e+06	   261169	 1.58871e+06	 1.58871e+06	 
 0.00825	 3.02012e+06	 3.36763e+06	 3.36763e+06	   240352	 1.55323e+06	 1.55323e+06	 
  0.0083	 2.79461e+06	 3.1162e+06	 3.1162e+06	   222103	 1.52233e+06	 1.52233e+06	 
 0.00835	 2.58583e+06	 2.88343e+06	 2.88343e+06	   205245	 1.49323e+06	 1.49323e+06	 
  0.0084	 2.39224e+06	 2.6676e+06	 2.6676e+06	   189613	 1.46585e+06	 1.46585e+06	 
 0.00845	 2.21182e+06	 2.46649e+06	 2.46649e+06	   174667	 1.43852e+06	 1.43852e+06	 
  0.0085	 2.04526e+06	 2.28081e+06	 2.28081e+06	   161067	 1.41142e+06	 1.41142e+06	 
 0.00855	 1.89021e+06	 2.10799e+06	 2.10799e+06	   148157	 1.38606e+06	 1.38606e+06	 
  0.0086	 1.74497e+06	 1.94618e+06	 1.94618e+06	   135497	 1.35956e+06	 1.35956e+06	 
 0.00865	 1.61169e+06	 1.79764e+06	 1.79764e+06	   124280	 1.33361e+06	 1.33361e+06	 
  0.0087	 1.48803e+06	 1.65982e+06	 1.65982e+06	   113815	 1.30894e+06	 1.30894e+06	 
 0.00875	 1.37427e+06	 1.53302e+06	 1.53302e+06	   104412	 1.28498e+06	 1.28498e+06	 
  0.0088	 1.27036e+06	 1.41713e+06	 1.41713e+06	    96266	 1.26211e+06	 1.26211e+06	 
 0.00885	 1.17509e+06	 1.31084e+06	 1.31084e+06	  89140.2	 1.24006e+06	 1.24006e+06	 
  0.0089	 1.08582e+06	 1.2113e+06	 1.2113e+06	  82052.7	 1.21291e+06	 1.21291e+06	 
 0.00895	 1.00346e+06	 1.11945e+06	 1.11945e+06	  75638.8	 1.19004e+06	 1.19004e+06	 
   0.009	   927477	 1.03469e+06	 1.03469e+06	  69824.1	 1.16687e+06	 1.16687e+06	 
 0.00905	   856003	   955022	   955022	  63930.2	 1.1431e+06	 1.1431e+06	 
  0.0091	   789613	   881025	   881025	  58394.3	 1.11862e+06	 1.11862e+06	 
 0.00915	   728987	   813418	   813418	  53608.4	 1.09459e+06	 1.09459e+06	 
  0.0092	   672444	   750383	   750383	  48996.4	 1.07007e+06	 1.07007e+06	 
 0.00925	   620288	   692232	   692232	  44797.9	 1.04398e+06	 1.04398e+06	 
  0.0093	   571065	   637401	   637401	  40434.6	 1.01963e+06	 1.01963e+06	 
 0.00935	   527918	   589231	   589231	  37463.2	   994874	   994874	 
  0.0094	   487593	   544231	   544231	  34540.2	   969281	   969281	 
 0.00945	   450296	   502608	   502608	  31839.2	   945007	   945007	 
  0.0095	   415890	   464208	   464208	    29382	   920705	   920705	 
 0.00955	   383760	   428363	   428363	  26975.8	   895122	   895122	 
  0.0096	   353830	   394981	   394981	    24660	   870344	   870344	 
 0.00965	   326278	   364245	   364245	  22569.7	   845811	   845811	 
  0.0097	   300294	   335284	   335284	  20403.9	   820185	   820185	 
 0.00975	   276760	   309030	   309030	  18628.4	   795133	   795133	 
  0.0098	   254956	   284710	   284710	  16949.8	   771178	   771178	 
 0.00985	   234933	   262373	   262373	  15441.3	   747555	   747555	 
  0.0099	   216909	   242242	   242242	  14267.6	   724160	   724160	 
 0.00995	   200162	   223541	   223541	  13146.8	   700906	   700906	 
    0.01	   184367	   205920	   205920	  11959.5	   677718	   677718	 
 0.01005	   170041	   189924	   189924	  10989.6	   654965	   654965	 
  0.0101	   156712	   175046	   175046	    10055	   632158	   632158	 
 0.01015	   144034	   160912	   160912	  9024.28	   609954	   609954	 
  0.0102	   132427	   147967	   147967	  8120.48	   588001	   588001	 
 0.01025	   121956	   136277	   136277	  7399.67	   566312	   566312	 
  0.0103	   112427	   125633	   125633	  6791.58	   545442	   545442	 
 0.01035	   103756	   115941	   115941	  6284.45	   524969	   524969	 
  0.0104	  95742.1	   106985	   106985	  5811.52	   504851	   504851	 
 0.01045	  88241.9	  98607.1	  98607.1	  5328.42	   485064	   485064	 
  0.0105	  81412.7	  90974.4	  90974.4	   4926.8	   465973	   465973	 
 0.01055	  74917.9	  83724.6	  83724.6	  4471.44	   446588	   446588	 
  0.0106	    69024	  77140.8	  77140.8	  4096.75	   428352	   428352	 
 0.01065	  63526.6	  71002.5	  71002.5	  3725.52	   410569	   410569	 
  0.0107	  58381.3	  65260.7	  65260.7	  3351.02	   393224	   393224	 
 0.01075	  53725.6	    60061	    60061	  3047.41	   376218	   376218	 
  0.0108	  49436.4	  55270.4	  55270.4	  2769.09	   359611	   359611	 
 0.01085	  45503.9	  50877.2	  50877.2	  2521.91	   343758	   343758	 
  0.0109	  41864.2	  46811.7	  46811.7	   2287.8	   328181	   328181	 
 0.01095	  38602.4	  43163.8	  43163.8	  2114.97	   312538	   312538	 
   0.011	  35543.4	  39745.1	  39745.1	  1933.27	   298171	   298171	 
 0.01105	  32494.1	    36348	    36348	  1665.28	   284205	   284205	 
  0.0111	  29920.9	  33470.8	  33470.8	  1524.59	   270748	   270748	 
 0.01115	  27546.5	  30815.9	  30815.9	  1394.36	   257734	   257734	 
  0.0112	  25361.7	  28372.7	  28372.7	   1276.4	   245184	   245184	 
 0.01125	  23266.2	  26033.2	  26033.2	  1132.41	   233047	   233047	 
  0.0113	  21289.8	  23828.8	  23828.8	  979.978	   221367	   221367	 
 0.01135	    19540	  21873.9	  21873.9	   870.85	   210156	   210156	 
  0.0114	  17972.4	  20120.4	  20120.4	  789.972	   199397	   199397	 
 0.01145	  16524.6	  18501.1	  18501.1	  714.248	   189060	   189060	 
  0.0115	  15230.4	  17051.6	  17051.6	   662.44	   179144	   179144	 
 0.01155	  14028.2	  15705.6	  15705.6	  610.584	   169629	   169629	 
  0.0116	  12910.1	  14454.2	  14454.2	  558.665	   160505	   160505	 
 0.01165	  11878.4	  13299.5	  13299.5	  510.354	   151544	   151544	 
  0.0117	  10933.6	  12241.9	  12241.9	  468.262	   143220	   143220	 
 0.01175	  10054.4	    11258	    11258	  426.104	   135260	   135260	 
  0.0118	  9246.39	  10353.8	  10353.8	   387.88	   127464	   127464	 
 0.01185	   8509.2	  9528.45	  9528.45	  355.948	   120257	   120257	 
  0.0119	  7840.11	  8778.89	  8778.89	  330.641	   113389	   113389	 
 0.01195	  7065.42	  7918.93	  7918.93	  238.012	   106818	   106818	 
   0.012	  6508.05	     7294	     7294	   221.06	   100605	   100605	 
 0.01205	  5991.33	  6714.81	  6714.81	  204.102	  94703.9	  94703.9	 
  0.0121	   5512.3	  6178.02	  6178.02	  187.136	  89098.4	  89098.4	 
 0.01215	  4938.79	  5541.94	  5541.94	  114.085	  83750.8	  83750.8	 
  0.0122	  4542.22	  5097.06	  5097.06	  103.931	  78711.8	  78711.8	 
 0.01225	  4175.08	   4685.3	   4685.3	  93.7764	    73938	    73938	 
  0.0123	  3801.25	  4267.83	  4267.83	   68.984	  69411.8	  69411.8	 
 0.01235	   3412.5	  3835.71	  3835.71	   27.211	  65121.1	  65121.1	 
  0.0124	  3139.41	  3528.74	  3528.74	  25.0305	  61046.5	  61046.5	 
 0.01245	  2889.35	   3247.6	   3247.6	   23.568	  57239.1	  57239.1	 
  0.0125	  2658.89	  2988.52	  2988.52	  22.1056	  53645.4	  53645.4	 
 0.01255	  2446.44	  2749.69	  2749.69	  20.6431	  50255.7	  50255.7	 
  0.0126	  2250.64	   2529.6	   2529.6	  19.1807	    47061	    47061	 
 0.01265	   2070.2	  2326.78	  2326.78	  17.7182	  44050.7	  44050.7	 
  0.0127	  1903.77	  2139.74	  2139.74	  16.2557	  41216.7	  41216.7	 
 0.01275	  1750.42	   1967.4	   1967.4	  14.7932	  38551.1	  38551.1	 
  0.0128	  1609.01	  1808.48	  1808.48	  13.3306	    36044	    36044	 
 0.01285	  1478.59	  1661.95	  1661.95	  11.8681	  33688.4	  33688.4	 
  0.0129	  1333.75	  1500.49	  1500.49	 2.37268e-33	    31470	    31470	 
 0.01295	   1226.3	   1379.6	   1379.6	 2.37268e-33	    29393	    29393	 
   0.013	  1127.44	  1268.39	  1268.39	 2.37268e-33	  27445.1	  27445.1	 
 0.01305	  1036.51	  1166.09	  1166.09	 2.37268e-33	  25617.4	  25617.4	 
  0.0131	  952.893	  1072.02	  1072.02	 2.37268e-33	  23904.7	  23904.7	 
 0.01315	  875.918	  985.419	  985.419	 2.37268e-33	  22300.6	  22300.6	 
  0.0132	  805.153	  905.808	  905.808	 2.37268e-33	  20798.9	  20798.9	 
 0.01325	  740.094	  832.615	  832.615	 2.37268e-33	  19392.5	  19392.5	 
  0.0133	  680.209	  765.243	  765.243	 2.37268e-33	    18077	    18077	 
 0.01335	  625.174	  703.328	  703.328	 2.37268e-33	  16846.1	  16846.1	 
  0.0134	  574.557	  646.384	  646.384	 2.37268e-33	  15696.3	  15696.3	 
 0.01345	  528.012	   594.02	   594.02	 2.37268e-33	  14621.2	  14621.2	 
  0.0135	  485.219	  545.877	  545.877	 2.37268e-33	  13617.4	  13617.4	 
 0.01355	  445.872	  501.612	  501.612	 2.37268e-33	  12679.6	  12679.6	 
  0.0136	  409.692	  460.909	  460.909	 2.37268e-33	    11804	    11804	 
 0.01365	  376.432	  423.491	  423.491	 2.37268e-33	  10987.3	  10987.3	 
  0.0137	  345.858	  389.095	  389.095	 2.37268e-33	  10224.9	  10224.9	 
 0.01375	   317.75	  357.473	  357.473	 2.37268e-33	  9513.24	  9513.24	 
  0.0138	  291.917	   328.41	   328.41	 2.37268e-33	  8849.78	  8849.78	 
 0.01385	  268.168	  301.693	  301.693	 2.37268e-33	  8231.12	  8231.12	 
  0.0139	  246.344	   277.14	   277.14	 2.37268e-33	  7654.23	  7654.23	 
 0.01395	  226.284	  254.573	  254.573	 2.37268e-33	  7116.53	  7116.53	 
   0.014	  207.854	  233.838	  233.838	 2.37268e-33	  6615.44	  6615.44	 
 0.01405	  190.912	  214.778	  214.778	 2.37268e-33	  6148.47	  6148.47	 
  0.0141	  175.342	  197.261	  197.261	 2.37268e-33	  5713.47	  5713.47	 
 0.01415	  161.038	   181.17	   181.17	 2.37268e-33	  5308.21	  5308.21	 
  0.0142	  147.896	  166.385	  166.385	 2.37268e-33	  4930.83	  4930.83	 
 0.01425	  135.819	  152.798	  152.798	 2.37268e-33	  4579.29	  4579.29	 
  0.0143	  124.719	   140.31	   140.31	 2.37268e-33	  4252.14	  4252.14	 
 0.01435	  114.524	  128.841	  128.841	 2.37268e-33	  3947.54	  3947.54	 
  0.0144	  105.158	  118.305	  118.305	 2.37268e-33	  3664.04	  3664.04	 
 0.01445	   96.556	  108.627	  108.627	 2.37268e-33	  3400.22	  3400.22	 
  0.0145	  88.6546	  99.7376	  99.7376	 2.37268e-33	  3154.84	  3154.84	 
 0.01455	  81.3934	  91.5686	  91.5686	 2.37268e-33	  2926.56	  2926.56	 
  0.0146	  74.7285	  84.0705	  84.0705	 2.37268e-33	  2714.23	  2714.23	 
 0.01465	  68.6046	   77.181	   77.181	 2.37268e-33	  2516.85	  2516.85	 
  0.0147	  62.9794	  70.8526	  70.8526	 2.37268e-33	  2333.38	  2333.38	 
 0.01475	  57.8136	   65.041	   65.041	 2.37268e-33	  2162.81	  2162.81	 
  0.0148	  53.0692	  59.7035	  59.7035	 2.37268e-33	  2004.36	  2004.36	 
 0.01485	  48.7127	  54.8024	  54.8024	 2.37268e-33	  1857.22	  1857.22	 
  0.0149	  44.7117	  50.3013	  50.3013	 2.37268e-33	  1720.51	  1720.51	 
 0.01495	  41.0381	  46.1684	  46.1684	 2.37268e-33	  1593.59	  1593.59	 
   0.015	  37.6654	   42.374	   42.374	 2.37268e-33	  1475.75	  1475.75	 
 0.01505	  34.5683	  38.8898	  38.8898	 2.37268e-33	  1366.38	  1366.38	 
  0.0151	  31.7247	  35.6907	  35.6907	 2.37268e-33	  1264.93	  1264.93	 
 0.01515	  29.1139	  32.7535	  32.7535	 2.37268e-33	  1170.79	  1170.79	 
  0.0152	  26.7171	   30.057	   30.057	 2.37268e-33	   1083.5	   1083.5	 
 0.01525	  24.5167	  27.5816	  27.5816	 2.37268e-33	  1002.54	  1002.54	 
  0.0153	  22.4966	   25.309	   25.309	 2.37268e-33	  927.543	  927.543	 
 0.01535	  20.6426	  23.2232	  23.2232	 2.37268e-33	  857.973	  857.973	 
  0.0154	  18.9407	  21.3085	  21.3085	 2.37268e-33	  793.524	  793.524	 
 0.01545	  17.3779	  19.5504	  19.5504	 2.37268e-33	  733.795	  733.795	 
  0.0155	  15.9443	  17.9376	  17.9376	 2.37268e-33	  678.485	  678.485	 
 0.01555	  14.6278	  16.4565	  16.4565	 2.37268e-33	  627.254	  627.254	 
  0.0156	  13.4202	  15.0979	  15.0979	 2.37268e-33	  579.817	  579.817	 
 0.01565	  12.3116	  13.8508	  13.8508	 2.37268e-33	  535.898	  535.898	 
  0.0157	  11.2942	  12.7061	  12.7061	 2.37268e-33	  495.248	  495.248	 
 0.01575	  10.3606	  11.6558	  11.6558	 2.37268e-33	  457.617	  457.617	 
  0.0158	  9.50383	  10.6919	  10.6919	 2.37268e-33	   422.81	   422.81	 
 0.01585	  8.71731	  9.80708	  9.80708	 2.37268e-33	  390.603	  390.603	 
  0.0159	  7.99601	  8.99561	  8.99561	 2.37268e-33	  360.801	  360.801	 
 0.01595	  7.33391	  8.25074	  8.25074	 2.37268e-33	  333.244	  333.244	 
   0.016	  6.72705	  7.56802	  7.56802	 2.37268e-33	  307.753	  307.753	 
 0.01605	  6.16963	  6.94091	  6.94091	 2.37268e-33	  284.186	  284.186	 
  0.0161	  5.65825	  6.36561	  6.36561	 2.37268e-33	    262.4	    262.4	 
 0.01615	  5.18919	   5.8379	   5.8379	 2.37268e-33	  242.262	  242.262	 
  0.0162	  4.75889	  5.35381	  5.35381	 2.37268e-33	  223.638	  223.638	 
 0.01625	   4.3641	  4.90967	  4.90967	 2.37268e-33	  206.439	  206.439	 
  0.0163	  4.00196	  4.50225	  4.50225	 2.37268e-33	  190.541	  190.541	 
 0.01635	  3.66975	  4.12851	  4.12851	 2.37268e-33	  175.845	  175.845	 
  0.0164	  3.36506	  3.78574	  3.78574	 2.37268e-33	  162.271	  162.271	 
 0.01645	  3.08552	  3.47125	  3.47125	 2.37268e-33	  149.739	  149.739	 
  0.0165	  2.82913	   3.1828	   3.1828	 2.37268e-33	  138.152	  138.152	 
 0.01655	  2.59399	  2.91827	  2.91827	 2.37268e-33	  127.455	  127.455	 
  0.0166	  2.37831	  2.67563	  2.67563	 2.37268e-33	  117.577	  117.577	 
 0.01665	   2.1805	  2.45309	  2.45309	 2.37268e-33	  108.457	  108.457	 
  0.0167	  1.99908	  2.24899	  2.24899	 2.37268e-33	   100.04	   100.04	 
 0.01675	  1.83274	  2.06186	  2.06186	 2.37268e-33	  92.2644	  92.2644	 
  0.0168	  1.68015	  1.89019	  1.89019	 2.37268e-33	  85.0857	  85.0857	 
 0.01685	  1.54025	   1.7328	   1.7328	 2.37268e-33	  78.4617	  78.4617	 
  0.0169	  1.41193	  1.58844	  1.58844	 2.37268e-33	  72.3473	  72.3473	 
 0.01695	  1.29428	  1.45608	  1.45608	 2.37268e-33	   66.704	   66.704	 
   0.017	  1.18641	  1.33473	  1.33473	 2.37268e-33	  61.4963	  61.4963	 
 0.01705	  1.08749	  1.22343	  1.22343	 2.37268e-33	   56.692	   56.692	 
  0.0171	 0.996758	  1.12137	  1.12137	 2.37268e-33	  52.2591	  52.2591	 
 0.01715	   0.9136	  1.02781	  1.02781	 2.37268e-33	  48.1683	  48.1683	 
  0.0172	 0.837404	  0.94209	  0.94209	 2.37268e-33	  44.3954	  44.3954	 
 0.01725	 0.767504	 0.863452	 0.863452	 2.37268e-33	  40.9156	  40.9156	 
  0.0173	 0.703393	 0.791326	 0.791326	 2.37268e-33	  37.7056	  37.7056	 
 0.01735	 0.644642	 0.725231	 0.725231	 2.37268e-33	   34.745	   34.745	 
  0.0174	  0.59078	 0.664635	 0.664635	 2.37268e-33	  32.0151	  32.0151	 
 0.01745	 0.541408	 0.609091	 0.609091	 2.37268e-33	  29.4972	  29.4972	 
  0.0175	 0.496146	  0.55817	  0.55817	 2.37268e-33	  27.1761	  27.1761	 
 0.01755	  0.45466	 0.511498	 0.511498	 2.37268e-33	  25.0358	  25.0358	 
  0.0176	 0.416626	 0.468709	 0.468709	 2.37268e-33	  23.0621	  23.0621	 
 0.01765	  0.38177	 0.429496	 0.429496	 2.37268e-33	  21.2434	  21.2434	 
  0.0177	 0.349819	 0.393551	 0.393551	 2.37268e-33	  19.5662	  19.5662	 
 0.01775	 0.320537	 0.360608	 0.360608	 2.37268e-33	  18.0209	  18.0209	 
  0.0178	 0.293695	 0.330411	 0.330411	 2.37268e-33	  16.5967	  16.5967	 
 0.01785	 0.269092	 0.302732	 0.302732	 2.37268e-33	  15.2839	  15.2839	 
  0.0179	 0.246548	  0.27737	  0.27737	 2.37268e-33	  14.0735	  14.0735	 
 0.01795	 0.225884	 0.254122	 0.254122	 2.37268e-33	  12.9592	  12.9592	 
   0.018	 0.206952	 0.232823	 0.232823	 2.37268e-33	  11.9314	  11.9314	 
 0.01805	 0.189593	 0.213294	 0.213294	 2.37268e-33	  10.9855	  10.9855	 
  0.0181	 0.173693	 0.195407	 0.195407	 2.37268e-33	  10.1136	  10.1136	 
 0.01815	 0.159121	 0.179013	 0.179013	 2.37268e-33	  9.31016	  9.31016	 
  0.0182	 0.145768	 0.163991	 0.163991	 2.37268e-33	  8.57011	  8.57011	 
 0.01825	 0.133532	 0.150225	 0.150225	 2.37268e-33	  7.88848	  7.88848	 
  0.0183	 0.122319	 0.137611	 0.137611	 2.37268e-33	  7.26074	  7.26074	 
 0.01835	  0.11205	 0.126057	 0.126057	 2.37268e-33	  6.68243	  6.68243	 
  0.0184	 0.102632	 0.115463	 0.115463	 2.37268e-33	  6.14999	  6.14999	 
 0.01845	 0.0940095	 0.105762	 0.105762	 2.37268e-33	  5.65958	  5.65958	 
  0.0185	 0.0861081	 0.0968727	 0.0968727	 2.37268e-33	  5.20801	  5.20801	 
 0.01855	 0.0788721	 0.0887321	 0.0887321	 2.37268e-33	  4.79225	  4.79225	 
  0.0186	 0.0722357	 0.0812661	 0.0812661	 2.37268e-33	  4.40944	  4.40944	 
 0.01865	 0.0661595	 0.0744303	 0.0744303	 2.37268e-33	  4.05691	  4.05691	 
  0.0187	 0.0605952	 0.0681704	 0.0681704	 2.37268e-33	  3.73244	  3.73244	 
 0.01875	 0.0554957	 0.0624333	 0.0624333	 2.37268e-33	  3.43371	  3.43371	 
  0.0188	 0.0508242	 0.0571779	 0.0571779	 2.37268e-33	  3.15876	  3.15876	 
 0.01885	 0.046545	 0.0523637	 0.0523637	 2.37268e-33	  2.90563	  2.90563	 
  0.0189	 0.0426251	 0.0479538	 0.0479538	 2.37268e-33	  2.67272	  2.67272	 
 0.01895	 0.0390346	 0.0439145	 0.0439145	 2.37268e-33	  2.45834	  2.45834	 
   0.019	 0.0357457	 0.0402144	 0.0402144	 2.37268e-33	  2.26096	  2.26096	 
 0.01905	 0.0327332	 0.0368253	 0.0368253	 2.37268e-33	  2.07945	  2.07945	 
  0.0191	 0.0299741	 0.0337212	 0.0337212	 2.37268e-33	  1.91227	  1.91227	 
 0.01915	 0.0274464	 0.0308776	 0.0308776	 2.37268e-33	  1.75854	  1.75854	 
  0.0192	 0.0251315	 0.0282733	 0.0282733	 2.37268e-33	   1.6171	   1.6171	 
 0.01925	 0.0230115	 0.0258883	 0.0258883	 2.37268e-33	  1.48688	  1.48688	 
  0.0193	 0.0210698	 0.0237038	 0.0237038	 2.37268e-33	  1.36718	  1.36718	 
 0.01935	 0.0192916	 0.0217033	 0.0217033	 2.37268e-33	    1.257	    1.257	 
  0.0194	 0.0176632	 0.0198713	 0.0198713	 2.37268e-33	  1.15564	  1.15564	 
 0.01945	 0.0161718	 0.0181935	 0.0181935	 2.37268e-33	  1.06248	  1.06248	 
  0.0195	 0.0148063	 0.0166572	 0.0166572	 2.37268e-33	 0.976708	 0.976708	 
 0.01955	 0.0135555	 0.0152501	 0.0152501	 2.37268e-33	 0.897795	 0.897795	 
  0.0196	 0.0124102	 0.0139616	 0.0139616	 2.37268e-33	 0.825286	 0.825286	 
 0.01965	 0.0113612	 0.0127815	 0.0127815	 2.37268e-33	 0.758574	 0.758574	 
  0.0197	 0.010401	 0.0117012	 0.0117012	 2.37268e-33	 0.697216	 0.697216	 
 0.01975	 0.00952159	 0.0107119	 0.0107119	 2.37268e-33	 0.640801	 0.640801	 
  0.0198	 0.00871627	 0.00980591	 0.00980591	 2.37268e-33	  0.58892	  0.58892	 
 0.01985	 0.00797885	 0.00897631	 0.00897631	 2.37268e-33	 0.541215	 0.541215	 
  0.0199	 0.00730371	 0.00821676	 0.00821676	 2.37268e-33	 0.497359	 0.497359	 
 0.01995	 0.00668589	 0.00752171	 0.00752171	 2.37268e-33	 0.457038	 0.457038	 
    0.02	 0.00611986	 0.00688492	 0.00688492	 2.37268e-33	 0.419959	 0.419959	 
 0.02005	 0.0056018	 0.0063021	 0.0063021	 2.37268e-33	 0.385874	 0.385874	 
  0.0201	 0.00512742	 0.00576841	 0.00576841	 2.37268e-33	  0.35454	  0.35454	 
 0.02015	 0.00469311	 0.00527981	 0.00527981	 2.37268e-33	 0.325736	 0.325736	 
  0.0202	 0.00429552	 0.00483252	 0.00483252	 2.37268e-33	 0.299265	 0.299265	 
 0.02025	 0.00393156	 0.00442305	 0.00442305	 2.37268e-33	 0.274932	 0.274932	 
  0.0203	 0.00359833	 0.00404817	 0.00404817	 2.37268e-33	 0.252567	 0.252567	 
 0.02035	 0.00329331	 0.00370501	 0.00370501	 2.37268e-33	  0.23201	  0.23201	 
  0.0204	 0.00301407	 0.00339087	 0.00339087	 2.37268e-33	 0.213119	 0.213119	 
 0.02045	 0.00275848	 0.00310332	 0.00310332	 2.37268e-33	 0.195751	 0.195751	 
  0.0205	 0.00252448	 0.00284007	 0.00284007	 2.37268e-33	 0.179799	 0.179799	 
 0.02055	 0.00231036	 0.00259918	 0.00259918	 2.37268e-33	 0.165139	 0.165139	 
  0.0206	 0.00211426	 0.00237857	 0.00237857	 2.37268e-33	 0.151663	 0.151663	 
 0.02065	 0.00193482	 0.0021767	 0.0021767	 2.37268e-33	 0.139292	 0.139292	 
  0.0207	 0.00177057	 0.00199191	 0.00199191	 2.37268e-33	 0.127918	 0.127918	 
 0.02075	 0.00162025	 0.00182281	 0.00182281	 2.37268e-33	  0.11747	  0.11747	 
  0.0208	 0.00148266	 0.00166801	 0.00166801	 2.37268e-33	 0.107869	 0.107869	 
 0.02085	 0.00135673	 0.00152634	 0.00152634	 2.37268e-33	 0.0990513	 0.0990513	 
  0.0209	 0.00124142	 0.00139662	 0.00139662	 2.37268e-33	 0.0909463	 0.0909463	 
 0.02095	 0.00113598	 0.00127799	 0.00127799	 2.37268e-33	 0.0835047	 0.0835047	 
   0.021	 0.00103943	 0.00116938	 0.00116938	 2.37268e-33	 0.0766688	 0.0766688	 
 0.02105	 0.000951036	 0.00106993	 0.00106993	 2.37268e-33	 0.0703896	 0.0703896	 
  0.0211	 0.000870169	 0.000978951	 0.000978951	 2.37268e-33	 0.0646225	 0.0646225	 
 0.02115	 0.000796203	 0.000895738	 0.000895738	 2.37268e-33	 0.0593257	 0.0593257	 
  0.0212	 0.00072848	 0.000819549	 0.000819549	 2.37268e-33	 0.0544618	 0.0544618	 
 0.02125	 0.0006665	 0.000749821	 0.000749821	 2.37268e-33	 0.0499942	 0.0499942	 
  0.0213	 0.000609788	 0.00068602	 0.00068602	 2.37268e-33	 0.0458908	 0.0458908	 
 0.02135	 0.000557894	 0.000627638	 0.000627638	 2.37268e-33	 0.0421233	 0.0421233	 
  0.0214	 0.000510407	 0.000574214	 0.000574214	 2.37268e-33	 0.038664	 0.038664	 
 0.02145	 0.000466954	 0.000525329	 0.000525329	 2.37268e-33	 0.0354869	 0.0354869	 
  0.0215	 0.000427195	 0.000480599	 0.000480599	 2.37268e-33	  0.03257	  0.03257	 
 0.02155	 0.000390812	 0.000439668	 0.000439668	 2.37268e-33	 0.0298918	 0.0298918	 
  0.0216	 0.000357522	 0.000402217	 0.000402217	 2.37268e-33	 0.0274326	 0.0274326	 
 0.02165	 0.000327065	 0.000367952	 0.000367952	 2.37268e-33	 0.0251748	 0.0251748	 
  0.0217	 0.000299195	 0.000336598	 0.000336598	 2.37268e-33	 0.0231022	 0.0231022	 
 0.02175	 0.000273695	 0.000307911	 0.000307911	 2.37268e-33	 0.0211997	 0.0211997	 
  0.0218	 0.000250369	 0.000281668	 0.000281668	 2.37268e-33	 0.0194531	 0.0194531	 
 0.02185	 0.000229025	 0.000257656	 0.000257656	 2.37268e-33	 0.0178499	 0.0178499	 
  0.0219	 0.000209495	 0.000235685	 0.000235685	 2.37268e-33	 0.0163785	 0.0163785	 
 0.02195	 0.000191632	 0.000215589	 0.000215589	 2.37268e-33	 0.0150274	 0.0150274	 
   0.022	 0.000175283	 0.000197195	 0.000197195	 2.37268e-33	 0.0137876	 0.0137876	 
 0.02205	 0.000160334	 0.000180378	 0.000180378	 2.37268e-33	 0.0126493	 0.0126493	 
  0.0221	 0.000146652	 0.000164985	 0.000164985	 2.37268e-33	 0.0116045	 0.0116045	 
 0.02215	 0.000134136	 0.000150905	 0.000150905	 2.37268e-33	 0.0106462	 0.0106462	 
  0.0222	 0.000122688	 0.000138025	 0.000138025	 2.37268e-33	 0.00976619	 0.00976619	 
 0.02225	 0.000112216	 0.000126244	 0.000126244	 2.37268e-33	 0.00895924	 0.00895924	 
  0.0223	 0.000102638	 0.000115469	 0.000115469	 2.37268e-33	 0.0082183	 0.0082183	 
 0.02235	 9.38709e-05	 0.000105606	 0.000105606	 2.37268e-33	 0.00753845	 0.00753845	 
  0.0224	 8.58555e-05	 9.65885e-05	 9.65885e-05	 2.37268e-33	 0.00691462	 0.00691462	 
 0.02245	 7.85202e-05	 8.83363e-05	 8.83363e-05	 2.37268e-33	 0.00634219	 0.00634219	 
  0.0225	 7.18142e-05	 8.07919e-05	 8.07919e-05	 2.37268e-33	 0.00581705	 0.00581705	 
 0.02255	 6.56821e-05	 7.38932e-05	 7.38932e-05	 2.37268e-33	 0.0053352	 0.0053352	 
  0.0226	 6.00674e-05	 6.75766e-05	 6.75766e-05	 2.37268e-33	 0.00489307	 0.00489307	 
 0.02265	 5.49338e-05	 6.18013e-05	 6.18013e-05	 2.37268e-33	 0.00448746	 0.00448746	 
  0.0227	 5.02388e-05	 5.65193e-05	 5.65193e-05	 2.37268e-33	 0.00411534	 0.00411534	 
 0.02275	 4.59439e-05	 5.16875e-05	 5.16875e-05	 2.37268e-33	 0.00377403	 0.00377403	 
  0.0228	 4.20166e-05	 4.72692e-05	 4.72692e-05	 2.37268e-33	 0.00346087	 0.00346087	 
 0.02285	 3.84239e-05	 4.32274e-05	 4.32274e-05	 2.37268e-33	 0.00317354	 0.00317354	 
  0.0229	 3.51381e-05	 3.95308e-05	 3.95308e-05	 2.37268e-33	 0.00291008	 0.00291008	 
 0.02295	 3.21327e-05	 3.61497e-05	 3.61497e-05	 2.37268e-33	 0.00266836	 0.00266836	 
   0.023	 2.93847e-05	 3.30582e-05	 3.30582e-05	 2.37268e-33	 0.00244667	 0.00244667	 
 0.02305	 2.68709e-05	 3.02301e-05	 3.02301e-05	 2.37268e-33	 0.00224333	 0.00224333	 
  0.0231	 2.45719e-05	 2.76437e-05	 2.76437e-05	 2.37268e-33	 0.00205673	 0.00205673	 
 0.02315	 2.24698e-05	 2.52789e-05	 2.52789e-05	 2.37268e-33	 0.00188572	 0.00188572	 
  0.0232	 2.05469e-05	 2.31155e-05	 2.31155e-05	 2.37268e-33	 0.00172888	 0.00172888	 
 0.02325	 1.87888e-05	 2.11376e-05	 2.11376e-05	 2.37268e-33	 0.00158495	 0.00158495	 
  0.0233	 1.71802e-05	 1.9328e-05	 1.9328e-05	 2.37268e-33	 0.00145304	 0.00145304	 
 0.02335	 1.57099e-05	 1.76739e-05	 1.76739e-05	 2.37268e-33	 0.001332	 0.001332	 
  0.0234	 1.43694e-05	 1.61657e-05	 1.61657e-05	 2.37268e-33	 0.00122102	 0.00122102	 
 0.02345	 1.31404e-05	 1.47831e-05	 1.47831e-05	 2.37268e-33	 0.0011193	 0.0011193	 
  0.0235	 1.20164e-05	 1.35186e-05	 1.35186e-05	 2.37268e-33	 0.00102605	 0.00102605	 
 0.02355	 1.09894e-05	 1.23632e-05	 1.23632e-05	 2.37268e-33	 0.000940457	 0.000940457	 
  0.0236	 1.00495e-05	 1.13058e-05	 1.13058e-05	 2.37268e-33	 0.000862034	 0.000862034	 
 0.02365	 9.19043e-06	 1.03394e-05	 1.03394e-05	 2.37268e-33	 0.000790113	 0.000790113	 
  0.0237	 8.40539e-06	 9.45617e-06	 9.45617e-06	 2.37268e-33	 0.000724185	 0.000724185	 
 0.02375	 7.68716e-06	 8.64815e-06	 8.64815e-06	 2.37268e-33	 0.000663727	 0.000663727	 
  0.0238	 7.03064e-06	 7.90956e-06	 7.90956e-06	 2.37268e-33	 0.000608309	 0.000608309	 
 0.02385	 6.43031e-06	 7.23418e-06	 7.23418e-06	 2.37268e-33	 0.000557497	 0.000557497	 
  0.0239	 5.88155e-06	 6.61682e-06	 6.61682e-06	 2.37268e-33	 0.000510914	 0.000510914	 
 0.02395	 5.37993e-06	 6.05249e-06	 6.05249e-06	 2.37268e-33	 0.000468216	 0.000468216	 
   0.024	 4.92128e-06	 5.5365e-06	 5.5365e-06	 2.37268e-33	 0.000429071	 0.000429071	 
 0.02405	 4.50199e-06	 5.0648e-06	 5.0648e-06	 2.37268e-33	 0.000393195	 0.000393195	 
  0.0241	 4.11872e-06	 4.63362e-06	 4.63362e-06	 2.37268e-33	 0.000360302	 0.000360302	 
 0.02415	 3.76838e-06	 4.23948e-06	 4.23948e-06	 2.37268e-33	 0.000330153	 0.000330153	 
  0.0242	 3.44806e-06	 3.87911e-06	 3.87911e-06	 2.37268e-33	 0.000302525	 0.000302525	 
 0.02425	 3.15527e-06	 3.54972e-06	 3.54972e-06	 2.37268e-33	 0.000277194	 0.000277194	 
  0.0243	 2.88763e-06	 3.24862e-06	 3.24862e-06	 2.37268e-33	 0.000253983	 0.000253983	 
 0.02435	 2.64295e-06	 2.97336e-06	 2.97336e-06	 2.37268e-33	 0.000232705	 0.000232705	 
  0.0244	 2.41934e-06	 2.72179e-06	 2.72179e-06	 2.37268e-33	 0.000213208	 0.000213208	 
 0.02445	 2.21488e-06	 2.49177e-06	 2.49177e-06	 2.37268e-33	 0.000195342	 0.000195342	 
  0.0245	 2.02796e-06	 2.28149e-06	 2.28149e-06	 2.37268e-33	 0.000178962	 0.000178962	 
 0.02455	 1.85717e-06	 2.08933e-06	 2.08933e-06	 2.37268e-33	 0.000163954	 0.000163954	 
  0.0246	 1.70095e-06	 1.91359e-06	 1.91359e-06	 2.37268e-33	 0.000150202	 0.000150202	 
 0.02465	 1.55819e-06	 1.75299e-06	 1.75299e-06	 2.37268e-33	 0.0001376	 0.0001376	 
  0.0247	 1.42767e-06	 1.60615e-06	 1.60615e-06	 2.37268e-33	 0.000126047	 0.000126047	 
 0.02475	 1.30829e-06	 1.47184e-06	 1.47184e-06	 2.37268e-33	 0.000115466	 0.000115466	 
  0.0248	 1.1992e-06	 1.34912e-06	 1.34912e-06	 2.37268e-33	 0.000105776	 0.000105776	 
 0.02485	 1.0994e-06	 1.23684e-06	 1.23684e-06	 2.37268e-33	 9.6887e-05	 9.6887e-05	 
  0.0249	 1.00818e-06	 1.13422e-06	 1.13422e-06	 2.37268e-33	 8.87481e-05	 8.87481e-05	 
 0.02495	 9.25735e-07	 1.04146e-06	 1.04146e-06	 2.37268e-33	 8.12896e-05	 8.12896e-05	 
   0.025	 8.49632e-07	 9.55846e-07	 9.55846e-07	 2.37268e-33	 7.44573e-05	 7.44573e-05	 
       0	        0	        0	        0	        0	        0	        0	 
