       0	        0	        0	        0	        0	        0	        0	 
   5e-05	   405710	   456328	   456328	  804.712	  15605.4	  15605.4	 
  0.0001	 3.23466e+06	 3.61041e+06	 3.61041e+06	   229007	 3.12664e+06	 3.12664e+06	 
 0.00015	 2.20612e+07	 2.44351e+07	 2.44351e+07	 3.0711e+06	 3.44667e+07	 3.44667e+07	 
  0.0002	 9.48637e+07	 1.04679e+08	 1.04679e+08	 1.63526e+07	 1.61263e+08	 1.61263e+08	 
 0.00025	 2.76664e+08	 3.0436e+08	 3.0436e+08	 5.51233e+07	 4.78624e+08	 4.78624e+08	 
  0.0003	 5.92185e+08	 6.49418e+08	 6.49418e+08	 1.34372e+08	 1.02435e+09	 1.02435e+09	 
 0.00035	 1.0409e+09	 1.13801e+09	 1.13801e+09	 2.64138e+08	 1.78466e+09	 1.78466e+09	 
  0.0004	 1.57325e+09	 1.71635e+09	 1.71635e+09	 4.28549e+08	 2.67403e+09	 2.67403e+09	 
 0.00045	 2.16899e+09	 2.36249e+09	 2.36249e+09	 6.21123e+08	 3.65068e+09	 3.65068e+09	 
  0.0005	 2.79185e+09	 3.03736e+09	 3.03736e+09	 8.27926e+08	 4.66107e+09	 4.66107e+09	 
 0.00055	 3.41732e+09	 3.71422e+09	 3.71422e+09	 1.04238e+09	 5.66649e+09	 5.66649e+09	 
  0.0006	 4.03486e+09	 4.38136e+09	 4.38136e+09	 1.2631e+09	 6.64271e+09	 6.64271e+09	 
 0.00065	 4.62524e+09	 5.01766e+09	 5.01766e+09	 1.48621e+09	 7.55422e+09	 7.55422e+09	 
  0.0007	 5.17334e+09	 5.60714e+09	 5.60714e+09	 1.70336e+09	 8.3807e+09	 8.3807e+09	 
 0.00075	 5.66745e+09	 6.13731e+09	 6.13731e+09	 1.90896e+09	 9.1022e+09	 9.1022e+09	 
  0.0008	 6.10107e+09	 6.60143e+09	 6.60143e+09	 2.0986e+09	 9.70679e+09	 9.70679e+09	 
 0.00085	 6.48135e+09	 7.00757e+09	 7.00757e+09	 2.27207e+09	 1.01954e+10	 1.01954e+10	 
  0.0009	 6.79307e+09	 7.33949e+09	 7.33949e+09	 2.4222e+09	 1.05663e+10	 1.05663e+10	 
 0.00095	 7.0373e+09	 7.59835e+09	 7.59835e+09	 2.54941e+09	 1.0824e+10	 1.0824e+10	 
   0.001	 7.21826e+09	 7.78915e+09	 7.78915e+09	 2.65156e+09	 1.09778e+10	 1.09778e+10	 
 0.00105	 7.34337e+09	 7.92025e+09	 7.92025e+09	 2.72875e+09	 1.10435e+10	 1.10435e+10	 
  0.0011	 7.41749e+09	 7.99656e+09	 7.99656e+09	 2.78538e+09	 1.10308e+10	 1.10308e+10	 
 0.00115	 7.44044e+09	 8.01784e+09	 8.01784e+09	 2.82171e+09	 1.09462e+10	 1.09462e+10	 
  0.0012	 7.41876e+09	 7.99128e+09	 7.99128e+09	 2.83904e+09	 1.0803e+10	 1.0803e+10	 
 0.00125	 7.35752e+09	 7.92248e+09	 7.92248e+09	 2.83829e+09	 1.06056e+10	 1.06056e+10	 
  0.0013	 7.26765e+09	 7.82329e+09	 7.82329e+09	 2.82299e+09	 1.03644e+10	 1.03644e+10	 
 0.00135	 7.14875e+09	 7.69312e+09	 7.69312e+09	 2.79424e+09	 1.00863e+10	 1.00863e+10	 
  0.0014	 7.00352e+09	 7.53495e+09	 7.53495e+09	 2.75253e+09	 9.77748e+09	 9.77748e+09	 
 0.00145	 6.83655e+09	 7.3536e+09	 7.3536e+09	 2.70052e+09	 9.44724e+09	 9.44724e+09	 
  0.0015	 6.65114e+09	 7.1527e+09	 7.1527e+09	 2.63901e+09	 9.09837e+09	 9.09837e+09	 
 0.00155	 6.45255e+09	 6.9379e+09	 6.9379e+09	 2.57013e+09	 8.73807e+09	 8.73807e+09	 
  0.0016	 6.24162e+09	 6.71004e+09	 6.71004e+09	 2.49468e+09	 8.36796e+09	 8.36796e+09	 
 0.00165	 6.02201e+09	 6.47302e+09	 6.47302e+09	 2.41433e+09	 7.99406e+09	 7.99406e+09	 
  0.0017	 5.79585e+09	 6.22915e+09	 6.22915e+09	 2.32981e+09	 7.61917e+09	 7.61917e+09	 
 0.00175	 5.56594e+09	 5.98139e+09	 5.98139e+09	 2.24271e+09	 7.24677e+09	 7.24677e+09	 
  0.0018	 5.33434e+09	 5.73194e+09	 5.73194e+09	 2.15388e+09	 6.88038e+09	 6.88038e+09	 
 0.00185	 5.10267e+09	 5.48249e+09	 5.48249e+09	 2.06445e+09	 6.52075e+09	 6.52075e+09	 
  0.0019	 4.87107e+09	 5.23325e+09	 5.23325e+09	 1.97391e+09	 6.16808e+09	 6.16808e+09	 
 0.00195	 4.63965e+09	 4.98424e+09	 4.98424e+09	 1.88323e+09	 5.82323e+09	 5.82323e+09	 
   0.002	 4.41093e+09	 4.73821e+09	 4.73821e+09	 1.79296e+09	 5.48725e+09	 5.48725e+09	 
 0.00205	 4.18856e+09	 4.49904e+09	 4.49904e+09	 1.70495e+09	 5.16656e+09	 5.16656e+09	 
  0.0021	 3.97002e+09	 4.26402e+09	 4.26402e+09	 1.61833e+09	 4.85651e+09	 4.85651e+09	 
 0.00215	 3.7623e+09	 4.04074e+09	 4.04074e+09	 1.535e+09	 4.56433e+09	 4.56433e+09	 
  0.0022	 3.55885e+09	 3.82207e+09	 3.82207e+09	 1.45324e+09	 4.2834e+09	 4.2834e+09	 
 0.00225	 3.3636e+09	 3.61227e+09	 3.61227e+09	 1.37447e+09	 4.01673e+09	 4.01673e+09	 
  0.0023	 3.17327e+09	 3.40775e+09	 3.40775e+09	 1.29764e+09	 3.76006e+09	 3.76006e+09	 
 0.00235	 2.99219e+09	 3.21321e+09	 3.21321e+09	 1.22425e+09	 3.51913e+09	 3.51913e+09	 
  0.0024	 2.81635e+09	 3.0243e+09	 3.0243e+09	 1.15292e+09	 3.28768e+09	 3.28768e+09	 
 0.00245	 2.65005e+09	 2.84567e+09	 2.84567e+09	 1.08528e+09	 3.07148e+09	 3.07148e+09	 
  0.0025	 2.49069e+09	 2.6745e+09	 2.6745e+09	 1.02034e+09	 2.86596e+09	 2.86596e+09	 
 0.00255	 2.33734e+09	 2.50979e+09	 2.50979e+09	 9.57873e+08	 2.67048e+09	 2.67048e+09	 
  0.0026	 2.18965e+09	 2.35115e+09	 2.35115e+09	 8.97807e+08	 2.4839e+09	 2.4839e+09	 
 0.00265	 2.05021e+09	 2.20139e+09	 2.20139e+09	 8.40965e+08	 2.30917e+09	 2.30917e+09	 
  0.0027	 1.91756e+09	 2.05892e+09	 2.05892e+09	 7.86812e+08	 2.14433e+09	 2.14433e+09	 
 0.00275	 1.79625e+09	 1.92866e+09	 1.92866e+09	 7.37102e+08	 1.9954e+09	 1.9954e+09	 
  0.0028	 1.68157e+09	 1.80553e+09	 1.80553e+09	  6.9e+08	 1.85529e+09	 1.85529e+09	 
 0.00285	 1.57272e+09	 1.68865e+09	 1.68865e+09	 6.45314e+08	 1.72427e+09	 1.72427e+09	 
  0.0029	 1.46732e+09	 1.57549e+09	 1.57549e+09	 6.02009e+08	 1.59789e+09	 1.59789e+09	 
 0.00295	 1.36611e+09	 1.46683e+09	 1.46683e+09	 5.6043e+08	 1.47842e+09	 1.47842e+09	 
   0.003	 1.26971e+09	 1.36333e+09	 1.36333e+09	 5.20848e+08	 1.36586e+09	 1.36586e+09	 
 0.00305	 1.18113e+09	 1.26821e+09	 1.26821e+09	 4.84576e+08	 1.26399e+09	 1.26399e+09	 
  0.0031	 1.09793e+09	 1.17886e+09	 1.17886e+09	 4.5052e+08	 1.16892e+09	 1.16892e+09	 
 0.00315	 1.02293e+09	 1.09833e+09	 1.09833e+09	 4.19773e+08	 1.08373e+09	 1.08373e+09	 
  0.0032	 9.51531e+08	 1.02167e+09	 1.02167e+09	 3.90455e+08	 1.00291e+09	 1.00291e+09	 
 0.00325	 8.83079e+08	 9.48181e+08	 9.48181e+08	 3.62318e+08	 9.25724e+08	 9.25724e+08	 
  0.0033	 8.17688e+08	 8.77978e+08	 8.77978e+08	 3.35412e+08	 8.52105e+08	 8.52105e+08	 
 0.00335	 7.57278e+08	 8.13122e+08	 8.13122e+08	 3.10572e+08	 7.84883e+08	 7.84883e+08	 
  0.0034	 7.0135e+08	 7.53076e+08	 7.53076e+08	 2.87586e+08	 7.23226e+08	 7.23226e+08	 
 0.00345	 6.48832e+08	 6.96686e+08	 6.96686e+08	 2.6604e+08	 6.66119e+08	 6.66119e+08	 
  0.0035	 6.0122e+08	 6.45558e+08	 6.45558e+08	 2.4655e+08	 6.15107e+08	 6.15107e+08	 
 0.00355	 5.56912e+08	 5.9798e+08	 5.9798e+08	 2.28406e+08	 5.67848e+08	 5.67848e+08	 
  0.0036	 5.13629e+08	 5.51503e+08	 5.51503e+08	 2.10667e+08	 5.21718e+08	 5.21718e+08	 
 0.00365	 4.74122e+08	 5.09082e+08	 5.09082e+08	 1.94464e+08	 4.79775e+08	 4.79775e+08	 
  0.0037	 4.36637e+08	 4.68834e+08	 4.68834e+08	 1.7909e+08	 4.40169e+08	 4.40169e+08	 
 0.00375	 4.02048e+08	 4.31695e+08	 4.31695e+08	 1.649e+08	 4.03784e+08	 4.03784e+08	 
  0.0038	 3.70352e+08	 3.97662e+08	 3.97662e+08	 1.51892e+08	 3.70545e+08	 3.70545e+08	 
 0.00385	 3.41543e+08	 3.66729e+08	 3.66729e+08	 1.40073e+08	 3.40516e+08	 3.40516e+08	 
  0.0039	 3.15225e+08	 3.38469e+08	 3.38469e+08	 1.29291e+08	 3.13358e+08	 3.13358e+08	 
 0.00395	 2.90566e+08	 3.11989e+08	 3.11989e+08	 1.19196e+08	 2.88129e+08	 2.88129e+08	 
   0.004	 2.66843e+08	 2.86516e+08	 2.86516e+08	 1.09478e+08	 2.63895e+08	 2.63895e+08	 
 0.00405	 2.45514e+08	 2.63613e+08	 2.63613e+08	 1.00739e+08	 2.42205e+08	 2.42205e+08	 
  0.0041	 2.25122e+08	 2.41716e+08	 2.41716e+08	 9.23837e+07	 2.21551e+08	 2.21551e+08	 
 0.00415	 2.05988e+08	 2.2117e+08	 2.2117e+08	 8.45414e+07	 2.02221e+08	 2.02221e+08	 
  0.0042	 1.89013e+08	 2.02944e+08	 2.02944e+08	 7.75829e+07	 1.85118e+08	 1.85118e+08	 
 0.00425	 1.73379e+08	 1.86156e+08	 1.86156e+08	 7.1175e+07	 1.69444e+08	 1.69444e+08	 
  0.0043	 1.5936e+08	 1.71103e+08	 1.71103e+08	 6.54285e+07	 1.55421e+08	 1.55421e+08	 
 0.00435	 1.4651e+08	 1.57304e+08	 1.57304e+08	 6.01612e+07	 1.42615e+08	 1.42615e+08	 
  0.0044	 1.34245e+08	 1.44135e+08	 1.44135e+08	 5.51369e+07	 1.30474e+08	 1.30474e+08	 
 0.00445	 1.23015e+08	 1.32077e+08	 1.32077e+08	 5.05307e+07	 1.19323e+08	 1.19323e+08	 
  0.0045	 1.12374e+08	 1.2065e+08	 1.2065e+08	 4.61675e+07	 1.08814e+08	 1.08814e+08	 
 0.00455	 1.02497e+08	 1.10045e+08	 1.10045e+08	 4.21213e+07	 9.91346e+07	 9.91346e+07	 
  0.0046	 9.36078e+07	 1.005e+08	 1.005e+08	 3.84781e+07	 9.043e+07	 9.043e+07	 
 0.00465	 8.53801e+07	 9.16649e+07	 9.16649e+07	 3.51066e+07	 8.2404e+07	 8.2404e+07	 
  0.0047	 7.83481e+07	 8.41142e+07	 8.41142e+07	 3.22239e+07	 7.55407e+07	 7.55407e+07	 
 0.00475	 7.17299e+07	 7.70081e+07	 7.70081e+07	 2.95085e+07	 6.90808e+07	 6.90808e+07	 
  0.0048	 6.55035e+07	 7.0323e+07	 7.0323e+07	 2.6951e+07	 6.29902e+07	 6.29902e+07	 
 0.00485	 5.99505e+07	 6.43612e+07	 6.43612e+07	 2.46688e+07	 5.75576e+07	 5.75576e+07	 
  0.0049	 5.4744e+07	 5.87709e+07	 5.87709e+07	 2.2532e+07	 5.2516e+07	 5.2516e+07	 
 0.00495	 4.97368e+07	 5.33946e+07	 5.33946e+07	 2.04776e+07	 4.76903e+07	 4.76903e+07	 
   0.005	 4.52214e+07	 4.85463e+07	 4.85463e+07	 1.86242e+07	 4.33374e+07	 4.33374e+07	 
 0.00505	 4.12167e+07	 4.42464e+07	 4.42464e+07	 1.69816e+07	 3.94938e+07	 3.94938e+07	 
  0.0051	 3.76136e+07	 4.03777e+07	 4.03777e+07	 1.55031e+07	 3.60364e+07	 3.60364e+07	 
 0.00515	 3.42641e+07	 3.67815e+07	 3.67815e+07	 1.41274e+07	 3.28188e+07	 3.28188e+07	 
  0.0052	 3.12187e+07	 3.35122e+07	 3.35122e+07	 1.2873e+07	 2.986e+07	 2.986e+07	 
 0.00525	 2.8615e+07	 3.07169e+07	 3.07169e+07	 1.18016e+07	 2.73447e+07	 2.73447e+07	 
  0.0053	 2.60781e+07	 2.79934e+07	 2.79934e+07	 1.07572e+07	 2.48995e+07	 2.48995e+07	 
 0.00535	 2.36469e+07	 2.53832e+07	 2.53832e+07	 9.75726e+06	 2.25728e+07	 2.25728e+07	 
  0.0054	 2.14395e+07	 2.30134e+07	 2.30134e+07	 8.84949e+06	 2.04658e+07	 2.04658e+07	 
 0.00545	 1.95054e+07	 2.0937e+07	 2.0937e+07	 8.05432e+06	 1.86226e+07	 1.86226e+07	 
  0.0055	 1.7708e+07	 1.90071e+07	 1.90071e+07	 7.31616e+06	 1.69233e+07	 1.69233e+07	 
 0.00555	 1.60893e+07	 1.72694e+07	 1.72694e+07	 6.64949e+06	 1.53746e+07	 1.53746e+07	 
  0.0056	 1.46282e+07	 1.57008e+07	 1.57008e+07	 6.04786e+06	 1.39793e+07	 1.39793e+07	 
 0.00565	 1.33939e+07	 1.4376e+07	 1.4376e+07	 5.5382e+06	 1.27861e+07	 1.27861e+07	 
  0.0057	 1.21964e+07	 1.30906e+07	 1.30906e+07	 5.04365e+06	 1.16326e+07	 1.16326e+07	 
 0.00575	 1.10519e+07	 1.18621e+07	 1.18621e+07	 4.57138e+06	 1.05377e+07	 1.05377e+07	 
  0.0058	 9.99501e+06	 1.07275e+07	 1.07275e+07	 4.13545e+06	 9.52895e+06	 9.52895e+06	 
 0.00585	 9.08391e+06	 9.74945e+06	 9.74945e+06	 3.76015e+06	 8.66605e+06	 8.66605e+06	 
  0.0059	 8.2247e+06	 8.82707e+06	 8.82707e+06	 3.40622e+06	 7.85366e+06	 7.85366e+06	 
 0.00595	 7.45342e+06	 7.99913e+06	 7.99913e+06	 3.08817e+06	 7.12191e+06	 7.12191e+06	 
   0.006	 6.75006e+06	 7.24411e+06	 7.24411e+06	 2.79812e+06	 6.45544e+06	 6.45544e+06	 
 0.00605	 6.16369e+06	 6.61477e+06	 6.61477e+06	 2.55537e+06	 5.89048e+06	 5.89048e+06	 
  0.0061	 5.61773e+06	 6.02882e+06	 6.02882e+06	 2.3293e+06	 5.36287e+06	 5.36287e+06	 
 0.00615	 5.08645e+06	 5.45864e+06	 5.45864e+06	 2.1092e+06	 4.85248e+06	 4.85248e+06	 
  0.0062	 4.59338e+06	 4.92943e+06	 4.92943e+06	 1.90524e+06	 4.38214e+06	 4.38214e+06	 
 0.00625	 4.17169e+06	 4.47679e+06	 4.47679e+06	 1.73114e+06	 3.98333e+06	 3.98333e+06	 
  0.0063	 3.77825e+06	 4.05448e+06	 4.05448e+06	 1.56861e+06	 3.61155e+06	 3.61155e+06	 
 0.00635	 3.40841e+06	 3.65751e+06	 3.65751e+06	 1.41584e+06	 3.25814e+06	 3.25814e+06	 
  0.0064	 3.08418e+06	 3.30952e+06	 3.30952e+06	 1.28163e+06	 2.9507e+06	 2.9507e+06	 
 0.00645	 2.80056e+06	 3.00512e+06	 3.00512e+06	 1.1642e+06	 2.68077e+06	 2.68077e+06	 
  0.0065	 2.55086e+06	 2.73718e+06	 2.73718e+06	 1.06044e+06	 2.43672e+06	 2.43672e+06	 
 0.00655	 2.31135e+06	 2.48017e+06	 2.48017e+06	   960906	 2.2053e+06	 2.2053e+06	 
  0.0066	 2.08801e+06	 2.2405e+06	 2.2405e+06	   868249	 1.99415e+06	 1.99415e+06	 
 0.00665	 1.89273e+06	 2.03091e+06	 2.03091e+06	   787388	 1.80955e+06	 1.80955e+06	 
  0.0067	 1.71528e+06	 1.84047e+06	 1.84047e+06	   713864	 1.64136e+06	 1.64136e+06	 
 0.00675	 1.54154e+06	 1.65401e+06	 1.65401e+06	   641871	 1.47732e+06	 1.47732e+06	 
  0.0068	 1.39131e+06	 1.49281e+06	 1.49281e+06	   579454	 1.33463e+06	 1.33463e+06	 
 0.00685	 1.25944e+06	 1.35128e+06	 1.35128e+06	   524768	 1.20988e+06	 1.20988e+06	 
  0.0069	 1.14287e+06	 1.22621e+06	 1.22621e+06	   476255	 1.09698e+06	 1.09698e+06	 
 0.00695	 1.0387e+06	 1.11443e+06	 1.11443e+06	   432903	   996618	   996618	 
   0.007	   939617	 1.00811e+06	 1.00811e+06	   391710	   901832	   901832	 
 0.00705	   850732	   912734	   912734	   354771	   817005	   817005	 
  0.0071	   770572	   826716	   826716	   321462	   740769	   740769	 
 0.00715	   692652	   743107	   743107	   289055	   665912	   665912	 
  0.0072	   622742	   668094	   668094	   259964	   599434	   599434	 
 0.00725	   564234	   605313	   605313	   235631	   538965	   538965	 
  0.0073	   509783	   546888	   546888	   212980	   486012	   486012	 
 0.00735	   462990	   496685	   496685	   193464	   441538	   441538	 
  0.0074	   419575	   450105	   450105	   175359	   398959	   398959	 
 0.00745	   379668	   407288	   407288	   158724	   361209	   361209	 
  0.0075	   343085	   368041	   368041	   143462	   326336	   326336	 
 0.00755	   306426	   328720	   328720	   128087	   293372	   293372	 
  0.0076	   273568	   293470	   293470	   114372	   260781	   260781	 
 0.00765	   248476	   266547	   266547	   103924	   234067	   234067	 
  0.0077	   224125	   240419	   240419	  93787.2	   211456	   211456	 
 0.00775	   202222	   216923	   216923	  84633.8	   191325	   191325	 
  0.0078	   183563	   196905	   196905	  76836.9	   173739	   173739	 
 0.00785	   165834	   177886	   177886	    69425	   157020	   157020	 
  0.0079	   149793	   160678	   160678	  62722.2	   140543	   140543	 
 0.00795	   134090	   143836	   143836	  56132.9	   126598	   126598	 
   0.008	   119119	   127780	   127780	  49838.5	   112132	   112132	 
 0.00805	   107606	   115428	   115428	  45040.1	   101446	   101446	 
  0.0081	  97249.8	   104316	   104316	    40724	    91489	    91489	 
 0.00815	    87539	  93897.6	  93897.6	  36674.9	  81850.6	  81850.6	 
  0.0082	  79307.7	  85067.5	  85067.5	  33234.4	  72742.5	  72742.5	 
 0.00825	    71081	  76244.8	  76244.8	  29775.3	  65432.6	  65432.6	 
  0.0083	    64164	  68824.7	  68824.7	  26881.8	  58529.9	  58529.9	 
 0.00835	  57368.8	  61538.1	  61538.1	  24017.7	  51751.5	  51751.5	 
  0.0084	  51642.7	    55395	    55395	    21627	  46421.1	  46421.1	 
 0.00845	    46406	  49776.9	  49776.9	  19441.4	  39866.6	  39866.6	 
  0.0085	  41887.6	  44929.8	  44929.8	  17552.5	    36197	    36197	 
 0.00855	  36729.7	  39400.2	  39400.2	  15367.9	  30410.4	  30410.4	 
  0.0086	  33004.7	    35404	    35404	  13812.6	  27439.5	  27439.5	 
 0.00865	  29578.6	  31729.5	  31729.5	  12373.6	  24797.7	  24797.7	 
  0.0087	  26279.7	  28192.6	  28192.6	  10977.7	  22367.7	  22367.7	 
 0.00875	  23637.2	  25357.9	  25357.9	  9872.96	  20259.6	  20259.6	 
  0.0088	    21185	  22727.3	  22727.3	  8847.55	  15537.2	  15537.2	 
 0.00885	  18360.2	  19699.4	  19699.4	  7647.91	  13801.3	  13801.3	 
  0.0089	  16599.9	  17810.3	  17810.3	   6917.8	  12511.3	  12511.3	 
 0.00895	  14028.6	  15053.8	  15053.8	  5827.75	  11112.2	  11112.2	 
   0.009	  12571.4	  13489.8	  13489.8	  5224.69	  9988.82	  9988.82	 
 0.00905	  11338.6	  12166.9	  12166.9	  4713.45	  9058.54	  9058.54	 
  0.0091	  10290.2	  11041.7	  11041.7	  4278.79	  8231.87	  8231.87	 
 0.00915	  9324.74	  10005.6	  10005.6	  3878.49	  7483.37	  7483.37	 
  0.0092	  7041.81	   7559.5	   7559.5	  2900.74	  6496.75	  6496.75	 
 0.00925	  6335.84	  6801.52	  6801.52	  2610.78	  5853.18	  5853.18	 
  0.0093	  5686.81	  6104.69	  6104.69	  2344.09	  5261.56	  5261.56	 
 0.00935	  5154.75	  5533.36	  5533.36	  2126.18	  4778.81	  4778.81	 
  0.0094	  4623.25	  4962.71	  4962.71	   1907.8	  4295.07	  4295.07	 
 0.00945	  4156.51	  4461.61	  4461.61	  1715.93	  3868.31	  3868.31	 
  0.0095	  3777.25	  4054.44	  4054.44	  1559.94	   3339.7	   3339.7	 
 0.00955	  3428.71	  3680.26	  3680.26	   1416.5	  2260.95	  2260.95	 
  0.0096	  3125.67	  3354.89	  3354.89	  1292.11	  2061.12	  2061.12	 
 0.00965	  2823.19	  3030.17	  3030.17	  1167.52	  1861.05	  1861.05	 
  0.0097	     2521	  2705.82	  2705.82	  1042.66	  1660.67	  1660.67	 
 0.00975	  2286.65	  2454.21	  2454.21	  946.329	   886.12	   886.12	 
  0.0098	  2059.54	   2210.4	   2210.4	  852.753	  793.023	  793.023	 
 0.00985	  1838.94	  1973.61	  1973.61	  761.634	  526.292	  526.292	 
  0.0099	   1621.5	  1740.33	  1740.33	  670.913	  463.552	  463.552	 
 0.00995	   1377.9	  1479.13	  1479.13	  568.161	  403.523	  403.523	 
    0.01	  913.885	  981.905	  981.905	  369.776	  295.677	  295.677	 
 0.01005	  827.497	  889.071	  889.071	  334.954	  269.613	  269.613	 
  0.0101	  741.421	  796.593	  796.593	  300.087	  243.526	  243.526	 
 0.01015	  302.604	  326.233	  326.233	  113.589	  141.623	  141.623	 
  0.0102	  270.186	  291.296	  291.296	  101.324	  126.838	  126.838	 
 0.01025	  238.075	  256.704	  256.704	  89.0579	  112.051	  112.051	 
  0.0103	   109.96	  119.224	  119.224	  35.8548	  76.7952	  76.7952	 
 0.01035	  99.4498	  107.825	  107.825	  32.4552	  16.2276	  16.2276	 
  0.0104	  91.8324	  99.5417	  99.5417	  30.1642	  15.0821	  15.0821	 
 0.01045	  84.4224	  91.4917	  91.4917	  27.8732	  13.9366	  13.9366	 
  0.0105	  77.2001	  83.6531	  83.6531	  25.5821	  12.7911	  12.7911	 
 0.01055	  70.1479	  76.0056	  76.0056	  23.2911	  11.6455	  11.6455	 
  0.0106	  63.2492	  68.5308	  68.5308	       21	     10.5	     10.5	 
 0.01065	  56.4896	  61.2127	  61.2127	  18.7088	  9.35442	  9.35442	 
  0.0107	  49.8558	  54.0359	  54.0359	  16.4177	  8.20884	  8.20884	 
 0.01075	  21.9256	  24.0357	  24.0357	  5.04655	  2.52328	  2.52328	 
  0.0108	   8.9959	  10.1205	  10.1205	 1.27446e-32	 1.27446e-32	 1.27446e-32	 
 0.01085	  8.12372	  9.13929	  9.13929	 1.27446e-32	 1.27446e-32	 1.27446e-32	 
  0.0109	  7.33588	  8.25296	  8.25296	 1.27446e-32	 1.27446e-32	 1.27446e-32	 
 0.01095	  6.62413	  7.45223	  7.45223	 1.27446e-32	 1.27446e-32	 1.27446e-32	 
   0.011	  5.98106	  6.72877	  6.72877	 1.27446e-32	 1.27446e-32	 1.27446e-32	 
 0.01105	  5.39979	  6.07483	  6.07483	 1.27446e-32	 1.27446e-32	 1.27446e-32	 
  0.0111	  4.87511	  5.48456	  5.48456	 1.27446e-32	 1.27446e-32	 1.27446e-32	 
 0.01115	  4.40098	  4.95116	  4.95116	 1.27446e-32	 1.27446e-32	 1.27446e-32	 
  0.0112	  3.97272	  4.46936	  4.46936	 1.27446e-32	 1.27446e-32	 1.27446e-32	 
 0.01125	  3.58594	  4.03423	  4.03423	 1.27446e-32	 1.27446e-32	 1.27446e-32	 
  0.0113	   3.2368	  3.64144	  3.64144	 1.27446e-32	 1.27446e-32	 1.27446e-32	 
 0.01135	  2.92144	  3.28666	  3.28666	 1.27446e-32	 1.27446e-32	 1.27446e-32	 
  0.0114	  2.63658	  2.96618	  2.96618	 1.27446e-32	 1.27446e-32	 1.27446e-32	 
 0.01145	   2.3794	  2.67686	  2.67686	 1.27446e-32	 1.27446e-32	 1.27446e-32	 
  0.0115	   2.1472	  2.41563	  2.41563	 1.27446e-32	 1.27446e-32	 1.27446e-32	 
 0.01155	  1.93755	  2.17976	  2.17976	 1.27446e-32	 1.27446e-32	 1.27446e-32	 
  0.0116	  1.74828	  1.96683	  1.96683	 1.27446e-32	 1.27446e-32	 1.27446e-32	 
 0.01165	  1.57741	  1.77461	  1.77461	 1.27446e-32	 1.27446e-32	 1.27446e-32	 
  0.0117	  1.42317	  1.60108	  1.60108	 1.27446e-32	 1.27446e-32	 1.27446e-32	 
 0.01175	  1.28395	  1.44446	  1.44446	 1.27446e-32	 1.27446e-32	 1.27446e-32	 
  0.0118	  1.15828	  1.30307	  1.30307	 1.27446e-32	 1.27446e-32	 1.27446e-32	 
 0.01185	  1.04485	  1.17547	  1.17547	 1.27446e-32	 1.27446e-32	 1.27446e-32	 
  0.0119	 0.942498	  1.06032	  1.06032	 1.27446e-32	 1.27446e-32	 1.27446e-32	 
 0.01195	 0.850144	 0.956423	 0.956423	 1.27446e-32	 1.27446e-32	 1.27446e-32	 
   0.012	 0.766772	 0.862628	 0.862628	 1.27446e-32	 1.27446e-32	 1.27446e-32	 
 0.01205	 0.691559	 0.778013	 0.778013	 1.27446e-32	 1.27446e-32	 1.27446e-32	 
  0.0121	  0.62368	 0.701648	 0.701648	 1.27446e-32	 1.27446e-32	 1.27446e-32	 
 0.01215	  0.56245	 0.632763	 0.632763	 1.27446e-32	 1.27446e-32	 1.27446e-32	 
  0.0122	 0.507207	 0.570615	 0.570615	 1.27446e-32	 1.27446e-32	 1.27446e-32	 
 0.01225	 0.457349	 0.514523	 0.514523	 1.27446e-32	 1.27446e-32	 1.27446e-32	 
  0.0123	 0.412408	 0.463964	 0.463964	 1.27446e-32	 1.27446e-32	 1.27446e-32	 
 0.01235	 0.371835	 0.418319	 0.418319	 1.27446e-32	 1.27446e-32	 1.27446e-32	 
  0.0124	 0.335245	 0.377155	 0.377155	 1.27446e-32	 1.27446e-32	 1.27446e-32	 
 0.01245	 0.302253	 0.340039	 0.340039	 1.27446e-32	 1.27446e-32	 1.27446e-32	 
  0.0125	 0.272481	 0.306545	 0.306545	 1.27446e-32	 1.27446e-32	 1.27446e-32	 
 0.01255	 0.245635	 0.276342	 0.276342	 1.27446e-32	 1.27446e-32	 1.27446e-32	 
  0.0126	 0.221425	 0.249106	 0.249106	 1.27446e-32	 1.27446e-32	 1.27446e-32	 
 0.01265	 0.199592	 0.224544	 0.224544	 1.27446e-32	 1.27446e-32	 1.27446e-32	 
  0.0127	 0.179904	 0.202395	 0.202395	 1.27446e-32	 1.27446e-32	 1.27446e-32	 
 0.01275	  0.16215	 0.182421	 0.182421	 1.27446e-32	 1.27446e-32	 1.27446e-32	 
  0.0128	 0.146141	  0.16441	  0.16441	 1.27446e-32	 1.27446e-32	 1.27446e-32	 
 0.01285	 0.131708	 0.148173	 0.148173	 1.27446e-32	 1.27446e-32	 1.27446e-32	 
  0.0129	 0.118695	 0.133534	 0.133534	 1.27446e-32	 1.27446e-32	 1.27446e-32	 
 0.01295	 0.106963	 0.120335	 0.120335	 1.27446e-32	 1.27446e-32	 1.27446e-32	 
   0.013	 0.096387	 0.108437	 0.108437	 1.27446e-32	 1.27446e-32	 1.27446e-32	 
 0.01305	 0.0868521	 0.0977097	 0.0977097	 1.27446e-32	 1.27446e-32	 1.27446e-32	 
  0.0131	 0.0782595	 0.0880429	 0.0880429	 1.27446e-32	 1.27446e-32	 1.27446e-32	 
 0.01315	 0.0705102	 0.0793248	 0.0793248	 1.27446e-32	 1.27446e-32	 1.27446e-32	 
  0.0132	  0.06353	 0.0714721	 0.0714721	 1.27446e-32	 1.27446e-32	 1.27446e-32	 
 0.01325	 0.0572339	 0.0643889	 0.0643889	 1.27446e-32	 1.27446e-32	 1.27446e-32	 
  0.0133	 0.0515641	 0.0580102	 0.0580102	 1.27446e-32	 1.27446e-32	 1.27446e-32	 
 0.01335	 0.0464519	 0.052259	 0.052259	 1.27446e-32	 1.27446e-32	 1.27446e-32	 
  0.0134	 0.0418452	 0.0470763	 0.0470763	 1.27446e-32	 1.27446e-32	 1.27446e-32	 
 0.01345	 0.0376917	 0.0424036	 0.0424036	 1.27446e-32	 1.27446e-32	 1.27446e-32	 
  0.0135	 0.0339503	 0.0381945	 0.0381945	 1.27446e-32	 1.27446e-32	 1.27446e-32	 
 0.01355	 0.0305797	 0.0344025	 0.0344025	 1.27446e-32	 1.27446e-32	 1.27446e-32	 
  0.0136	 0.0275442	 0.0309876	 0.0309876	 1.27446e-32	 1.27446e-32	 1.27446e-32	 
 0.01365	 0.0248066	 0.0279077	 0.0279077	 1.27446e-32	 1.27446e-32	 1.27446e-32	 
  0.0137	 0.0223409	 0.0251337	 0.0251337	 1.27446e-32	 1.27446e-32	 1.27446e-32	 
 0.01375	 0.0201196	 0.0226348	 0.0226348	 1.27446e-32	 1.27446e-32	 1.27446e-32	 
  0.0138	 0.0181184	 0.0203835	 0.0203835	 1.27446e-32	 1.27446e-32	 1.27446e-32	 
 0.01385	 0.0163158	 0.0183555	 0.0183555	 1.27446e-32	 1.27446e-32	 1.27446e-32	 
  0.0139	 0.0146918	 0.0165285	 0.0165285	 1.27446e-32	 1.27446e-32	 1.27446e-32	 
 0.01395	 0.013229	 0.0148828	 0.0148828	 1.27446e-32	 1.27446e-32	 1.27446e-32	 
   0.014	 0.0119116	 0.0134007	 0.0134007	 1.27446e-32	 1.27446e-32	 1.27446e-32	 
 0.01405	 0.0107249	 0.0120656	 0.0120656	 1.27446e-32	 1.27446e-32	 1.27446e-32	 
  0.0141	 0.00965573	 0.0108628	 0.0108628	 1.27446e-32	 1.27446e-32	 1.27446e-32	 
 0.01415	 0.00869318	 0.00977994	 0.00977994	 1.27446e-32	 1.27446e-32	 1.27446e-32	 
  0.0142	 0.00782622	 0.0088046	 0.0088046	 1.27446e-32	 1.27446e-32	 1.27446e-32	 
 0.01425	 0.00704552	 0.0079263	 0.0079263	 1.27446e-32	 1.27446e-32	 1.27446e-32	 
  0.0143	 0.00634229	 0.00713516	 0.00713516	 1.27446e-32	 1.27446e-32	 1.27446e-32	 
 0.01435	 0.0057091	 0.00642281	 0.00642281	 1.27446e-32	 1.27446e-32	 1.27446e-32	 
  0.0144	 0.0051391	 0.00578155	 0.00578155	 1.27446e-32	 1.27446e-32	 1.27446e-32	 
 0.01445	 0.00462568	 0.00520395	 0.00520395	 1.27446e-32	 1.27446e-32	 1.27446e-32	 
  0.0145	 0.00416336	 0.00468384	 0.00468384	 1.27446e-32	 1.27446e-32	 1.27446e-32	 
 0.01455	 0.00374719	 0.00421564	 0.00421564	 1.27446e-32	 1.27446e-32	 1.27446e-32	 
  0.0146	 0.0033725	 0.00379411	 0.00379411	 1.27446e-32	 1.27446e-32	 1.27446e-32	 
 0.01465	 0.00303517	 0.0034146	 0.0034146	 1.27446e-32	 1.27446e-32	 1.27446e-32	 
  0.0147	 0.0027316	 0.00307308	 0.00307308	 1.27446e-32	 1.27446e-32	 1.27446e-32	 
 0.01475	 0.00245821	 0.00276552	 0.00276552	 1.27446e-32	 1.27446e-32	 1.27446e-32	 
  0.0148	 0.00221214	 0.00248868	 0.00248868	 1.27446e-32	 1.27446e-32	 1.27446e-32	 
 0.01485	 0.00199059	 0.00223944	 0.00223944	 1.27446e-32	 1.27446e-32	 1.27446e-32	 
  0.0149	 0.00179119	 0.00201511	 0.00201511	 1.27446e-32	 1.27446e-32	 1.27446e-32	 
 0.01495	 0.00161172	 0.00181321	 0.00181321	 1.27446e-32	 1.27446e-32	 1.27446e-32	 
   0.015	 0.00145017	 0.00163146	 0.00163146	 1.27446e-32	 1.27446e-32	 1.27446e-32	 
 0.01505	 0.00130477	 0.00146789	 0.00146789	 1.27446e-32	 1.27446e-32	 1.27446e-32	 
  0.0151	 0.00117391	 0.00132066	 0.00132066	 1.27446e-32	 1.27446e-32	 1.27446e-32	 
 0.01515	 0.00105614	 0.00118817	 0.00118817	 1.27446e-32	 1.27446e-32	 1.27446e-32	 
  0.0152	 0.000950162	 0.00106894	 0.00106894	 1.27446e-32	 1.27446e-32	 1.27446e-32	 
 0.01525	 0.000854786	 0.000961645	 0.000961645	 1.27446e-32	 1.27446e-32	 1.27446e-32	 
  0.0153	 0.00076897	 0.000865101	 0.000865101	 1.27446e-32	 1.27446e-32	 1.27446e-32	 
 0.01535	 0.000691724	 0.000778198	 0.000778198	 1.27446e-32	 1.27446e-32	 1.27446e-32	 
  0.0154	 0.000622224	 0.00070001	 0.00070001	 1.27446e-32	 1.27446e-32	 1.27446e-32	 
 0.01545	 0.000559703	 0.000629673	 0.000629673	 1.27446e-32	 1.27446e-32	 1.27446e-32	 
  0.0155	 0.000503444	 0.000566381	 0.000566381	 1.27446e-32	 1.27446e-32	 1.27446e-32	 
 0.01555	 0.000452816	 0.000509424	 0.000509424	 1.27446e-32	 1.27446e-32	 1.27446e-32	 
  0.0156	 0.000407271	 0.000458185	 0.000458185	 1.27446e-32	 1.27446e-32	 1.27446e-32	 
 0.01565	 0.000366313	 0.000412107	 0.000412107	 1.27446e-32	 1.27446e-32	 1.27446e-32	 
  0.0157	 0.000329449	 0.000370634	 0.000370634	 1.27446e-32	 1.27446e-32	 1.27446e-32	 
 0.01575	 0.000296265	 0.000333302	 0.000333302	 1.27446e-32	 1.27446e-32	 1.27446e-32	 
  0.0158	 0.000266446	 0.000299755	 0.000299755	 1.27446e-32	 1.27446e-32	 1.27446e-32	 
 0.01585	 0.00023961	 0.000269565	 0.000269565	 1.27446e-32	 1.27446e-32	 1.27446e-32	 
  0.0159	 0.000215472	 0.000242409	 0.000242409	 1.27446e-32	 1.27446e-32	 1.27446e-32	 
 0.01595	 0.00019376	 0.000217983	 0.000217983	 1.27446e-32	 1.27446e-32	 1.27446e-32	 
   0.016	 0.000174229	 0.00019601	 0.00019601	 1.27446e-32	 1.27446e-32	 1.27446e-32	 
 0.01605	 0.000156665	 0.00017625	 0.00017625	 1.27446e-32	 1.27446e-32	 1.27446e-32	 
  0.0161	 0.000140864	 0.000158474	 0.000158474	 1.27446e-32	 1.27446e-32	 1.27446e-32	 
 0.01615	 0.000126654	 0.000142487	 0.000142487	 1.27446e-32	 1.27446e-32	 1.27446e-32	 
  0.0162	 0.000113874	 0.00012811	 0.00012811	 1.27446e-32	 1.27446e-32	 1.27446e-32	 
 0.01625	 0.000102381	 0.00011518	 0.00011518	 1.27446e-32	 1.27446e-32	 1.27446e-32	 
  0.0163	 9.20467e-05	 0.000103554	 0.000103554	 1.27446e-32	 1.27446e-32	 1.27446e-32	 
 0.01635	 8.27508e-05	 9.30957e-05	 9.30957e-05	 1.27446e-32	 1.27446e-32	 1.27446e-32	 
  0.0164	 7.43944e-05	 8.36947e-05	 8.36947e-05	 1.27446e-32	 1.27446e-32	 1.27446e-32	 
 0.01645	 6.68786e-05	 7.52393e-05	 7.52393e-05	 1.27446e-32	 1.27446e-32	 1.27446e-32	 
  0.0165	 6.01182e-05	 6.76338e-05	 6.76338e-05	 1.27446e-32	 1.27446e-32	 1.27446e-32	 
 0.01655	 5.40419e-05	 6.07978e-05	 6.07978e-05	 1.27446e-32	 1.27446e-32	 1.27446e-32	 
  0.0166	 4.85781e-05	 5.4651e-05	 5.4651e-05	 1.27446e-32	 1.27446e-32	 1.27446e-32	 
 0.01665	 4.36664e-05	 4.91253e-05	 4.91253e-05	 1.27446e-32	 1.27446e-32	 1.27446e-32	 
  0.0167	 3.92492e-05	 4.41559e-05	 4.41559e-05	 1.27446e-32	 1.27446e-32	 1.27446e-32	 
 0.01675	 3.5277e-05	 3.96871e-05	 3.96871e-05	 1.27446e-32	 1.27446e-32	 1.27446e-32	 
  0.0168	 3.17087e-05	 3.56727e-05	 3.56727e-05	 1.27446e-32	 1.27446e-32	 1.27446e-32	 
 0.01685	 2.84974e-05	 3.206e-05	 3.206e-05	 1.27446e-32	 1.27446e-32	 1.27446e-32	 
  0.0169	 2.56125e-05	 2.88144e-05	 2.88144e-05	 1.27446e-32	 1.27446e-32	 1.27446e-32	 
 0.01695	 2.30185e-05	 2.58962e-05	 2.58962e-05	 1.27446e-32	 1.27446e-32	 1.27446e-32	 
   0.017	 2.06869e-05	 2.3273e-05	 2.3273e-05	 1.27446e-32	 1.27446e-32	 1.27446e-32	 
 0.01705	 1.85906e-05	 2.09147e-05	 2.09147e-05	 1.27446e-32	 1.27446e-32	 1.27446e-32	 
  0.0171	 1.67067e-05	 1.87953e-05	 1.87953e-05	 1.27446e-32	 1.27446e-32	 1.27446e-32	 
 0.01715	 1.50129e-05	 1.68897e-05	 1.68897e-05	 1.27446e-32	 1.27446e-32	 1.27446e-32	 
  0.0172	 1.34908e-05	 1.51773e-05	 1.51773e-05	 1.27446e-32	 1.27446e-32	 1.27446e-32	 
 0.01725	 1.21225e-05	 1.3638e-05	 1.3638e-05	 1.27446e-32	 1.27446e-32	 1.27446e-32	 
  0.0173	 1.0893e-05	 1.22547e-05	 1.22547e-05	 1.27446e-32	 1.27446e-32	 1.27446e-32	 
 0.01735	 9.78759e-06	 1.10112e-05	 1.10112e-05	 1.27446e-32	 1.27446e-32	 1.27446e-32	 
  0.0174	 8.79427e-06	 9.89366e-06	 9.89366e-06	 1.27446e-32	 1.27446e-32	 1.27446e-32	 
 0.01745	 7.90177e-06	 8.88959e-06	 8.88959e-06	 1.27446e-32	 1.27446e-32	 1.27446e-32	 
  0.0175	 7.09936e-06	 7.98687e-06	 7.98687e-06	 1.27446e-32	 1.27446e-32	 1.27446e-32	 
 0.01755	 6.37828e-06	 7.17564e-06	 7.17564e-06	 1.27446e-32	 1.27446e-32	 1.27446e-32	 
  0.0176	 5.73053e-06	 6.44692e-06	 6.44692e-06	 1.27446e-32	 1.27446e-32	 1.27446e-32	 
 0.01765	 5.14817e-06	 5.79175e-06	 5.79175e-06	 1.27446e-32	 1.27446e-32	 1.27446e-32	 
  0.0177	 4.62514e-06	 5.20334e-06	 5.20334e-06	 1.27446e-32	 1.27446e-32	 1.27446e-32	 
 0.01775	 4.15512e-06	 4.67456e-06	 4.67456e-06	 1.27446e-32	 1.27446e-32	 1.27446e-32	 
  0.0178	 3.73263e-06	 4.19926e-06	 4.19926e-06	 1.27446e-32	 1.27446e-32	 1.27446e-32	 
 0.01785	 3.353e-06	 3.77216e-06	 3.77216e-06	 1.27446e-32	 1.27446e-32	 1.27446e-32	 
  0.0179	 3.01209e-06	 3.38864e-06	 3.38864e-06	 1.27446e-32	 1.27446e-32	 1.27446e-32	 
 0.01795	 2.70558e-06	 3.04381e-06	 3.04381e-06	 1.27446e-32	 1.27446e-32	 1.27446e-32	 
   0.018	 2.43028e-06	 2.73409e-06	 2.73409e-06	 1.27446e-32	 1.27446e-32	 1.27446e-32	 
 0.01805	 2.18294e-06	 2.45583e-06	 2.45583e-06	 1.27446e-32	 1.27446e-32	 1.27446e-32	 
  0.0181	 1.9607e-06	 2.20582e-06	 2.20582e-06	 1.27446e-32	 1.27446e-32	 1.27446e-32	 
 0.01815	 1.76108e-06	 1.98124e-06	 1.98124e-06	 1.27446e-32	 1.27446e-32	 1.27446e-32	 
  0.0182	 1.58173e-06	 1.77946e-06	 1.77946e-06	 1.27446e-32	 1.27446e-32	 1.27446e-32	 
 0.01825	 1.42061e-06	 1.59821e-06	 1.59821e-06	 1.27446e-32	 1.27446e-32	 1.27446e-32	 
  0.0183	 1.27587e-06	 1.43538e-06	 1.43538e-06	 1.27446e-32	 1.27446e-32	 1.27446e-32	 
 0.01835	 1.14589e-06	 1.28914e-06	 1.28914e-06	 1.27446e-32	 1.27446e-32	 1.27446e-32	 
  0.0184	 1.02908e-06	 1.15773e-06	 1.15773e-06	 1.27446e-32	 1.27446e-32	 1.27446e-32	 
 0.01845	 9.24176e-07	 1.03971e-06	 1.03971e-06	 1.27446e-32	 1.27446e-32	 1.27446e-32	 
  0.0185	 8.29953e-07	 9.33708e-07	 9.33708e-07	 1.27446e-32	 1.27446e-32	 1.27446e-32	 
 0.01855	 7.4529e-07	 8.38461e-07	 8.38461e-07	 1.27446e-32	 1.27446e-32	 1.27446e-32	 
  0.0186	 6.69281e-07	 7.52949e-07	 7.52949e-07	 1.27446e-32	 1.27446e-32	 1.27446e-32	 
 0.01865	 6.0099e-07	 6.76121e-07	 6.76121e-07	 1.27446e-32	 1.27446e-32	 1.27446e-32	 
  0.0187	 5.39677e-07	 6.07143e-07	 6.07143e-07	 1.27446e-32	 1.27446e-32	 1.27446e-32	 
 0.01875	 4.846e-07	 5.45181e-07	 5.45181e-07	 1.27446e-32	 1.27446e-32	 1.27446e-32	 
  0.0188	 4.35126e-07	 4.89522e-07	 4.89522e-07	 1.27446e-32	 1.27446e-32	 1.27446e-32	 
 0.01885	 3.90679e-07	 4.39519e-07	 4.39519e-07	 1.27446e-32	 1.27446e-32	 1.27446e-32	 
  0.0189	 3.50793e-07	 3.94646e-07	 3.94646e-07	 1.27446e-32	 1.27446e-32	 1.27446e-32	 
 0.01895	 3.14972e-07	 3.54347e-07	 3.54347e-07	 1.27446e-32	 1.27446e-32	 1.27446e-32	 
   0.019	 2.82777e-07	 3.18128e-07	 3.18128e-07	 1.27446e-32	 1.27446e-32	 1.27446e-32	 
 0.01905	 2.53887e-07	 2.85626e-07	 2.85626e-07	 1.27446e-32	 1.27446e-32	 1.27446e-32	 
  0.0191	 2.27938e-07	 2.56434e-07	 2.56434e-07	 1.27446e-32	 1.27446e-32	 1.27446e-32	 
 0.01915	 2.04638e-07	 2.30221e-07	 2.30221e-07	 1.27446e-32	 1.27446e-32	 1.27446e-32	 
  0.0192	 1.83717e-07	 2.06684e-07	 2.06684e-07	 1.27446e-32	 1.27446e-32	 1.27446e-32	 
 0.01925	 1.6493e-07	 1.85549e-07	 1.85549e-07	 1.27446e-32	 1.27446e-32	 1.27446e-32	 
  0.0193	 1.48061e-07	 1.6657e-07	 1.6657e-07	 1.27446e-32	 1.27446e-32	 1.27446e-32	 
 0.01935	 1.32914e-07	 1.4953e-07	 1.4953e-07	 1.27446e-32	 1.27446e-32	 1.27446e-32	 
  0.0194	 1.19313e-07	 1.34229e-07	 1.34229e-07	 1.27446e-32	 1.27446e-32	 1.27446e-32	 
 0.01945	 1.07106e-07	 1.20495e-07	 1.20495e-07	 1.27446e-32	 1.27446e-32	 1.27446e-32	 
  0.0195	 9.61425e-08	 1.08162e-07	 1.08162e-07	 1.27446e-32	 1.27446e-32	 1.27446e-32	 
 0.01955	 8.63e-08	 9.70886e-08	 9.70886e-08	 1.27446e-32	 1.27446e-32	 1.27446e-32	 
  0.0196	 7.74628e-08	 8.71467e-08	 8.71467e-08	 1.27446e-32	 1.27446e-32	 1.27446e-32	 
 0.01965	 6.95295e-08	 7.82216e-08	 7.82216e-08	 1.27446e-32	 1.27446e-32	 1.27446e-32	 
  0.0197	 6.24092e-08	 7.02112e-08	 7.02112e-08	 1.27446e-32	 1.27446e-32	 1.27446e-32	 
 0.01975	 5.60142e-08	 6.30167e-08	 6.30167e-08	 1.27446e-32	 1.27446e-32	 1.27446e-32	 
  0.0198	 5.02757e-08	 5.65608e-08	 5.65608e-08	 1.27446e-32	 1.27446e-32	 1.27446e-32	 
 0.01985	 4.51223e-08	 5.07632e-08	 5.07632e-08	 1.27446e-32	 1.27446e-32	 1.27446e-32	 
  0.0199	 4.04964e-08	 4.55589e-08	 4.55589e-08	 1.27446e-32	 1.27446e-32	 1.27446e-32	 
 0.01995	 3.63457e-08	 4.08893e-08	 4.08893e-08	 1.27446e-32	 1.27446e-32	 1.27446e-32	 
    0.02	 3.2618e-08	 3.66956e-08	 3.66956e-08	 1.27446e-32	 1.27446e-32	 1.27446e-32	 
 0.02005	 2.92749e-08	 3.29346e-08	 3.29346e-08	 1.27446e-32	 1.27446e-32	 1.27446e-32	 
  0.0201	 2.6271e-08	 2.95552e-08	 2.95552e-08	 1.27446e-32	 1.27446e-32	 1.27446e-32	 
 0.02015	 2.35759e-08	 2.65232e-08	 2.65232e-08	 1.27446e-32	 1.27446e-32	 1.27446e-32	 
  0.0202	 2.11569e-08	 2.38018e-08	 2.38018e-08	 1.27446e-32	 1.27446e-32	 1.27446e-32	 
 0.02025	 1.89857e-08	 2.13591e-08	 2.13591e-08	 1.27446e-32	 1.27446e-32	 1.27446e-32	 
  0.0203	 1.70369e-08	 1.91668e-08	 1.91668e-08	 1.27446e-32	 1.27446e-32	 1.27446e-32	 
 0.02035	 1.52879e-08	 1.71991e-08	 1.71991e-08	 1.27446e-32	 1.27446e-32	 1.27446e-32	 
  0.0204	 1.37183e-08	 1.54332e-08	 1.54332e-08	 1.27446e-32	 1.27446e-32	 1.27446e-32	 
 0.02045	 1.23093e-08	 1.38482e-08	 1.38482e-08	 1.27446e-32	 1.27446e-32	 1.27446e-32	 
  0.0205	 1.10452e-08	 1.2426e-08	 1.2426e-08	 1.27446e-32	 1.27446e-32	 1.27446e-32	 
 0.02055	 9.91038e-09	 1.11493e-08	 1.11493e-08	 1.27446e-32	 1.27446e-32	 1.27446e-32	 
  0.0206	 8.89234e-09	 1.0004e-08	 1.0004e-08	 1.27446e-32	 1.27446e-32	 1.27446e-32	 
 0.02065	 7.97841e-09	 8.97581e-09	 8.97581e-09	 1.27446e-32	 1.27446e-32	 1.27446e-32	 
  0.0207	 7.15842e-09	 8.05332e-09	 8.05332e-09	 1.27446e-32	 1.27446e-32	 1.27446e-32	 
 0.02075	 6.4225e-09	 7.22539e-09	 7.22539e-09	 1.27446e-32	 1.27446e-32	 1.27446e-32	 
  0.0208	 5.76212e-09	 6.48246e-09	 6.48246e-09	 1.27446e-32	 1.27446e-32	 1.27446e-32	 
 0.02085	 5.16987e-09	 5.81617e-09	 5.81617e-09	 1.27446e-32	 1.27446e-32	 1.27446e-32	 
  0.0209	 4.63805e-09	 5.21786e-09	 5.21786e-09	 1.27446e-32	 1.27446e-32	 1.27446e-32	 
 0.02095	 4.16089e-09	 4.68105e-09	 4.68105e-09	 1.27446e-32	 1.27446e-32	 1.27446e-32	 
   0.021	 3.73291e-09	 4.19957e-09	 4.19957e-09	 1.27446e-32	 1.27446e-32	 1.27446e-32	 
 0.02105	 3.34888e-09	 3.76753e-09	 3.76753e-09	 1.27446e-32	 1.27446e-32	 1.27446e-32	 
  0.0211	 3.00413e-09	 3.37968e-09	 3.37968e-09	 1.27446e-32	 1.27446e-32	 1.27446e-32	 
 0.02115	 2.69498e-09	 3.03189e-09	 3.03189e-09	 1.27446e-32	 1.27446e-32	 1.27446e-32	 
  0.0212	 2.41756e-09	 2.71978e-09	 2.71978e-09	 1.27446e-32	 1.27446e-32	 1.27446e-32	 
 0.02125	 2.16865e-09	 2.43976e-09	 2.43976e-09	 1.27446e-32	 1.27446e-32	 1.27446e-32	 
  0.0213	 1.94532e-09	 2.18851e-09	 2.18851e-09	 1.27446e-32	 1.27446e-32	 1.27446e-32	 
 0.02135	 1.74498e-09	 1.96313e-09	 1.96313e-09	 1.27446e-32	 1.27446e-32	 1.27446e-32	 
  0.0214	 1.56524e-09	 1.76092e-09	 1.76092e-09	 1.27446e-32	 1.27446e-32	 1.27446e-32	 
 0.02145	 1.404e-09	 1.57951e-09	 1.57951e-09	 1.27446e-32	 1.27446e-32	 1.27446e-32	 
  0.0215	 1.25931e-09	 1.41674e-09	 1.41674e-09	 1.27446e-32	 1.27446e-32	 1.27446e-32	 
 0.02155	 1.12954e-09	 1.27075e-09	 1.27075e-09	 1.27446e-32	 1.27446e-32	 1.27446e-32	 
  0.0216	 1.01312e-09	 1.13978e-09	 1.13978e-09	 1.27446e-32	 1.27446e-32	 1.27446e-32	 
 0.02165	 9.08682e-10	 1.02228e-09	 1.02228e-09	 1.27446e-32	 1.27446e-32	 1.27446e-32	 
  0.0217	 8.15009e-10	 9.16896e-10	 9.16896e-10	 1.27446e-32	 1.27446e-32	 1.27446e-32	 
 0.02175	 7.30979e-10	 8.2236e-10	 8.2236e-10	 1.27446e-32	 1.27446e-32	 1.27446e-32	 
  0.0218	 6.55573e-10	 7.37528e-10	 7.37528e-10	 1.27446e-32	 1.27446e-32	 1.27446e-32	 
 0.02185	 5.87969e-10	 6.61473e-10	 6.61473e-10	 1.27446e-32	 1.27446e-32	 1.27446e-32	 
  0.0219	 5.27316e-10	 5.93237e-10	 5.93237e-10	 1.27446e-32	 1.27446e-32	 1.27446e-32	 
 0.02195	 4.72897e-10	 5.32015e-10	 5.32015e-10	 1.27446e-32	 1.27446e-32	 1.27446e-32	 
   0.022	 4.24111e-10	 4.7713e-10	 4.7713e-10	 1.27446e-32	 1.27446e-32	 1.27446e-32	 
 0.02205	 3.80323e-10	 4.27868e-10	 4.27868e-10	 1.27446e-32	 1.27446e-32	 1.27446e-32	 
  0.0221	 3.41068e-10	 3.83706e-10	 3.83706e-10	 1.27446e-32	 1.27446e-32	 1.27446e-32	 
 0.02215	 3.05879e-10	 3.44118e-10	 3.44118e-10	 1.27446e-32	 1.27446e-32	 1.27446e-32	 
  0.0222	 2.74286e-10	 3.08575e-10	 3.08575e-10	 1.27446e-32	 1.27446e-32	 1.27446e-32	 
 0.02225	 2.45961e-10	 2.7671e-10	 2.7671e-10	 1.27446e-32	 1.27446e-32	 1.27446e-32	 
  0.0223	 2.2056e-10	 2.48133e-10	 2.48133e-10	 1.27446e-32	 1.27446e-32	 1.27446e-32	 
 0.02235	 1.97776e-10	 2.22501e-10	 2.22501e-10	 1.27446e-32	 1.27446e-32	 1.27446e-32	 
  0.0224	 1.77344e-10	 1.99514e-10	 1.99514e-10	 1.27446e-32	 1.27446e-32	 1.27446e-32	 
 0.02245	 1.59021e-10	 1.78901e-10	 1.78901e-10	 1.27446e-32	 1.27446e-32	 1.27446e-32	 
  0.0225	 1.42589e-10	 1.60414e-10	 1.60414e-10	 1.27446e-32	 1.27446e-32	 1.27446e-32	 
 0.02255	 1.27851e-10	 1.43834e-10	 1.43834e-10	 1.27446e-32	 1.27446e-32	 1.27446e-32	 
  0.0226	 1.14638e-10	 1.28969e-10	 1.28969e-10	 1.27446e-32	 1.27446e-32	 1.27446e-32	 
 0.02265	 1.02785e-10	 1.15634e-10	 1.15634e-10	 1.27446e-32	 1.27446e-32	 1.27446e-32	 
  0.0227	 9.21593e-11	 1.0368e-10	 1.0368e-10	 1.27446e-32	 1.27446e-32	 1.27446e-32	 
 0.02275	 8.263e-11	 9.29598e-11	 9.29598e-11	 1.27446e-32	 1.27446e-32	 1.27446e-32	 
  0.0228	 7.4084e-11	 8.33455e-11	 8.33455e-11	 1.27446e-32	 1.27446e-32	 1.27446e-32	 
 0.02285	 6.64199e-11	 7.47232e-11	 7.47232e-11	 1.27446e-32	 1.27446e-32	 1.27446e-32	 
  0.0229	 5.95496e-11	 6.69941e-11	 6.69941e-11	 1.27446e-32	 1.27446e-32	 1.27446e-32	 
 0.02295	 5.33881e-11	 6.00623e-11	 6.00623e-11	 1.27446e-32	 1.27446e-32	 1.27446e-32	 
   0.023	 4.78638e-11	 5.38474e-11	 5.38474e-11	 1.27446e-32	 1.27446e-32	 1.27446e-32	 
 0.02305	 4.2911e-11	 4.82754e-11	 4.82754e-11	 1.27446e-32	 1.27446e-32	 1.27446e-32	 
  0.0231	 3.84691e-11	 4.32782e-11	 4.32782e-11	 1.27446e-32	 1.27446e-32	 1.27446e-32	 
 0.02315	 3.44859e-11	 3.87971e-11	 3.87971e-11	 1.27446e-32	 1.27446e-32	 1.27446e-32	 
  0.0232	 3.09176e-11	 3.47827e-11	 3.47827e-11	 1.27446e-32	 1.27446e-32	 1.27446e-32	 
 0.02325	 2.77146e-11	 3.11792e-11	 3.11792e-11	 1.27446e-32	 1.27446e-32	 1.27446e-32	 
  0.0233	 2.4845e-11	 2.7951e-11	 2.7951e-11	 1.27446e-32	 1.27446e-32	 1.27446e-32	 
 0.02335	 2.22719e-11	 2.50562e-11	 2.50562e-11	 1.27446e-32	 1.27446e-32	 1.27446e-32	 
  0.0234	 1.99647e-11	 2.24605e-11	 2.24605e-11	 1.27446e-32	 1.27446e-32	 1.27446e-32	 
 0.02345	 1.78965e-11	 2.01338e-11	 2.01338e-11	 1.27446e-32	 1.27446e-32	 1.27446e-32	 
  0.0235	 1.60422e-11	 1.80477e-11	 1.80477e-11	 1.27446e-32	 1.27446e-32	 1.27446e-32	 
 0.02355	 1.43798e-11	 1.61774e-11	 1.61774e-11	 1.27446e-32	 1.27446e-32	 1.27446e-32	 
  0.0236	 1.28895e-11	 1.45009e-11	 1.45009e-11	 1.27446e-32	 1.27446e-32	 1.27446e-32	 
 0.02365	 1.15536e-11	 1.2998e-11	 1.2998e-11	 1.27446e-32	 1.27446e-32	 1.27446e-32	 
  0.0237	 1.03559e-11	 1.16506e-11	 1.16506e-11	 1.27446e-32	 1.27446e-32	 1.27446e-32	 
 0.02375	 9.28214e-12	 1.04425e-11	 1.04425e-11	 1.27446e-32	 1.27446e-32	 1.27446e-32	 
  0.0238	 8.31986e-12	 9.35995e-12	 9.35995e-12	 1.27446e-32	 1.27446e-32	 1.27446e-32	 
 0.02385	 7.45702e-12	 8.38925e-12	 8.38925e-12	 1.27446e-32	 1.27446e-32	 1.27446e-32	 
  0.0239	 6.68347e-12	 7.51899e-12	 7.51899e-12	 1.27446e-32	 1.27446e-32	 1.27446e-32	 
 0.02395	 5.9904e-12	 6.73927e-12	 6.73927e-12	 1.27446e-32	 1.27446e-32	 1.27446e-32	 
   0.024	 5.36875e-12	 6.03991e-12	 6.03991e-12	 1.27446e-32	 1.27446e-32	 1.27446e-32	 
 0.02405	 4.81193e-12	 5.41348e-12	 5.41348e-12	 1.27446e-32	 1.27446e-32	 1.27446e-32	 
  0.0241	 4.31253e-12	 4.85165e-12	 4.85165e-12	 1.27446e-32	 1.27446e-32	 1.27446e-32	 
 0.02415	 3.86504e-12	 4.34822e-12	 4.34822e-12	 1.27446e-32	 1.27446e-32	 1.27446e-32	 
  0.0242	 3.4637e-12	 3.89671e-12	 3.89671e-12	 1.27446e-32	 1.27446e-32	 1.27446e-32	 
 0.02425	 3.10439e-12	 3.49248e-12	 3.49248e-12	 1.27446e-32	 1.27446e-32	 1.27446e-32	 
  0.0243	 2.78189e-12	 3.12967e-12	 3.12967e-12	 1.27446e-32	 1.27446e-32	 1.27446e-32	 
 0.02435	 2.49313e-12	 2.8048e-12	 2.8048e-12	 1.27446e-32	 1.27446e-32	 1.27446e-32	 
  0.0244	 2.23425e-12	 2.51356e-12	 2.51356e-12	 1.27446e-32	 1.27446e-32	 1.27446e-32	 
 0.02445	 2.00221e-12	 2.25251e-12	 2.25251e-12	 1.27446e-32	 1.27446e-32	 1.27446e-32	 
  0.0245	 1.79426e-12	 2.01857e-12	 2.01857e-12	 1.27446e-32	 1.27446e-32	 1.27446e-32	 
 0.02455	 1.60788e-12	 1.80888e-12	 1.80888e-12	 1.27446e-32	 1.27446e-32	 1.27446e-32	 
  0.0246	 1.44083e-12	 1.62095e-12	 1.62095e-12	 1.27446e-32	 1.27446e-32	 1.27446e-32	 
 0.02465	 1.29112e-12	 1.45253e-12	 1.45253e-12	 1.27446e-32	 1.27446e-32	 1.27446e-32	 
  0.0247	 1.15696e-12	 1.30159e-12	 1.30159e-12	 1.27446e-32	 1.27446e-32	 1.27446e-32	 
 0.02475	 1.03672e-12	 1.16632e-12	 1.16632e-12	 1.27446e-32	 1.27446e-32	 1.27446e-32	 
  0.0248	 9.28983e-13	 1.04512e-12	 1.04512e-12	 1.27446e-32	 1.27446e-32	 1.27446e-32	 
 0.02485	 8.32398e-13	 9.36458e-13	 9.36458e-13	 1.27446e-32	 1.27446e-32	 1.27446e-32	 
  0.0249	 7.45867e-13	 8.3911e-13	 8.3911e-13	 1.27446e-32	 1.27446e-32	 1.27446e-32	 
 0.02495	 6.68319e-13	 7.51868e-13	 7.51868e-13	 1.27446e-32	 1.27446e-32	 1.27446e-32	 
   0.025	 5.9882e-13	 6.7368e-13	 6.7368e-13	 1.27446e-32	 1.27446e-32	 1.27446e-32	 
       0	        0	        0	        0	        0	        0	        0	 
