       0	        0	        0	        0	        0	        0	        0	 
   5e-05	   124878	   140402	   140402	   704.08	  14456.8	  14456.8	 
  0.0001	 2.16368e+06	 2.4074e+06	 2.4074e+06	   214092	 3.24331e+06	 3.24331e+06	 
 0.00015	 2.4967e+07	 2.76376e+07	 2.76376e+07	 3.60369e+06	 4.45842e+07	 4.45842e+07	 
  0.0002	 1.43425e+08	 1.58375e+08	 1.58375e+08	 2.38355e+07	 2.54542e+08	 2.54542e+08	 
 0.00025	 4.83243e+08	 5.32182e+08	 5.32182e+08	 9.17709e+07	 8.44753e+08	 8.44753e+08	 
  0.0003	 1.12266e+09	 1.23197e+09	 1.23197e+09	 2.48249e+08	 1.93415e+09	 1.93415e+09	 
 0.00035	 2.00269e+09	 2.19145e+09	 2.19145e+09	 4.9275e+08	 3.40761e+09	 3.40761e+09	 
  0.0004	 2.97313e+09	 3.24861e+09	 3.24861e+09	 7.69555e+08	 5.02956e+09	 5.02956e+09	 
 0.00045	 4.02101e+09	 4.38916e+09	 4.38916e+09	 1.07612e+09	 6.76991e+09	 6.76991e+09	 
  0.0005	 5.11263e+09	 5.57586e+09	 5.57586e+09	 1.40715e+09	 8.56147e+09	 8.56147e+09	 
 0.00055	 6.21997e+09	 6.777e+09	 6.777e+09	 1.76418e+09	 1.03424e+10	 1.03424e+10	 
  0.0006	 7.31296e+09	 7.95906e+09	 7.95906e+09	 2.14469e+09	 1.20417e+10	 1.20417e+10	 
 0.00065	 8.3152e+09	 9.03979e+09	 9.03979e+09	 2.51902e+09	 1.35538e+10	 1.35538e+10	 
  0.0007	 9.19457e+09	 9.9856e+09	 9.9856e+09	 2.86701e+09	 1.48345e+10	 1.48345e+10	 
 0.00075	 9.93114e+09	 1.07751e+10	 1.07751e+10	 3.17988e+09	 1.58573e+10	 1.58573e+10	 
  0.0008	 1.05145e+10	 1.13976e+10	 1.13976e+10	 3.45008e+09	 1.66199e+10	 1.66199e+10	 
 0.00085	 1.0962e+10	 1.18729e+10	 1.18729e+10	 3.6758e+09	 1.7138e+10	 1.7138e+10	 
  0.0009	 1.12573e+10	 1.21834e+10	 1.21834e+10	 3.8487e+09	 1.7422e+10	 1.7422e+10	 
 0.00095	 1.14239e+10	 1.23547e+10	 1.23547e+10	 3.97804e+09	 1.7504e+10	 1.7504e+10	 
   0.001	 1.1462e+10	 1.23873e+10	 1.23873e+10	 4.05967e+09	 1.73882e+10	 1.73882e+10	 
 0.00105	 1.14285e+10	 1.23443e+10	 1.23443e+10	 4.10315e+09	 1.71472e+10	 1.71472e+10	 
  0.0011	 1.12875e+10	 1.21849e+10	 1.21849e+10	 4.10922e+09	 1.67916e+10	 1.67916e+10	 
 0.00115	 1.10941e+10	 1.19704e+10	 1.19704e+10	 4.08408e+09	 1.63454e+10	 1.63454e+10	 
  0.0012	 1.08347e+10	 1.16856e+10	 1.16856e+10	 4.02879e+09	 1.58082e+10	 1.58082e+10	 
 0.00125	 1.0534e+10	 1.13566e+10	 1.13566e+10	 3.95402e+09	 1.52175e+10	 1.52175e+10	 
  0.0013	 1.02011e+10	 1.09936e+10	 1.09936e+10	 3.86158e+09	 1.45884e+10	 1.45884e+10	 
 0.00135	 9.84154e+09	 1.06022e+10	 1.06022e+10	 3.75663e+09	 1.39297e+10	 1.39297e+10	 
  0.0014	 9.46137e+09	 1.01894e+10	 1.01894e+10	 3.63795e+09	 1.3254e+10	 1.3254e+10	 
 0.00145	 9.06998e+09	 9.76516e+09	 9.76516e+09	 3.50912e+09	 1.25724e+10	 1.25724e+10	 
  0.0015	 8.66931e+09	 9.33138e+09	 9.33138e+09	 3.37335e+09	 1.18896e+10	 1.18896e+10	 
 0.00155	 8.26904e+09	 8.89852e+09	 8.89852e+09	 3.23372e+09	 1.12186e+10	 1.12186e+10	 
  0.0016	 7.87223e+09	 8.46978e+09	 8.46978e+09	 3.09232e+09	 1.05638e+10	 1.05638e+10	 
 0.00165	 7.48218e+09	 8.04868e+09	 8.04868e+09	 2.95068e+09	 9.92863e+09	 9.92863e+09	 
  0.0017	 7.09844e+09	 7.63463e+09	 7.63463e+09	 2.8093e+09	 9.31441e+09	 9.31441e+09	 
 0.00175	 6.7233e+09	 7.23011e+09	 7.23011e+09	 2.6693e+09	 8.72208e+09	 8.72208e+09	 
  0.0018	 6.35667e+09	 6.83489e+09	 6.83489e+09	 2.53124e+09	 8.15056e+09	 8.15056e+09	 
 0.00185	 6.00014e+09	 6.45079e+09	 6.45079e+09	 2.39533e+09	 7.60219e+09	 7.60219e+09	 
  0.0019	 5.6604e+09	 6.08489e+09	 6.08489e+09	 2.26484e+09	 7.08837e+09	 7.08837e+09	 
 0.00195	 5.33173e+09	 5.73106e+09	 5.73106e+09	 2.13738e+09	 6.59707e+09	 6.59707e+09	 
   0.002	 5.01935e+09	 5.39486e+09	 5.39486e+09	 2.01553e+09	 6.13916e+09	 6.13916e+09	 
 0.00205	 4.72217e+09	 5.07517e+09	 5.07517e+09	 1.89845e+09	 5.70947e+09	 5.70947e+09	 
  0.0021	 4.43286e+09	 4.76398e+09	 4.76398e+09	 1.78417e+09	 5.29878e+09	 5.29878e+09	 
 0.00215	 4.16094e+09	 4.47156e+09	 4.47156e+09	 1.67628e+09	 4.91765e+09	 4.91765e+09	 
  0.0022	 3.89468e+09	 4.18524e+09	 4.18524e+09	 1.57043e+09	 4.55102e+09	 4.55102e+09	 
 0.00225	 3.64886e+09	 3.92097e+09	 3.92097e+09	 1.47224e+09	 4.21699e+09	 4.21699e+09	 
  0.0023	 3.41659e+09	 3.67127e+09	 3.67127e+09	 1.3793e+09	 3.9059e+09	 3.9059e+09	 
 0.00235	 3.1956e+09	 3.43369e+09	 3.43369e+09	 1.29107e+09	 3.61416e+09	 3.61416e+09	 
  0.0024	 2.98729e+09	 3.20976e+09	 3.20976e+09	 1.20772e+09	 3.34274e+09	 3.34274e+09	 
 0.00245	 2.78879e+09	 2.9964e+09	 2.9964e+09	 1.12806e+09	 3.08746e+09	 3.08746e+09	 
  0.0025	 2.60083e+09	 2.79441e+09	 2.79441e+09	 1.05232e+09	 2.84884e+09	 2.84884e+09	 
 0.00255	 2.42626e+09	 2.60685e+09	 2.60685e+09	 9.81609e+08	 2.63042e+09	 2.63042e+09	 
  0.0026	 2.26211e+09	 2.43052e+09	 2.43052e+09	 9.15018e+08	 2.42819e+09	 2.42819e+09	 
 0.00265	 2.10664e+09	 2.2635e+09	 2.2635e+09	 8.51893e+08	 2.23878e+09	 2.23878e+09	 
  0.0027	 1.96039e+09	 2.10638e+09	 2.10638e+09	 7.92514e+08	 2.06402e+09	 2.06402e+09	 
 0.00275	 1.81903e+09	 1.95452e+09	 1.95452e+09	 7.35248e+08	 1.89834e+09	 1.89834e+09	 
  0.0028	 1.68948e+09	 1.81532e+09	 1.81532e+09	 6.82877e+08	 1.74984e+09	 1.74984e+09	 
 0.00285	 1.56659e+09	 1.68327e+09	 1.68327e+09	 6.33266e+08	 1.6103e+09	 1.6103e+09	 
  0.0029	 1.4522e+09	 1.56036e+09	 1.56036e+09	 5.87024e+08	 1.48135e+09	 1.48135e+09	 
 0.00295	 1.34616e+09	 1.44643e+09	 1.44643e+09	 5.44088e+08	 1.36275e+09	 1.36275e+09	 
   0.003	 1.24469e+09	 1.33742e+09	 1.33742e+09	 5.02947e+08	 1.2498e+09	 1.2498e+09	 
 0.00305	 1.15172e+09	 1.23753e+09	 1.23753e+09	 4.65275e+08	 1.14765e+09	 1.14765e+09	 
  0.0031	 1.06464e+09	 1.14397e+09	 1.14397e+09	 4.30033e+08	 1.0534e+09	 1.0534e+09	 
 0.00315	 9.83869e+08	 1.05719e+09	 1.05719e+09	 3.97393e+08	 9.67538e+08	 9.67538e+08	 
  0.0032	 9.08063e+08	 9.75723e+08	 9.75723e+08	 3.66837e+08	 8.88572e+08	 8.88572e+08	 
 0.00325	 8.36851e+08	 8.99196e+08	 8.99196e+08	 3.38145e+08	 8.14987e+08	 8.14987e+08	 
  0.0033	 7.68989e+08	 8.2627e+08	 8.2627e+08	 3.10789e+08	 7.45102e+08	 7.45102e+08	 
 0.00335	 7.07462e+08	 7.60152e+08	 7.60152e+08	 2.85982e+08	 6.8238e+08	 6.8238e+08	 
  0.0034	 6.49629e+08	 6.98007e+08	 6.98007e+08	 2.62649e+08	 6.2369e+08	 6.2369e+08	 
 0.00345	 5.97275e+08	 6.41749e+08	 6.41749e+08	 2.41515e+08	 5.70992e+08	 5.70992e+08	 
  0.0035	 5.48841e+08	 5.89705e+08	 5.89705e+08	 2.21964e+08	 5.22533e+08	 5.22533e+08	 
 0.00355	 5.03813e+08	 5.41321e+08	 5.41321e+08	 2.03785e+08	 4.77666e+08	 4.77666e+08	 
  0.0036	 4.62365e+08	 4.9678e+08	 4.9678e+08	 1.87074e+08	 4.36962e+08	 4.36962e+08	 
 0.00365	 4.23535e+08	 4.55052e+08	 4.55052e+08	 1.71425e+08	 3.99161e+08	 3.99161e+08	 
  0.0037	 3.87848e+08	 4.16703e+08	 4.16703e+08	 1.57037e+08	 3.64576e+08	 3.64576e+08	 
 0.00375	 3.54574e+08	 3.80945e+08	 3.80945e+08	 1.43625e+08	 3.32608e+08	 3.32608e+08	 
  0.0038	 3.23707e+08	 3.47777e+08	 3.47777e+08	 1.31175e+08	 3.02976e+08	 3.02976e+08	 
 0.00385	 2.9493e+08	 3.16853e+08	 3.16853e+08	 1.19562e+08	 2.75402e+08	 2.75402e+08	 
  0.0039	 2.69812e+08	 2.89863e+08	 2.89863e+08	 1.09424e+08	 2.51523e+08	 2.51523e+08	 
 0.00395	 2.46088e+08	 2.6437e+08	 2.6437e+08	 9.98436e+07	 2.28979e+08	 2.28979e+08	 
   0.004	 2.25073e+08	 2.41789e+08	 2.41789e+08	 9.13556e+07	 2.09114e+08	 2.09114e+08	 
 0.00405	 2.05644e+08	 2.20912e+08	 2.20912e+08	 8.3507e+07	 1.90813e+08	 1.90813e+08	 
  0.0041	 1.87275e+08	 2.01176e+08	 2.01176e+08	 7.60845e+07	 1.73543e+08	 1.73543e+08	 
 0.00415	 1.70022e+08	 1.82637e+08	 1.82637e+08	 6.91136e+07	 1.57398e+08	 1.57398e+08	 
  0.0042	 1.5451e+08	 1.65969e+08	 1.65969e+08	 6.28457e+07	 1.42964e+08	 1.42964e+08	 
 0.00425	 1.40373e+08	 1.50779e+08	 1.50779e+08	 5.71312e+07	 1.29845e+08	 1.29845e+08	 
  0.0043	 1.2749e+08	 1.36937e+08	 1.36937e+08	 5.19172e+07	 1.17857e+08	 1.17857e+08	 
 0.00435	 1.16046e+08	 1.24642e+08	 1.24642e+08	 4.72823e+07	 1.07228e+08	 1.07228e+08	 
  0.0044	 1.05713e+08	 1.13542e+08	 1.13542e+08	 4.3092e+07	 9.76008e+07	 9.76008e+07	 
 0.00445	 9.62458e+07	 1.03371e+08	 1.03371e+08	 3.92519e+07	 8.88194e+07	 8.88194e+07	 
  0.0045	 8.72039e+07	 9.36567e+07	 9.36567e+07	 3.55863e+07	 8.04829e+07	 8.04829e+07	 
 0.00455	 7.90193e+07	 8.48638e+07	 8.48638e+07	 3.22677e+07	 7.29559e+07	 7.29559e+07	 
  0.0046	 7.14521e+07	 7.67344e+07	 7.67344e+07	 2.91984e+07	 6.60017e+07	 6.60017e+07	 
 0.00465	 6.45445e+07	 6.93138e+07	 6.93138e+07	 2.63938e+07	 5.96399e+07	 5.96399e+07	 
  0.0047	 5.851e+07	 6.28314e+07	 6.28314e+07	 2.39426e+07	 5.40944e+07	 5.40944e+07	 
 0.00475	 5.30126e+07	 5.69263e+07	 5.69263e+07	 2.17066e+07	 4.90278e+07	 4.90278e+07	 
  0.0048	 4.82802e+07	 5.18434e+07	 5.18434e+07	 1.97778e+07	 4.46393e+07	 4.46393e+07	 
 0.00485	 4.37749e+07	 4.70043e+07	 4.70043e+07	 1.79422e+07	 4.0482e+07	 4.0482e+07	 
  0.0049	 3.95287e+07	 4.24435e+07	 4.24435e+07	 1.62119e+07	 3.65701e+07	 3.65701e+07	 
 0.00495	 3.56647e+07	 3.82934e+07	 3.82934e+07	 1.46372e+07	 3.30151e+07	 3.30151e+07	 
   0.005	 3.21048e+07	 3.44698e+07	 3.44698e+07	 1.31866e+07	 2.97563e+07	 2.97563e+07	 
 0.00505	 2.90365e+07	 3.11744e+07	 3.11744e+07	 1.19351e+07	 2.69443e+07	 2.69443e+07	 
  0.0051	 2.61538e+07	 2.80784e+07	 2.80784e+07	 1.07587e+07	 2.42986e+07	 2.42986e+07	 
 0.00515	 2.37126e+07	 2.54568e+07	 2.54568e+07	 9.76032e+06	 2.20459e+07	 2.20459e+07	 
  0.0052	 2.15203e+07	 2.31028e+07	 2.31028e+07	 8.86201e+06	 2.00098e+07	 2.00098e+07	 
 0.00525	 1.94044e+07	 2.08307e+07	 2.08307e+07	 7.99506e+06	 1.80483e+07	 1.80483e+07	 
  0.0053	 1.75168e+07	 1.88038e+07	 1.88038e+07	 7.22194e+06	 1.63016e+07	 1.63016e+07	 
 0.00535	 1.57395e+07	 1.68953e+07	 1.68953e+07	 6.49386e+06	 1.46656e+07	 1.46656e+07	 
  0.0054	 1.41578e+07	 1.51969e+07	 1.51969e+07	 5.846e+06	 1.32129e+07	 1.32129e+07	 
 0.00545	 1.27655e+07	 1.37019e+07	 1.37019e+07	 5.27484e+06	 1.19229e+07	 1.19229e+07	 
  0.0055	 1.14818e+07	 1.23236e+07	 1.23236e+07	 4.74817e+06	 1.07417e+07	 1.07417e+07	 
 0.00555	 1.03918e+07	 1.11533e+07	 1.11533e+07	 4.29999e+06	 9.73175e+06	 9.73175e+06	 
  0.0056	 9.38342e+06	 1.00709e+07	 1.00709e+07	 3.88452e+06	 8.78692e+06	 8.78692e+06	 
 0.00565	 8.46562e+06	 9.08557e+06	 9.08557e+06	 3.50647e+06	 7.93304e+06	 7.93304e+06	 
  0.0057	 7.60364e+06	 8.16023e+06	 8.16023e+06	 3.15133e+06	 7.1318e+06	 7.1318e+06	 
 0.00575	 6.82906e+06	 7.3287e+06	 7.3287e+06	 2.83234e+06	 6.41426e+06	 6.41426e+06	 
  0.0058	 6.13651e+06	 6.58523e+06	 6.58523e+06	 2.54708e+06	 5.76074e+06	 5.76074e+06	 
 0.00585	 5.51262e+06	 5.91551e+06	 5.91551e+06	 2.28978e+06	 5.18423e+06	 5.18423e+06	 
  0.0059	 4.96271e+06	 5.32521e+06	 5.32521e+06	 2.06297e+06	 4.6759e+06	 4.6759e+06	 
 0.00595	 4.47055e+06	 4.79698e+06	 4.79698e+06	 1.85942e+06	 4.21712e+06	 4.21712e+06	 
   0.006	 4.03139e+06	 4.32566e+06	 4.32566e+06	 1.67751e+06	 3.80455e+06	 3.80455e+06	 
 0.00605	 3.62227e+06	 3.8866e+06	 3.8866e+06	 1.50786e+06	 3.41895e+06	 3.41895e+06	 
  0.0061	 3.25418e+06	 3.49154e+06	 3.49154e+06	 1.35549e+06	 3.075e+06	 3.075e+06	 
 0.00615	 2.9185e+06	 3.13126e+06	 3.13126e+06	 1.21655e+06	 2.76221e+06	 2.76221e+06	 
  0.0062	 2.61718e+06	 2.80788e+06	 2.80788e+06	 1.09172e+06	 2.48111e+06	 2.48111e+06	 
 0.00625	 2.35122e+06	 2.52245e+06	 2.52245e+06	   981513	 2.23272e+06	 2.23272e+06	 
  0.0063	 2.10887e+06	 2.26238e+06	 2.26238e+06	   880975	 2.0065e+06	 2.0065e+06	 
 0.00635	 1.89404e+06	 2.03185e+06	 2.03185e+06	   791608	 1.80437e+06	 1.80437e+06	 
  0.0064	 1.70599e+06	 1.83009e+06	 1.83009e+06	   713301	 1.62606e+06	 1.62606e+06	 
 0.00645	 1.53346e+06	 1.64497e+06	 1.64497e+06	   641489	 1.4629e+06	 1.4629e+06	 
  0.0065	 1.3767e+06	 1.47676e+06	 1.47676e+06	   576263	 1.31535e+06	 1.31535e+06	 
 0.00655	 1.23048e+06	 1.31987e+06	 1.31987e+06	   515415	 1.17565e+06	 1.17565e+06	 
  0.0066	 1.10491e+06	 1.18515e+06	 1.18515e+06	   463098	 1.05767e+06	 1.05767e+06	 
 0.00665	   989053	 1.06083e+06	 1.06083e+06	   414858	   948703	   948703	 
  0.0067	   886078	   950354	   950354	   371923	   851413	   851413	 
 0.00675	   795037	   852688	   852688	   333876	   764685	   764685	 
  0.0068	   715008	   766843	   766843	   300366	   686548	   686548	 
 0.00685	   643019	   689619	   689619	   270259	   618041	   618041	 
  0.0069	   575144	   616808	   616808	   241870	   553512	   553512	 
 0.00695	   513533	   550717	   550717	   216096	   494987	   494987	 
   0.007	   462050	   495491	   495491	   194549	   446110	   446110	 
 0.00705	   411945	   441742	   441742	   173590	   395070	   395070	 
  0.0071	   366910	   393440	   393440	   154690	   353204	   353204	 
 0.00715	   329735	   353569	   353569	   139077	   317695	   317695	 
  0.0072	   297052	   318519	   318519	   125341	   286464	   286464	 
 0.00725	   266289	   285526	   285526	   112411	   256324	   256324	 
  0.0073	   237409	   254553	   254553	   100272	   227434	   227434	 
 0.00735	   212981	   228355	   228355	    90004	   203963	   203963	 
  0.0074	   189754	   203447	   203447	  80215.4	   181765	   181765	 
 0.00745	   168515	   180670	   180670	  71288.9	   161741	   161741	 
  0.0075	   150291	   161127	   161127	  63616.2	   143998	   143998	 
 0.00755	   135329	   145082	   145082	  57306.9	   128105	   128105	 
  0.0076	   121324	   130067	   130067	  51389.1	   115249	   115249	 
 0.00765	   107853	   115624	   115624	  45692.5	   101729	   101729	 
  0.0077	    96166	   103093	   103093	  40758.7	  88391.7	  88391.7	 
 0.00775	  85919.2	  92106.3	  92106.3	  36426.9	  79545.6	  79545.6	 
  0.0078	  76649.6	  82166.8	  82166.8	  32516.7	  71135.9	  71135.9	 
 0.00785	  67299.3	  72142.2	  72142.2	  28559.8	  62430.6	  62430.6	 
  0.0079	  59747.6	  64046.1	  64046.1	  25363.1	  52688.6	  52688.6	 
 0.00795	  53773.5	  57641.1	  57641.1	  22836.3	  47514.4	  47514.4	 
   0.008	  47641.5	  51068.2	  51068.2	  20230.4	  42599.9	  42599.9	 
 0.00805	  41304.4	  44276.5	  44276.5	  17529.9	  34037.5	  34037.5	 
  0.0081	  36994.3	  39655.1	  39655.1	  15709.7	  30502.2	  30502.2	 
 0.00815	  33260.2	  35651.6	  35651.6	  14131.3	  27514.1	  27514.1	 
  0.0082	  29252.6	  31355.4	  31355.4	  12432.4	  24462.5	  24462.5	 
 0.00825	  24367.5	  26120.6	  26120.6	  10344.4	  21428.5	  21428.5	 
  0.0083	  21805.9	    23374	    23374	  9262.61	  19200.7	  19200.7	 
 0.00835	  19612.2	  21022.1	  21022.1	  8333.97	  17309.4	  17309.4	 
  0.0084	  15579.1	  16701.3	  16701.3	  6602.52	  15145.4	  15145.4	 
 0.00845	  13966.3	  14971.9	  14971.9	  5921.81	  13593.9	  13593.9	 
  0.0085	  12525.2	  13426.8	  13426.8	   5313.6	  12208.8	  12208.8	 
 0.00855	  11243.7	  12052.6	  12052.6	  4772.55	  10976.7	  10976.7	 
  0.0086	  9961.44	  10677.8	  10677.8	  4230.95	   9535.4	   9535.4	 
 0.00865	  8871.14	  9508.83	  9508.83	  3770.19	  8219.51	  8219.51	 
  0.0087	  7933.63	  8503.68	  8503.68	   3373.7	  6942.94	  6942.94	 
 0.00875	  7148.12	  7661.59	  7661.59	  3040.85	  5836.91	  5836.91	 
  0.0088	  6422.15	  6883.34	  6883.34	  2733.04	  5086.26	  5086.26	 
 0.00885	   5748.6	  6161.28	  6161.28	   2447.5	  4104.31	  4104.31	 
  0.0089	  5166.52	  5537.28	  5537.28	  2200.73	  2446.06	  2446.06	 
 0.00895	  4619.22	  4950.58	  4950.58	  1968.62	  2181.97	  2181.97	 
   0.009	  3826.06	   4100.7	   4100.7	  1629.18	  1864.16	  1864.16	 
 0.00905	   3187.2	  3416.13	  3416.13	  1355.91	  1124.32	  1124.32	 
  0.0091	     2847	  3051.42	  3051.42	  1211.81	  688.592	  688.592	 
 0.00915	  2354.83	  2524.09	  2524.09	  1000.89	   508.43	   508.43	 
  0.0092	  1935.85	  2075.14	  2075.14	  821.599	  418.193	  418.193	 
 0.00925	  1586.39	  1700.66	  1700.66	  672.391	      343	      343	 
  0.0093	  775.696	  832.068	  832.068	  324.766	  168.599	  168.599	 
 0.00935	   687.09	  737.009	  737.009	  287.775	  149.514	  149.514	 
  0.0094	  304.847	  327.307	  327.307	  125.185	  67.6298	  67.6298	 
 0.00945	  264.581	  284.078	  284.078	  108.625	  58.7607	  58.7607	 
  0.0095	  56.1107	  60.5679	  60.5679	  20.4569	  14.0876	  14.0876	 
 0.00955	  11.7017	  12.9141	  12.9141	  2.00279	   1.0014	   1.0014	 
  0.0096	  10.6209	  11.7171	  11.7171	  1.85211	 0.926057	 0.926057	 
 0.00965	  9.61475	   10.604	   10.604	  1.70143	 0.850715	 0.850715	 
  0.0097	  8.67552	  9.56621	  9.56621	  1.55074	  0.77537	  0.77537	 
 0.00975	  7.79638	    8.596	    8.596	  1.40004	 0.700022	 0.700022	 
  0.0098	  6.97122	  7.68652	  7.68652	  1.24934	 0.624672	 0.624672	 
 0.00985	  6.19443	  6.83147	  6.83147	  1.09864	 0.549318	 0.549318	 
  0.0099	    5.461	  6.02519	  6.02519	  0.94792	  0.47396	  0.47396	 
 0.00995	  2.88976	  3.25102	  3.25102	 4.14926e-32	 4.14926e-32	 4.14926e-32	 
    0.01	  2.58789	  2.91141	  2.91141	 4.14926e-32	 4.14926e-32	 4.14926e-32	 
 0.01005	  2.31734	  2.60704	  2.60704	 4.14926e-32	 4.14926e-32	 4.14926e-32	 
  0.0101	  2.07498	  2.33438	  2.33438	 4.14926e-32	 4.14926e-32	 4.14926e-32	 
 0.01015	  1.85775	  2.08999	  2.08999	 4.14926e-32	 4.14926e-32	 4.14926e-32	 
  0.0102	  1.66318	   1.8711	   1.8711	 4.14926e-32	 4.14926e-32	 4.14926e-32	 
 0.01025	  1.48881	  1.67493	  1.67493	 4.14926e-32	 4.14926e-32	 4.14926e-32	 
  0.0103	  1.33261	  1.49921	  1.49921	 4.14926e-32	 4.14926e-32	 4.14926e-32	 
 0.01035	   1.1928	  1.34191	  1.34191	 4.14926e-32	 4.14926e-32	 4.14926e-32	 
  0.0104	   1.0675	  1.20095	  1.20095	 4.14926e-32	 4.14926e-32	 4.14926e-32	 
 0.01045	 0.955359	  1.07479	  1.07479	 4.14926e-32	 4.14926e-32	 4.14926e-32	 
  0.0105	 0.854849	 0.961716	 0.961716	 4.14926e-32	 4.14926e-32	 4.14926e-32	 
 0.01055	 0.764899	 0.860521	 0.860521	 4.14926e-32	 4.14926e-32	 4.14926e-32	 
  0.0106	 0.684363	 0.769917	 0.769917	 4.14926e-32	 4.14926e-32	 4.14926e-32	 
 0.01065	 0.612257	 0.688797	 0.688797	 4.14926e-32	 4.14926e-32	 4.14926e-32	 
  0.0107	 0.547714	 0.616185	 0.616185	 4.14926e-32	 4.14926e-32	 4.14926e-32	 
 0.01075	 0.489938	 0.551186	 0.551186	 4.14926e-32	 4.14926e-32	 4.14926e-32	 
  0.0108	 0.438222	 0.493006	 0.493006	 4.14926e-32	 4.14926e-32	 4.14926e-32	 
 0.01085	  0.39194	 0.440937	 0.440937	 4.14926e-32	 4.14926e-32	 4.14926e-32	 
  0.0109	 0.350522	 0.394342	 0.394342	 4.14926e-32	 4.14926e-32	 4.14926e-32	 
 0.01095	 0.313459	 0.352645	 0.352645	 4.14926e-32	 4.14926e-32	 4.14926e-32	 
   0.011	   0.2803	 0.315341	 0.315341	 4.14926e-32	 4.14926e-32	 4.14926e-32	 
 0.01105	 0.250631	 0.281963	 0.281963	 4.14926e-32	 4.14926e-32	 4.14926e-32	 
  0.0111	 0.224086	 0.252099	 0.252099	 4.14926e-32	 4.14926e-32	 4.14926e-32	 
 0.01115	 0.200333	 0.225378	 0.225378	 4.14926e-32	 4.14926e-32	 4.14926e-32	 
  0.0112	 0.179094	 0.201483	 0.201483	 4.14926e-32	 4.14926e-32	 4.14926e-32	 
 0.01125	 0.160095	 0.180109	 0.180109	 4.14926e-32	 4.14926e-32	 4.14926e-32	 
  0.0113	   0.1431	 0.160989	 0.160989	 4.14926e-32	 4.14926e-32	 4.14926e-32	 
 0.01135	 0.127896	 0.143885	 0.143885	 4.14926e-32	 4.14926e-32	 4.14926e-32	 
  0.0114	 0.114305	 0.128595	 0.128595	 4.14926e-32	 4.14926e-32	 4.14926e-32	 
 0.01145	 0.102157	 0.114928	 0.114928	 4.14926e-32	 4.14926e-32	 4.14926e-32	 
  0.0115	 0.0912914	 0.102704	 0.102704	 4.14926e-32	 4.14926e-32	 4.14926e-32	 
 0.01155	 0.0815723	 0.0917698	 0.0917698	 4.14926e-32	 4.14926e-32	 4.14926e-32	 
  0.0116	 0.0728854	 0.081997	 0.081997	 4.14926e-32	 4.14926e-32	 4.14926e-32	 
 0.01165	 0.0651204	 0.0732613	 0.0732613	 4.14926e-32	 4.14926e-32	 4.14926e-32	 
  0.0117	 0.0581789	 0.065452	 0.065452	 4.14926e-32	 4.14926e-32	 4.14926e-32	 
 0.01175	 0.0519743	 0.0584717	 0.0584717	 4.14926e-32	 4.14926e-32	 4.14926e-32	 
  0.0118	 0.0464284	 0.0522325	 0.0522325	 4.14926e-32	 4.14926e-32	 4.14926e-32	 
 0.01185	 0.0414725	 0.0466571	 0.0466571	 4.14926e-32	 4.14926e-32	 4.14926e-32	 
  0.0119	 0.0370429	 0.0416737	 0.0416737	 4.14926e-32	 4.14926e-32	 4.14926e-32	 
 0.01195	 0.0330844	 0.0372204	 0.0372204	 4.14926e-32	 4.14926e-32	 4.14926e-32	 
   0.012	 0.029547	 0.0332408	 0.0332408	 4.14926e-32	 4.14926e-32	 4.14926e-32	 
 0.01205	 0.0263866	 0.0296852	 0.0296852	 4.14926e-32	 4.14926e-32	 4.14926e-32	 
  0.0121	 0.0235631	 0.0265088	 0.0265088	 4.14926e-32	 4.14926e-32	 4.14926e-32	 
 0.01215	 0.021041	 0.0236714	 0.0236714	 4.14926e-32	 4.14926e-32	 4.14926e-32	 
  0.0122	 0.0187871	 0.0211358	 0.0211358	 4.14926e-32	 4.14926e-32	 4.14926e-32	 
 0.01225	 0.0167735	 0.0188704	 0.0188704	 4.14926e-32	 4.14926e-32	 4.14926e-32	 
  0.0123	 0.0149756	 0.0168477	 0.0168477	 4.14926e-32	 4.14926e-32	 4.14926e-32	 
 0.01235	 0.0133694	 0.0150408	 0.0150408	 4.14926e-32	 4.14926e-32	 4.14926e-32	 
  0.0124	 0.0119348	 0.0134268	 0.0134268	 4.14926e-32	 4.14926e-32	 4.14926e-32	 
 0.01245	 0.0106538	 0.0119856	 0.0119856	 4.14926e-32	 4.14926e-32	 4.14926e-32	 
  0.0125	 0.00950945	 0.0106983	 0.0106983	 4.14926e-32	 4.14926e-32	 4.14926e-32	 
 0.01255	 0.0084877	 0.00954877	 0.00954877	 4.14926e-32	 4.14926e-32	 4.14926e-32	 
  0.0126	 0.0075753	 0.00852231	 0.00852231	 4.14926e-32	 4.14926e-32	 4.14926e-32	 
 0.01265	 0.00676069	 0.00760586	 0.00760586	 4.14926e-32	 4.14926e-32	 4.14926e-32	 
  0.0127	 0.00603335	 0.00678759	 0.00678759	 4.14926e-32	 4.14926e-32	 4.14926e-32	 
 0.01275	 0.00538402	 0.00605709	 0.00605709	 4.14926e-32	 4.14926e-32	 4.14926e-32	 
  0.0128	 0.0048043	 0.0054049	 0.0054049	 4.14926e-32	 4.14926e-32	 4.14926e-32	 
 0.01285	 0.00428681	 0.00482271	 0.00482271	 4.14926e-32	 4.14926e-32	 4.14926e-32	 
  0.0129	 0.00382483	 0.00430298	 0.00430298	 4.14926e-32	 4.14926e-32	 4.14926e-32	 
 0.01295	 0.00341252	 0.00383913	 0.00383913	 4.14926e-32	 4.14926e-32	 4.14926e-32	 
   0.013	 0.00304452	 0.00342512	 0.00342512	 4.14926e-32	 4.14926e-32	 4.14926e-32	 
 0.01305	 0.00271599	 0.00305552	 0.00305552	 4.14926e-32	 4.14926e-32	 4.14926e-32	 
  0.0131	 0.00242286	 0.00272575	 0.00272575	 4.14926e-32	 4.14926e-32	 4.14926e-32	 
 0.01315	 0.00216123	 0.00243141	 0.00243141	 4.14926e-32	 4.14926e-32	 4.14926e-32	 
  0.0132	 0.00192778	 0.00216878	 0.00216878	 4.14926e-32	 4.14926e-32	 4.14926e-32	 
 0.01325	 0.00171946	 0.00193441	 0.00193441	 4.14926e-32	 4.14926e-32	 4.14926e-32	 
  0.0133	 0.00153355	 0.00172526	 0.00172526	 4.14926e-32	 4.14926e-32	 4.14926e-32	 
 0.01335	 0.00136776	 0.00153874	 0.00153874	 4.14926e-32	 4.14926e-32	 4.14926e-32	 
  0.0134	 0.00121979	 0.00137228	 0.00137228	 4.14926e-32	 4.14926e-32	 4.14926e-32	 
 0.01345	 0.00108779	 0.00122378	 0.00122378	 4.14926e-32	 4.14926e-32	 4.14926e-32	 
  0.0135	 0.00096996	 0.00109122	 0.00109122	 4.14926e-32	 4.14926e-32	 4.14926e-32	 
 0.01355	 0.00086495	 0.00097308	 0.00097308	 4.14926e-32	 4.14926e-32	 4.14926e-32	 
  0.0136	 0.000771231	 0.000867645	 0.000867645	 4.14926e-32	 4.14926e-32	 4.14926e-32	 
 0.01365	 0.00068764	 0.000773603	 0.000773603	 4.14926e-32	 4.14926e-32	 4.14926e-32	 
  0.0137	 0.00061308	 0.000689723	 0.000689723	 4.14926e-32	 4.14926e-32	 4.14926e-32	 
 0.01375	 0.000546585	 0.000614915	 0.000614915	 4.14926e-32	 4.14926e-32	 4.14926e-32	 
  0.0138	 0.000487281	 0.000548197	 0.000548197	 4.14926e-32	 4.14926e-32	 4.14926e-32	 
 0.01385	 0.000434394	 0.000488699	 0.000488699	 4.14926e-32	 4.14926e-32	 4.14926e-32	 
  0.0139	 0.000387229	 0.000435637	 0.000435637	 4.14926e-32	 4.14926e-32	 4.14926e-32	 
 0.01395	 0.000345165	 0.000388315	 0.000388315	 4.14926e-32	 4.14926e-32	 4.14926e-32	 
   0.014	 0.000307661	 0.000346122	 0.000346122	 4.14926e-32	 4.14926e-32	 4.14926e-32	 
 0.01405	 0.000274222	 0.000308503	 0.000308503	 4.14926e-32	 4.14926e-32	 4.14926e-32	 
  0.0141	 0.000244409	 0.000274963	 0.000274963	 4.14926e-32	 4.14926e-32	 4.14926e-32	 
 0.01415	 0.000217829	 0.000245061	 0.000245061	 4.14926e-32	 4.14926e-32	 4.14926e-32	 
  0.0142	 0.000194128	 0.000218396	 0.000218396	 4.14926e-32	 4.14926e-32	 4.14926e-32	 
 0.01425	 0.000172999	 0.000194626	 0.000194626	 4.14926e-32	 4.14926e-32	 4.14926e-32	 
  0.0143	 0.000154161	 0.000173434	 0.000173434	 4.14926e-32	 4.14926e-32	 4.14926e-32	 
 0.01435	 0.000137378	 0.000154553	 0.000154553	 4.14926e-32	 4.14926e-32	 4.14926e-32	 
  0.0144	 0.000122412	 0.000137715	 0.000137715	 4.14926e-32	 4.14926e-32	 4.14926e-32	 
 0.01445	 0.000109067	 0.000122702	 0.000122702	 4.14926e-32	 4.14926e-32	 4.14926e-32	 
  0.0145	 9.71828e-05	 0.000109332	 0.000109332	 4.14926e-32	 4.14926e-32	 4.14926e-32	 
 0.01455	 8.65799e-05	 9.74035e-05	 9.74035e-05	 4.14926e-32	 4.14926e-32	 4.14926e-32	 
  0.0146	 7.71376e-05	 8.67807e-05	 8.67807e-05	 4.14926e-32	 4.14926e-32	 4.14926e-32	 
 0.01465	 6.87207e-05	 7.73116e-05	 7.73116e-05	 4.14926e-32	 4.14926e-32	 4.14926e-32	 
  0.0147	 6.12197e-05	 6.8873e-05	 6.8873e-05	 4.14926e-32	 4.14926e-32	 4.14926e-32	 
 0.01475	 5.45355e-05	 6.13531e-05	 6.13531e-05	 4.14926e-32	 4.14926e-32	 4.14926e-32	 
  0.0148	 4.85795e-05	 5.46526e-05	 5.46526e-05	 4.14926e-32	 4.14926e-32	 4.14926e-32	 
 0.01485	 4.32722e-05	 4.86817e-05	 4.86817e-05	 4.14926e-32	 4.14926e-32	 4.14926e-32	 
  0.0149	 3.85429e-05	 4.33613e-05	 4.33613e-05	 4.14926e-32	 4.14926e-32	 4.14926e-32	 
 0.01495	 3.43298e-05	 3.86214e-05	 3.86214e-05	 4.14926e-32	 4.14926e-32	 4.14926e-32	 
   0.015	 3.05759e-05	 3.43983e-05	 3.43983e-05	 4.14926e-32	 4.14926e-32	 4.14926e-32	 
 0.01505	 2.72312e-05	 3.06355e-05	 3.06355e-05	 4.14926e-32	 4.14926e-32	 4.14926e-32	 
  0.0151	 2.42524e-05	 2.72843e-05	 2.72843e-05	 4.14926e-32	 4.14926e-32	 4.14926e-32	 
 0.01515	 2.15979e-05	 2.42979e-05	 2.42979e-05	 4.14926e-32	 4.14926e-32	 4.14926e-32	 
  0.0152	 1.92337e-05	 2.16381e-05	 2.16381e-05	 4.14926e-32	 4.14926e-32	 4.14926e-32	 
 0.01525	 1.71275e-05	 1.92687e-05	 1.92687e-05	 4.14926e-32	 4.14926e-32	 4.14926e-32	 
  0.0153	 1.52515e-05	 1.71581e-05	 1.71581e-05	 4.14926e-32	 4.14926e-32	 4.14926e-32	 
 0.01535	 1.358e-05	 1.52776e-05	 1.52776e-05	 4.14926e-32	 4.14926e-32	 4.14926e-32	 
  0.0154	 1.20918e-05	 1.36035e-05	 1.36035e-05	 4.14926e-32	 4.14926e-32	 4.14926e-32	 
 0.01545	 1.07658e-05	 1.21117e-05	 1.21117e-05	 4.14926e-32	 4.14926e-32	 4.14926e-32	 
  0.0155	 9.585e-06	 1.07832e-05	 1.07832e-05	 4.14926e-32	 4.14926e-32	 4.14926e-32	 
 0.01555	 8.53405e-06	 9.60092e-06	 9.60092e-06	 4.14926e-32	 4.14926e-32	 4.14926e-32	 
  0.0156	 7.59754e-06	 8.54733e-06	 8.54733e-06	 4.14926e-32	 4.14926e-32	 4.14926e-32	 
 0.01565	 6.76374e-06	 7.6093e-06	 7.6093e-06	 4.14926e-32	 4.14926e-32	 4.14926e-32	 
  0.0157	 6.02121e-06	 6.77394e-06	 6.77394e-06	 4.14926e-32	 4.14926e-32	 4.14926e-32	 
 0.01575	 5.36e-06	 6.03006e-06	 6.03006e-06	 4.14926e-32	 4.14926e-32	 4.14926e-32	 
  0.0158	 4.77128e-06	 5.36775e-06	 5.36775e-06	 4.14926e-32	 4.14926e-32	 4.14926e-32	 
 0.01585	 4.24708e-06	 4.77802e-06	 4.77802e-06	 4.14926e-32	 4.14926e-32	 4.14926e-32	 
  0.0159	 3.78027e-06	 4.25285e-06	 4.25285e-06	 4.14926e-32	 4.14926e-32	 4.14926e-32	 
 0.01595	 3.36472e-06	 3.78536e-06	 3.78536e-06	 4.14926e-32	 4.14926e-32	 4.14926e-32	 
   0.016	 2.99477e-06	 3.36916e-06	 3.36916e-06	 4.14926e-32	 4.14926e-32	 4.14926e-32	 
 0.01605	 2.6654e-06	 2.9986e-06	 2.9986e-06	 4.14926e-32	 4.14926e-32	 4.14926e-32	 
  0.0161	 2.37218e-06	 2.66874e-06	 2.66874e-06	 4.14926e-32	 4.14926e-32	 4.14926e-32	 
 0.01615	 2.11115e-06	 2.37506e-06	 2.37506e-06	 4.14926e-32	 4.14926e-32	 4.14926e-32	 
  0.0162	 1.8788e-06	 2.11367e-06	 2.11367e-06	 4.14926e-32	 4.14926e-32	 4.14926e-32	 
 0.01625	 1.67192e-06	 1.88093e-06	 1.88093e-06	 4.14926e-32	 4.14926e-32	 4.14926e-32	 
  0.0163	 1.48779e-06	 1.67379e-06	 1.67379e-06	 4.14926e-32	 4.14926e-32	 4.14926e-32	 
 0.01635	 1.32395e-06	 1.48947e-06	 1.48947e-06	 4.14926e-32	 4.14926e-32	 4.14926e-32	 
  0.0164	 1.17803e-06	 1.3253e-06	 1.3253e-06	 4.14926e-32	 4.14926e-32	 4.14926e-32	 
 0.01645	 1.04823e-06	 1.17927e-06	 1.17927e-06	 4.14926e-32	 4.14926e-32	 4.14926e-32	 
  0.0165	 9.32693e-07	 1.04929e-06	 1.04929e-06	 4.14926e-32	 4.14926e-32	 4.14926e-32	 
 0.01655	 8.29848e-07	 9.3359e-07	 9.3359e-07	 4.14926e-32	 4.14926e-32	 4.14926e-32	 
  0.0166	 7.38336e-07	 8.30637e-07	 8.30637e-07	 4.14926e-32	 4.14926e-32	 4.14926e-32	 
 0.01665	 6.56884e-07	 7.39003e-07	 7.39003e-07	 4.14926e-32	 4.14926e-32	 4.14926e-32	 
  0.0167	 5.84413e-07	 6.57472e-07	 6.57472e-07	 4.14926e-32	 4.14926e-32	 4.14926e-32	 
 0.01675	 5.19913e-07	 5.84908e-07	 5.84908e-07	 4.14926e-32	 4.14926e-32	 4.14926e-32	 
  0.0168	 4.62518e-07	 5.20339e-07	 5.20339e-07	 4.14926e-32	 4.14926e-32	 4.14926e-32	 
 0.01685	 4.11448e-07	 4.62884e-07	 4.62884e-07	 4.14926e-32	 4.14926e-32	 4.14926e-32	 
  0.0169	 3.66014e-07	 4.11771e-07	 4.11771e-07	 4.14926e-32	 4.14926e-32	 4.14926e-32	 
 0.01695	 3.25581e-07	 3.66283e-07	 3.66283e-07	 4.14926e-32	 4.14926e-32	 4.14926e-32	 
   0.017	 2.89604e-07	 3.25809e-07	 3.25809e-07	 4.14926e-32	 4.14926e-32	 4.14926e-32	 
 0.01705	 2.57601e-07	 2.89804e-07	 2.89804e-07	 4.14926e-32	 4.14926e-32	 4.14926e-32	 
  0.0171	 2.29128e-07	 2.57772e-07	 2.57772e-07	 4.14926e-32	 4.14926e-32	 4.14926e-32	 
 0.01715	 2.03797e-07	 2.29274e-07	 2.29274e-07	 4.14926e-32	 4.14926e-32	 4.14926e-32	 
  0.0172	 1.81258e-07	 2.03918e-07	 2.03918e-07	 4.14926e-32	 4.14926e-32	 4.14926e-32	 
 0.01725	 1.61207e-07	 1.8136e-07	 1.8136e-07	 4.14926e-32	 4.14926e-32	 4.14926e-32	 
  0.0173	 1.43372e-07	 1.61295e-07	 1.61295e-07	 4.14926e-32	 4.14926e-32	 4.14926e-32	 
 0.01735	 1.27506e-07	 1.43446e-07	 1.43446e-07	 4.14926e-32	 4.14926e-32	 4.14926e-32	 
  0.0174	 1.13388e-07	 1.27563e-07	 1.27563e-07	 4.14926e-32	 4.14926e-32	 4.14926e-32	 
 0.01745	 1.00842e-07	 1.13448e-07	 1.13448e-07	 4.14926e-32	 4.14926e-32	 4.14926e-32	 
  0.0175	 8.967e-08	 1.0088e-07	 1.0088e-07	 4.14926e-32	 4.14926e-32	 4.14926e-32	 
 0.01755	 7.97403e-08	 8.97088e-08	 8.97088e-08	 4.14926e-32	 4.14926e-32	 4.14926e-32	 
  0.0176	 7.09066e-08	 7.97708e-08	 7.97708e-08	 4.14926e-32	 4.14926e-32	 4.14926e-32	 
 0.01765	 6.305e-08	 7.0932e-08	 7.0932e-08	 4.14926e-32	 4.14926e-32	 4.14926e-32	 
  0.0177	 5.60626e-08	 6.30711e-08	 6.30711e-08	 4.14926e-32	 4.14926e-32	 4.14926e-32	 
 0.01775	 4.98478e-08	 5.60794e-08	 5.60794e-08	 4.14926e-32	 4.14926e-32	 4.14926e-32	 
  0.0178	 4.43214e-08	 4.98621e-08	 4.98621e-08	 4.14926e-32	 4.14926e-32	 4.14926e-32	 
 0.01785	 3.94062e-08	 4.43325e-08	 4.43325e-08	 4.14926e-32	 4.14926e-32	 4.14926e-32	 
  0.0179	 3.50352e-08	 3.9415e-08	 3.9415e-08	 4.14926e-32	 4.14926e-32	 4.14926e-32	 
 0.01795	 3.11481e-08	 3.5042e-08	 3.5042e-08	 4.14926e-32	 4.14926e-32	 4.14926e-32	 
   0.018	 2.76922e-08	 3.1154e-08	 3.1154e-08	 4.14926e-32	 4.14926e-32	 4.14926e-32	 
 0.01805	 2.46183e-08	 2.76959e-08	 2.76959e-08	 4.14926e-32	 4.14926e-32	 4.14926e-32	 
  0.0181	 2.18857e-08	 2.46216e-08	 2.46216e-08	 4.14926e-32	 4.14926e-32	 4.14926e-32	 
 0.01815	 1.94561e-08	 2.18883e-08	 2.18883e-08	 4.14926e-32	 4.14926e-32	 4.14926e-32	 
  0.0182	 1.72948e-08	 1.94568e-08	 1.94568e-08	 4.14926e-32	 4.14926e-32	 4.14926e-32	 
 0.01825	 1.53745e-08	 1.72966e-08	 1.72966e-08	 4.14926e-32	 4.14926e-32	 4.14926e-32	 
  0.0183	 1.36665e-08	 1.5375e-08	 1.5375e-08	 4.14926e-32	 4.14926e-32	 4.14926e-32	 
 0.01835	 1.21478e-08	 1.36665e-08	 1.36665e-08	 4.14926e-32	 4.14926e-32	 4.14926e-32	 
  0.0184	 1.07972e-08	 1.2147e-08	 1.2147e-08	 4.14926e-32	 4.14926e-32	 4.14926e-32	 
 0.01845	 9.59689e-09	 1.07966e-08	 1.07966e-08	 4.14926e-32	 4.14926e-32	 4.14926e-32	 
  0.0185	 8.53066e-09	 9.5971e-09	 9.5971e-09	 4.14926e-32	 4.14926e-32	 4.14926e-32	 
 0.01855	 7.58167e-09	 8.52947e-09	 8.52947e-09	 4.14926e-32	 4.14926e-32	 4.14926e-32	 
  0.0186	 6.73845e-09	 7.58084e-09	 7.58084e-09	 4.14926e-32	 4.14926e-32	 4.14926e-32	 
 0.01865	 5.98878e-09	 6.73745e-09	 6.73745e-09	 4.14926e-32	 4.14926e-32	 4.14926e-32	 
  0.0187	 5.32247e-09	 5.98785e-09	 5.98785e-09	 4.14926e-32	 4.14926e-32	 4.14926e-32	 
 0.01875	 4.73019e-09	 5.32152e-09	 5.32152e-09	 4.14926e-32	 4.14926e-32	 4.14926e-32	 
  0.0188	 4.2037e-09	 4.72922e-09	 4.72922e-09	 4.14926e-32	 4.14926e-32	 4.14926e-32	 
 0.01885	 3.7357e-09	 4.20271e-09	 4.20271e-09	 4.14926e-32	 4.14926e-32	 4.14926e-32	 
  0.0189	 3.31973e-09	 3.73474e-09	 3.73474e-09	 4.14926e-32	 4.14926e-32	 4.14926e-32	 
 0.01895	 2.95003e-09	 3.31883e-09	 3.31883e-09	 4.14926e-32	 4.14926e-32	 4.14926e-32	 
   0.019	 2.62142e-09	 2.94913e-09	 2.94913e-09	 4.14926e-32	 4.14926e-32	 4.14926e-32	 
 0.01905	 2.3294e-09	 2.6206e-09	 2.6206e-09	 4.14926e-32	 4.14926e-32	 4.14926e-32	 
  0.0191	 2.0698e-09	 2.32855e-09	 2.32855e-09	 4.14926e-32	 4.14926e-32	 4.14926e-32	 
 0.01915	 1.83916e-09	 2.06907e-09	 2.06907e-09	 4.14926e-32	 4.14926e-32	 4.14926e-32	 
  0.0192	 1.63414e-09	 1.83843e-09	 1.83843e-09	 4.14926e-32	 4.14926e-32	 4.14926e-32	 
 0.01925	 1.45197e-09	 1.63348e-09	 1.63348e-09	 4.14926e-32	 4.14926e-32	 4.14926e-32	 
  0.0193	 1.29008e-09	 1.45136e-09	 1.45136e-09	 4.14926e-32	 4.14926e-32	 4.14926e-32	 
 0.01935	 1.14619e-09	 1.28948e-09	 1.28948e-09	 4.14926e-32	 4.14926e-32	 4.14926e-32	 
  0.0194	 1.01835e-09	 1.14565e-09	 1.14565e-09	 4.14926e-32	 4.14926e-32	 4.14926e-32	 
 0.01945	 9.04764e-10	 1.01787e-09	 1.01787e-09	 4.14926e-32	 4.14926e-32	 4.14926e-32	 
  0.0195	 8.03787e-10	 9.04271e-10	 9.04271e-10	 4.14926e-32	 4.14926e-32	 4.14926e-32	 
 0.01955	 7.14091e-10	 8.03362e-10	 8.03362e-10	 4.14926e-32	 4.14926e-32	 4.14926e-32	 
  0.0196	 6.34379e-10	 7.13684e-10	 7.13684e-10	 4.14926e-32	 4.14926e-32	 4.14926e-32	 
 0.01965	 5.63563e-10	 6.34016e-10	 6.34016e-10	 4.14926e-32	 4.14926e-32	 4.14926e-32	 
  0.0197	 5.00634e-10	 5.6322e-10	 5.6322e-10	 4.14926e-32	 4.14926e-32	 4.14926e-32	 
 0.01975	 4.44725e-10	 5.00321e-10	 5.00321e-10	 4.14926e-32	 4.14926e-32	 4.14926e-32	 
  0.0198	 3.95055e-10	 4.44442e-10	 4.44442e-10	 4.14926e-32	 4.14926e-32	 4.14926e-32	 
 0.01985	 3.50921e-10	 3.94791e-10	 3.94791e-10	 4.14926e-32	 4.14926e-32	 4.14926e-32	 
  0.0199	 3.11718e-10	 3.50687e-10	 3.50687e-10	 4.14926e-32	 4.14926e-32	 4.14926e-32	 
 0.01995	 2.76879e-10	 3.11493e-10	 3.11493e-10	 4.14926e-32	 4.14926e-32	 4.14926e-32	 
    0.02	 2.45937e-10	 2.76682e-10	 2.76682e-10	 4.14926e-32	 4.14926e-32	 4.14926e-32	 
 0.02005	 2.18441e-10	 2.45748e-10	 2.45748e-10	 4.14926e-32	 4.14926e-32	 4.14926e-32	 
  0.0201	 1.94018e-10	 2.18272e-10	 2.18272e-10	 4.14926e-32	 4.14926e-32	 4.14926e-32	 
 0.02015	 1.72328e-10	 1.93871e-10	 1.93871e-10	 4.14926e-32	 4.14926e-32	 4.14926e-32	 
  0.0202	 1.53058e-10	 1.72192e-10	 1.72192e-10	 4.14926e-32	 4.14926e-32	 4.14926e-32	 
 0.02025	 1.35935e-10	 1.52929e-10	 1.52929e-10	 4.14926e-32	 4.14926e-32	 4.14926e-32	 
  0.0203	 1.20723e-10	 1.35815e-10	 1.35815e-10	 4.14926e-32	 4.14926e-32	 4.14926e-32	 
 0.02035	 1.07217e-10	 1.2062e-10	 1.2062e-10	 4.14926e-32	 4.14926e-32	 4.14926e-32	 
  0.0204	 9.52218e-11	 1.07126e-10	 1.07126e-10	 4.14926e-32	 4.14926e-32	 4.14926e-32	 
 0.02045	 8.45629e-11	 9.51344e-11	 9.51344e-11	 4.14926e-32	 4.14926e-32	 4.14926e-32	 
  0.0205	 7.50968e-11	 8.44849e-11	 8.44849e-11	 4.14926e-32	 4.14926e-32	 4.14926e-32	 
 0.02055	 6.66892e-11	 7.50262e-11	 7.50262e-11	 4.14926e-32	 4.14926e-32	 4.14926e-32	 
  0.0206	 5.92214e-11	 6.66248e-11	 6.66248e-11	 4.14926e-32	 4.14926e-32	 4.14926e-32	 
 0.02065	 5.25889e-11	 5.91632e-11	 5.91632e-11	 4.14926e-32	 4.14926e-32	 4.14926e-32	 
  0.0207	 4.66983e-11	 5.25362e-11	 5.25362e-11	 4.14926e-32	 4.14926e-32	 4.14926e-32	 
 0.02075	 4.14674e-11	 4.66513e-11	 4.66513e-11	 4.14926e-32	 4.14926e-32	 4.14926e-32	 
  0.0208	 3.68213e-11	 4.14244e-11	 4.14244e-11	 4.14926e-32	 4.14926e-32	 4.14926e-32	 
 0.02085	 3.26948e-11	 3.67821e-11	 3.67821e-11	 4.14926e-32	 4.14926e-32	 4.14926e-32	 
  0.0209	 2.90309e-11	 3.26601e-11	 3.26601e-11	 4.14926e-32	 4.14926e-32	 4.14926e-32	 
 0.02095	 2.5777e-11	 2.89995e-11	 2.89995e-11	 4.14926e-32	 4.14926e-32	 4.14926e-32	 
   0.021	 2.28865e-11	 2.57476e-11	 2.57476e-11	 4.14926e-32	 4.14926e-32	 4.14926e-32	 
 0.02105	 2.03211e-11	 2.28615e-11	 2.28615e-11	 4.14926e-32	 4.14926e-32	 4.14926e-32	 
  0.0211	 1.80418e-11	 2.02973e-11	 2.02973e-11	 4.14926e-32	 4.14926e-32	 4.14926e-32	 
 0.02115	 1.6018e-11	 1.80205e-11	 1.80205e-11	 4.14926e-32	 4.14926e-32	 4.14926e-32	 
  0.0212	 1.42217e-11	 1.59996e-11	 1.59996e-11	 4.14926e-32	 4.14926e-32	 4.14926e-32	 
 0.02125	 1.26258e-11	 1.42042e-11	 1.42042e-11	 4.14926e-32	 4.14926e-32	 4.14926e-32	 
  0.0213	 1.1209e-11	 1.26102e-11	 1.26102e-11	 4.14926e-32	 4.14926e-32	 4.14926e-32	 
 0.02135	 9.95173e-12	 1.11958e-11	 1.11958e-11	 4.14926e-32	 4.14926e-32	 4.14926e-32	 
  0.0214	 8.83457e-12	 9.939e-12	 9.939e-12	 4.14926e-32	 4.14926e-32	 4.14926e-32	 
 0.02145	 7.84287e-12	 8.82333e-12	 8.82333e-12	 4.14926e-32	 4.14926e-32	 4.14926e-32	 
  0.0215	 6.96239e-12	 7.83278e-12	 7.83278e-12	 4.14926e-32	 4.14926e-32	 4.14926e-32	 
 0.02155	 6.18063e-12	 6.95329e-12	 6.95329e-12	 4.14926e-32	 4.14926e-32	 4.14926e-32	 
  0.0216	 5.48657e-12	 6.17246e-12	 6.17246e-12	 4.14926e-32	 4.14926e-32	 4.14926e-32	 
 0.02165	 4.87034e-12	 5.4792e-12	 5.4792e-12	 4.14926e-32	 4.14926e-32	 4.14926e-32	 
  0.0217	 4.32322e-12	 4.86368e-12	 4.86368e-12	 4.14926e-32	 4.14926e-32	 4.14926e-32	 
 0.02175	 3.83757e-12	 4.31731e-12	 4.31731e-12	 4.14926e-32	 4.14926e-32	 4.14926e-32	 
  0.0218	 3.40641e-12	 3.83225e-12	 3.83225e-12	 4.14926e-32	 4.14926e-32	 4.14926e-32	 
 0.02185	 3.02363e-12	 3.40163e-12	 3.40163e-12	 4.14926e-32	 4.14926e-32	 4.14926e-32	 
  0.0219	 2.68382e-12	 3.01933e-12	 3.01933e-12	 4.14926e-32	 4.14926e-32	 4.14926e-32	 
 0.02195	 2.38212e-12	 2.67991e-12	 2.67991e-12	 4.14926e-32	 4.14926e-32	 4.14926e-32	 
   0.022	 2.11429e-12	 2.3786e-12	 2.3786e-12	 4.14926e-32	 4.14926e-32	 4.14926e-32	 
 0.02205	 1.87659e-12	 2.11119e-12	 2.11119e-12	 4.14926e-32	 4.14926e-32	 4.14926e-32	 
  0.0221	 1.66555e-12	 1.87377e-12	 1.87377e-12	 4.14926e-32	 4.14926e-32	 4.14926e-32	 
 0.02215	 1.47829e-12	 1.66309e-12	 1.66309e-12	 4.14926e-32	 4.14926e-32	 4.14926e-32	 
  0.0222	 1.31198e-12	 1.476e-12	 1.476e-12	 4.14926e-32	 4.14926e-32	 4.14926e-32	 
 0.02225	 1.16444e-12	 1.31002e-12	 1.31002e-12	 4.14926e-32	 4.14926e-32	 4.14926e-32	 
  0.0223	 1.03337e-12	 1.16256e-12	 1.16256e-12	 4.14926e-32	 4.14926e-32	 4.14926e-32	 
 0.02235	 9.17158e-13	 1.03181e-12	 1.03181e-12	 4.14926e-32	 4.14926e-32	 4.14926e-32	 
  0.0224	 8.13914e-13	 9.15664e-13	 9.15664e-13	 4.14926e-32	 4.14926e-32	 4.14926e-32	 
 0.02245	 7.22309e-13	 8.12607e-13	 8.12607e-13	 4.14926e-32	 4.14926e-32	 4.14926e-32	 
  0.0225	 6.41001e-13	 7.21134e-13	 7.21134e-13	 4.14926e-32	 4.14926e-32	 4.14926e-32	 
 0.02255	 5.68844e-13	 6.39956e-13	 6.39956e-13	 4.14926e-32	 4.14926e-32	 4.14926e-32	 
  0.0226	 5.04794e-13	 5.67899e-13	 5.67899e-13	 4.14926e-32	 4.14926e-32	 4.14926e-32	 
 0.02265	 4.47951e-13	 5.03951e-13	 5.03951e-13	 4.14926e-32	 4.14926e-32	 4.14926e-32	 
  0.0227	 3.97509e-13	 4.47203e-13	 4.47203e-13	 4.14926e-32	 4.14926e-32	 4.14926e-32	 
 0.02275	 3.52729e-13	 3.96825e-13	 3.96825e-13	 4.14926e-32	 4.14926e-32	 4.14926e-32	 
  0.0228	 3.13e-13	 3.52129e-13	 3.52129e-13	 4.14926e-32	 4.14926e-32	 4.14926e-32	 
 0.02285	 2.77737e-13	 3.12457e-13	 3.12457e-13	 4.14926e-32	 4.14926e-32	 4.14926e-32	 
  0.0229	 2.46446e-13	 2.77255e-13	 2.77255e-13	 4.14926e-32	 4.14926e-32	 4.14926e-32	 
 0.02295	 2.1867e-13	 2.46006e-13	 2.46006e-13	 4.14926e-32	 4.14926e-32	 4.14926e-32	 
   0.023	 1.94026e-13	 2.18282e-13	 2.18282e-13	 4.14926e-32	 4.14926e-32	 4.14926e-32	 
 0.02305	 1.72158e-13	 1.9368e-13	 1.9368e-13	 4.14926e-32	 4.14926e-32	 4.14926e-32	 
  0.0231	 1.52752e-13	 1.71848e-13	 1.71848e-13	 4.14926e-32	 4.14926e-32	 4.14926e-32	 
 0.02315	 1.35528e-13	 1.52471e-13	 1.52471e-13	 4.14926e-32	 4.14926e-32	 4.14926e-32	 
  0.0232	 1.20248e-13	 1.3528e-13	 1.3528e-13	 4.14926e-32	 4.14926e-32	 4.14926e-32	 
 0.02325	 1.06691e-13	 1.20028e-13	 1.20028e-13	 4.14926e-32	 4.14926e-32	 4.14926e-32	 
  0.0233	 9.4653e-14	 1.06486e-13	 1.06486e-13	 4.14926e-32	 4.14926e-32	 4.14926e-32	 
 0.02335	 8.39789e-14	 9.44773e-14	 9.44773e-14	 4.14926e-32	 4.14926e-32	 4.14926e-32	 
  0.0234	 7.45051e-14	 8.38192e-14	 8.38192e-14	 4.14926e-32	 4.14926e-32	 4.14926e-32	 
 0.02345	 6.60992e-14	 7.43625e-14	 7.43625e-14	 4.14926e-32	 4.14926e-32	 4.14926e-32	 
  0.0235	 5.86416e-14	 6.59725e-14	 6.59725e-14	 4.14926e-32	 4.14926e-32	 4.14926e-32	 
 0.02355	 5.20235e-14	 5.85271e-14	 5.85271e-14	 4.14926e-32	 4.14926e-32	 4.14926e-32	 
  0.0236	 4.61525e-14	 5.19221e-14	 5.19221e-14	 4.14926e-32	 4.14926e-32	 4.14926e-32	 
 0.02365	 4.09436e-14	 4.60621e-14	 4.60621e-14	 4.14926e-32	 4.14926e-32	 4.14926e-32	 
  0.0237	 3.63213e-14	 4.08619e-14	 4.08619e-14	 4.14926e-32	 4.14926e-32	 4.14926e-32	 
 0.02375	 3.22211e-14	 3.62491e-14	 3.62491e-14	 4.14926e-32	 4.14926e-32	 4.14926e-32	 
  0.0238	 2.85827e-14	 3.21559e-14	 3.21559e-14	 4.14926e-32	 4.14926e-32	 4.14926e-32	 
 0.02385	 2.53551e-14	 2.85248e-14	 2.85248e-14	 4.14926e-32	 4.14926e-32	 4.14926e-32	 
  0.0239	 2.24918e-14	 2.53035e-14	 2.53035e-14	 4.14926e-32	 4.14926e-32	 4.14926e-32	 
 0.02395	 1.9951e-14	 2.24451e-14	 2.24451e-14	 4.14926e-32	 4.14926e-32	 4.14926e-32	 
   0.024	 1.7698e-14	 1.99105e-14	 1.99105e-14	 4.14926e-32	 4.14926e-32	 4.14926e-32	 
 0.02405	 1.5698e-14	 1.76604e-14	 1.76604e-14	 4.14926e-32	 4.14926e-32	 4.14926e-32	 
  0.0241	 1.39246e-14	 1.56654e-14	 1.56654e-14	 4.14926e-32	 4.14926e-32	 4.14926e-32	 
 0.02415	 1.23516e-14	 1.38957e-14	 1.38957e-14	 4.14926e-32	 4.14926e-32	 4.14926e-32	 
  0.0242	 1.09551e-14	 1.23247e-14	 1.23247e-14	 4.14926e-32	 4.14926e-32	 4.14926e-32	 
 0.02425	 9.71743e-15	 1.09322e-14	 1.09322e-14	 4.14926e-32	 4.14926e-32	 4.14926e-32	 
  0.0243	 8.61894e-15	 9.69642e-15	 9.69642e-15	 4.14926e-32	 4.14926e-32	 4.14926e-32	 
 0.02435	 7.64448e-15	 8.60014e-15	 8.60014e-15	 4.14926e-32	 4.14926e-32	 4.14926e-32	 
  0.0244	 6.78021e-15	 7.62783e-15	 7.62783e-15	 4.14926e-32	 4.14926e-32	 4.14926e-32	 
 0.02445	 6.01365e-15	 6.76543e-15	 6.76543e-15	 4.14926e-32	 4.14926e-32	 4.14926e-32	 
  0.0245	 5.33359e-15	 6.00036e-15	 6.00036e-15	 4.14926e-32	 4.14926e-32	 4.14926e-32	 
 0.02455	 4.73045e-15	 5.32181e-15	 5.32181e-15	 4.14926e-32	 4.14926e-32	 4.14926e-32	 
  0.0246	 4.19538e-15	 4.71986e-15	 4.71986e-15	 4.14926e-32	 4.14926e-32	 4.14926e-32	 
 0.02465	 3.72084e-15	 4.18599e-15	 4.18599e-15	 4.14926e-32	 4.14926e-32	 4.14926e-32	 
  0.0247	 3.29987e-15	 3.7124e-15	 3.7124e-15	 4.14926e-32	 4.14926e-32	 4.14926e-32	 
 0.02475	 2.92652e-15	 3.29237e-15	 3.29237e-15	 4.14926e-32	 4.14926e-32	 4.14926e-32	 
  0.0248	 2.59536e-15	 2.91981e-15	 2.91981e-15	 4.14926e-32	 4.14926e-32	 4.14926e-32	 
 0.02485	 2.30172e-15	 2.58947e-15	 2.58947e-15	 4.14926e-32	 4.14926e-32	 4.14926e-32	 
  0.0249	 2.0412e-15	 2.29637e-15	 2.29637e-15	 4.14926e-32	 4.14926e-32	 4.14926e-32	 
 0.02495	 1.81021e-15	 2.03651e-15	 2.03651e-15	 4.14926e-32	 4.14926e-32	 4.14926e-32	 
   0.025	 1.60528e-15	 1.80596e-15	 1.80596e-15	 4.14926e-32	 4.14926e-32	 4.14926e-32	 
       0	        0	        0	        0	        0	        0	        0	 
