       0	        0	        0	        0	        0	        0	        0	 
   5e-05	  3198.79	 7.71581e+06	 7.71581e+06	 4.53458e+06	 1.01016e+06	 1.01016e+06	 
  0.0001	  25835.8	 3.06092e+07	 3.06092e+07	 1.73535e+07	 3.87638e+06	 3.87638e+06	 
 0.00015	   162505	 6.86992e+07	 6.86992e+07	 3.87546e+07	 8.73842e+06	 8.73842e+06	 
  0.0002	   541578	 1.20776e+08	 1.20776e+08	 6.8831e+07	 1.57168e+07	 1.57168e+07	 
 0.00025	 1.41134e+06	 1.90053e+08	 1.90053e+08	 1.08288e+08	 2.51614e+07	 2.51614e+07	 
  0.0003	 2.856e+06	 2.75782e+08	 2.75782e+08	 1.56422e+08	 3.69814e+07	 3.69814e+07	 
 0.00035	 5.06028e+06	 3.77024e+08	 3.77024e+08	 2.12951e+08	 5.12577e+07	 5.12577e+07	 
  0.0004	 7.93802e+06	 4.93227e+08	 4.93227e+08	 2.76257e+08	 6.75637e+07	 6.75637e+07	 
 0.00045	 1.15455e+07	 6.24018e+08	 6.24018e+08	 3.45581e+08	 8.57747e+07	 8.57747e+07	 
  0.0005	 1.57899e+07	 7.64377e+08	 7.64377e+08	 4.19499e+08	 1.05502e+08	 1.05502e+08	 
 0.00055	 2.0638e+07	 9.22245e+08	 9.22245e+08	 4.96934e+08	 1.2648e+08	 1.2648e+08	 
  0.0006	 2.59778e+07	 1.093e+09	 1.093e+09	 5.76725e+08	 1.48365e+08	 1.48365e+08	 
 0.00065	 3.16137e+07	 1.27459e+09	 1.27459e+09	 6.57744e+08	 1.70752e+08	 1.70752e+08	 
  0.0007	 3.74411e+07	 1.46674e+09	 1.46674e+09	 7.39207e+08	 1.93387e+08	 1.93387e+08	 
 0.00075	 4.34456e+07	 1.66862e+09	 1.66862e+09	 8.20319e+08	 2.16082e+08	 2.16082e+08	 
  0.0008	 4.95614e+07	 1.87949e+09	 1.87949e+09	 9.00622e+08	 2.38684e+08	 2.38684e+08	 
 0.00085	 5.56302e+07	 2.09796e+09	 2.09796e+09	 9.79268e+08	 2.60881e+08	 2.60881e+08	 
  0.0009	 6.15803e+07	 2.32411e+09	 2.32411e+09	 1.05579e+09	 2.82514e+08	 2.82514e+08	 
 0.00095	 6.73531e+07	 2.55566e+09	 2.55566e+09	 1.12964e+09	 3.03414e+08	 3.03414e+08	 
   0.001	 7.29416e+07	 2.79238e+09	 2.79238e+09	 1.20042e+09	 3.2349e+08	 3.2349e+08	 
 0.00105	 7.8296e+07	 3.03363e+09	 3.03363e+09	 1.26758e+09	 3.42579e+08	 3.42579e+08	 
  0.0011	 8.33702e+07	 3.27806e+09	 3.27806e+09	 1.33086e+09	 3.60586e+08	 3.60586e+08	 
 0.00115	 8.81534e+07	 3.52512e+09	 3.52512e+09	 1.39008e+09	 3.77468e+08	 3.77468e+08	 
  0.0012	 9.26366e+07	 3.77448e+09	 3.77448e+09	 1.44518e+09	 3.93199e+08	 3.93199e+08	 
 0.00125	 9.67884e+07	 4.02496e+09	 4.02496e+09	 1.49603e+09	 4.07727e+08	 4.07727e+08	 
  0.0013	 1.00622e+08	 4.2756e+09	 4.2756e+09	 1.54241e+09	 4.21017e+08	 4.21017e+08	 
 0.00135	 1.0414e+08	 4.52607e+09	 4.52607e+09	 1.5843e+09	 4.3306e+08	 4.3306e+08	 
  0.0014	 1.07316e+08	 4.77562e+09	 4.77562e+09	 1.62152e+09	 4.43802e+08	 4.43802e+08	 
 0.00145	 1.10175e+08	 5.0233e+09	 5.0233e+09	 1.65404e+09	 4.53251e+08	 4.53251e+08	 
  0.0015	 1.12769e+08	 5.26879e+09	 5.26879e+09	 1.682e+09	 4.61484e+08	 4.61484e+08	 
 0.00155	 1.14983e+08	 5.51209e+09	 5.51209e+09	 1.70537e+09	 4.68399e+08	 4.68399e+08	 
  0.0016	 1.16901e+08	 5.75103e+09	 5.75103e+09	 1.72448e+09	 4.74136e+08	 4.74136e+08	 
 0.00165	 1.18498e+08	 5.98574e+09	 5.98574e+09	 1.73927e+09	 4.78666e+08	 4.78666e+08	 
  0.0017	 1.1979e+08	 6.21556e+09	 6.21556e+09	 1.74991e+09	 4.82036e+08	 4.82036e+08	 
 0.00175	 1.20785e+08	 6.43981e+09	 6.43981e+09	 1.75651e+09	 4.84275e+08	 4.84275e+08	 
  0.0018	 1.21489e+08	 6.65854e+09	 6.65854e+09	 1.7592e+09	 4.85421e+08	 4.85421e+08	 
 0.00185	 1.21969e+08	 6.87125e+09	 6.87125e+09	 1.75834e+09	 4.85602e+08	 4.85602e+08	 
  0.0019	 1.22196e+08	 7.07714e+09	 7.07714e+09	 1.75389e+09	 4.8479e+08	 4.8479e+08	 
 0.00195	 1.22212e+08	 7.27602e+09	 7.27602e+09	 1.74616e+09	 4.83086e+08	 4.83086e+08	 
   0.002	 1.22007e+08	 7.46777e+09	 7.46777e+09	 1.7353e+09	 4.80514e+08	 4.80514e+08	 
 0.00205	 1.21594e+08	 7.6518e+09	 7.6518e+09	 1.72141e+09	 4.77105e+08	 4.77105e+08	 
  0.0021	 1.20998e+08	 7.82809e+09	 7.82809e+09	 1.70464e+09	 4.72915e+08	 4.72915e+08	 
 0.00215	 1.20212e+08	 7.99646e+09	 7.99646e+09	 1.68519e+09	 4.67982e+08	 4.67982e+08	 
  0.0022	 1.19274e+08	 8.15664e+09	 8.15664e+09	 1.66336e+09	 4.62401e+08	 4.62401e+08	 
 0.00225	 1.18175e+08	 8.30828e+09	 8.30828e+09	 1.63923e+09	 4.56185e+08	 4.56185e+08	 
  0.0023	 1.16943e+08	 8.4515e+09	 8.4515e+09	 1.61302e+09	 4.49401e+08	 4.49401e+08	 
 0.00235	 1.15563e+08	 8.58612e+09	 8.58612e+09	 1.58484e+09	 4.42066e+08	 4.42066e+08	 
  0.0024	 1.14091e+08	 8.71238e+09	 8.71238e+09	 1.55498e+09	 4.34285e+08	 4.34285e+08	 
 0.00245	 1.1251e+08	 8.8304e+09	 8.8304e+09	 1.52353e+09	 4.26068e+08	 4.26068e+08	 
  0.0025	 1.1082e+08	 8.93961e+09	 8.93961e+09	 1.49068e+09	 4.17452e+08	 4.17452e+08	 
 0.00255	 1.09048e+08	 9.04052e+09	 9.04052e+09	 1.45665e+09	 4.08511e+08	 4.08511e+08	 
  0.0026	 1.072e+08	 9.13284e+09	 9.13284e+09	 1.42155e+09	 3.99274e+08	 3.99274e+08	 
 0.00265	 1.05277e+08	 9.21702e+09	 9.21702e+09	 1.38555e+09	 3.89778e+08	 3.89778e+08	 
  0.0027	 1.03315e+08	 9.29318e+09	 9.29318e+09	 1.34883e+09	 3.80093e+08	 3.80093e+08	 
 0.00275	 1.01305e+08	 9.36128e+09	 9.36128e+09	 1.31153e+09	 3.7024e+08	 3.7024e+08	 
  0.0028	 9.92641e+07	 9.42233e+09	 9.42233e+09	 1.27375e+09	 3.60258e+08	 3.60258e+08	 
 0.00285	 9.71792e+07	 9.47518e+09	 9.47518e+09	 1.23563e+09	 3.50166e+08	 3.50166e+08	 
  0.0029	 9.5058e+07	 9.52033e+09	 9.52033e+09	 1.19728e+09	 3.39994e+08	 3.39994e+08	 
 0.00295	 9.29541e+07	 9.55854e+09	 9.55854e+09	 1.15897e+09	 3.29845e+08	 3.29845e+08	 
   0.003	 9.08069e+07	 9.58932e+09	 9.58932e+09	 1.12057e+09	 3.19641e+08	 3.19641e+08	 
 0.00305	 8.86627e+07	 9.6135e+09	 9.6135e+09	 1.08235e+09	 3.09479e+08	 3.09479e+08	 
  0.0031	 8.65136e+07	 9.631e+09	 9.631e+09	 1.04436e+09	 2.99365e+08	 2.99365e+08	 
 0.00315	 8.43635e+07	 9.642e+09	 9.642e+09	 1.00667e+09	 2.89317e+08	 2.89317e+08	 
  0.0032	 8.22066e+07	 9.64663e+09	 9.64663e+09	 9.69357e+08	 2.79349e+08	 2.79349e+08	 
 0.00325	 8.00701e+07	 9.64561e+09	 9.64561e+09	 9.32574e+08	 2.69513e+08	 2.69513e+08	 
  0.0033	 7.79012e+07	 9.63848e+09	 9.63848e+09	 8.96156e+08	 2.59734e+08	 2.59734e+08	 
 0.00335	 7.5779e+07	 9.62578e+09	 9.62578e+09	 8.60425e+08	 2.50143e+08	 2.50143e+08	 
  0.0034	 7.36617e+07	 9.60769e+09	 9.60769e+09	 8.25353e+08	 2.40702e+08	 2.40702e+08	 
 0.00345	 7.15819e+07	 9.5848e+09	 9.5848e+09	 7.91035e+08	 2.31459e+08	 2.31459e+08	 
  0.0035	 6.95236e+07	 9.55673e+09	 9.55673e+09	 7.57484e+08	 2.22402e+08	 2.22402e+08	 
 0.00355	 6.75212e+07	 9.52394e+09	 9.52394e+09	 7.24836e+08	 2.13589e+08	 2.13589e+08	 
  0.0036	 6.55164e+07	 9.48669e+09	 9.48669e+09	 6.92944e+08	 2.04943e+08	 2.04943e+08	 
 0.00365	 6.35332e+07	 9.4449e+09	 9.4449e+09	 6.6189e+08	 1.965e+08	 1.965e+08	 
  0.0037	 6.15991e+07	 9.39913e+09	 9.39913e+09	 6.31812e+08	 1.88312e+08	 1.88312e+08	 
 0.00375	 5.96978e+07	 9.34932e+09	 9.34932e+09	 6.02569e+08	 1.80335e+08	 1.80335e+08	 
  0.0038	 5.78542e+07	 9.29574e+09	 9.29574e+09	 5.74372e+08	 1.72635e+08	 1.72635e+08	 
 0.00385	 5.59989e+07	 9.2383e+09	 9.2383e+09	 5.46975e+08	 1.65103e+08	 1.65103e+08	 
  0.0039	 5.42183e+07	 9.17758e+09	 9.17758e+09	 5.20646e+08	 1.57868e+08	 1.57868e+08	 
 0.00395	 5.24885e+07	 9.11335e+09	 9.11335e+09	 4.95298e+08	 1.5089e+08	 1.5089e+08	 
   0.004	 5.07906e+07	 9.04606e+09	 9.04606e+09	 4.70868e+08	 1.4414e+08	 1.4414e+08	 
 0.00405	 4.91416e+07	 8.97605e+09	 8.97605e+09	 4.47409e+08	 1.37644e+08	 1.37644e+08	 
  0.0041	 4.75241e+07	 8.90249e+09	 8.90249e+09	 4.24856e+08	 1.31375e+08	 1.31375e+08	 
 0.00415	 4.59387e+07	 8.82649e+09	 8.82649e+09	 4.03183e+08	 1.25325e+08	 1.25325e+08	 
  0.0042	 4.43963e+07	 8.7476e+09	 8.7476e+09	 3.82443e+08	 1.19517e+08	 1.19517e+08	 
 0.00425	 4.28742e+07	 8.66624e+09	 8.66624e+09	 3.62468e+08	 1.13894e+08	 1.13894e+08	 
  0.0043	 4.13888e+07	 8.58229e+09	 8.58229e+09	 3.434e+08	 1.08502e+08	 1.08502e+08	 
 0.00435	 3.99308e+07	 8.49589e+09	 8.49589e+09	 3.25139e+08	 1.0331e+08	 1.0331e+08	 
  0.0044	 3.85062e+07	 8.40736e+09	 8.40736e+09	 3.07689e+08	 9.83239e+07	 9.83239e+07	 
 0.00445	 3.71245e+07	 8.31642e+09	 8.31642e+09	 2.91061e+08	 9.35542e+07	 9.35542e+07	 
  0.0045	 3.57868e+07	 8.22355e+09	 8.22355e+09	 2.75241e+08	 8.89981e+07	 8.89981e+07	 
 0.00455	 3.44987e+07	 8.12875e+09	 8.12875e+09	 2.60211e+08	 8.46564e+07	 8.46564e+07	 
  0.0046	 3.32329e+07	 8.03198e+09	 8.03198e+09	 2.45805e+08	 8.04706e+07	 8.04706e+07	 
 0.00465	 3.20056e+07	 7.93341e+09	 7.93341e+09	 2.32178e+08	 7.64879e+07	 7.64879e+07	 
  0.0047	 3.0831e+07	 7.83293e+09	 7.83293e+09	 2.19286e+08	 7.27094e+07	 7.27094e+07	 
 0.00475	 2.96965e+07	 7.73098e+09	 7.73098e+09	 2.07048e+08	 6.91076e+07	 6.91076e+07	 
  0.0048	 2.8599e+07	 7.62725e+09	 7.62725e+09	 1.95455e+08	 6.56777e+07	 6.56777e+07	 
 0.00485	 2.75516e+07	 7.52241e+09	 7.52241e+09	 1.84533e+08	 6.24359e+07	 6.24359e+07	 
  0.0049	 2.65252e+07	 7.41589e+09	 7.41589e+09	 1.71942e+08	 5.88397e+07	 5.88397e+07	 
 0.00495	 2.55145e+07	 7.30799e+09	 7.30799e+09	 1.62576e+08	 5.59723e+07	 5.59723e+07	 
   0.005	 2.45405e+07	 7.19876e+09	 7.19876e+09	 1.53673e+08	 5.32362e+07	 5.32362e+07	 
 0.00505	 2.36178e+07	 7.08858e+09	 7.08858e+09	 1.45263e+08	 5.06497e+07	 5.06497e+07	 
  0.0051	 2.27068e+07	 6.97717e+09	 6.97717e+09	 1.3721e+08	 4.81517e+07	 4.81517e+07	 
 0.00515	 2.1814e+07	 6.8647e+09	 6.8647e+09	 1.29532e+08	 4.57511e+07	 4.57511e+07	 
  0.0052	 2.09492e+07	 6.7512e+09	 6.7512e+09	 1.22198e+08	 4.34488e+07	 4.34488e+07	 
 0.00525	 2.01134e+07	 6.63699e+09	 6.63699e+09	 1.153e+08	 4.12658e+07	 4.12658e+07	 
  0.0053	 1.93014e+07	 6.5219e+09	 6.5219e+09	 1.08747e+08	 3.91781e+07	 3.91781e+07	 
 0.00535	 1.85393e+07	 6.40647e+09	 6.40647e+09	 1.02596e+08	 3.72185e+07	 3.72185e+07	 
  0.0054	 1.77993e+07	 6.29032e+09	 6.29032e+09	 9.67761e+07	 3.53495e+07	 3.53495e+07	 
 0.00545	 1.70712e+07	 6.17342e+09	 6.17342e+09	 9.12168e+07	 3.35478e+07	 3.35478e+07	 
  0.0055	 1.6388e+07	 6.05648e+09	 6.05648e+09	 8.59877e+07	 3.18545e+07	 3.18545e+07	 
 0.00555	 1.57312e+07	 5.93916e+09	 5.93916e+09	 8.10808e+07	 3.02531e+07	 3.02531e+07	 
  0.0056	 1.50905e+07	 5.82173e+09	 5.82173e+09	 7.64202e+07	 2.87192e+07	 2.87192e+07	 
 0.00565	 1.44736e+07	 5.70421e+09	 5.70421e+09	 7.20112e+07	 2.72596e+07	 2.72596e+07	 
  0.0057	 1.38743e+07	 5.58659e+09	 5.58659e+09	 6.78304e+07	 2.58644e+07	 2.58644e+07	 
 0.00575	 1.32918e+07	 5.46918e+09	 5.46918e+09	 6.38648e+07	 2.45301e+07	 2.45301e+07	 
  0.0058	 1.27347e+07	 5.35184e+09	 5.35184e+09	 6.01337e+07	 2.32677e+07	 2.32677e+07	 
 0.00585	 1.21997e+07	 5.23473e+09	 5.23473e+09	 5.6582e+07	 2.20623e+07	 2.20623e+07	 
  0.0059	 1.16841e+07	 5.11832e+09	 5.11832e+09	 5.33186e+07	 2.09361e+07	 2.09361e+07	 
 0.00595	 1.11892e+07	 5.00228e+09	 5.00228e+09	 5.02127e+07	 1.9861e+07	 1.9861e+07	 
   0.006	 1.07274e+07	 4.88681e+09	 4.88681e+09	 4.73351e+07	 1.88624e+07	 1.88624e+07	 
 0.00605	 1.02726e+07	 4.772e+09	 4.772e+09	 4.45982e+07	 1.79004e+07	 1.79004e+07	 
  0.0061	 9.8369e+06	 4.65803e+09	 4.65803e+09	 4.20379e+07	 1.69926e+07	 1.69926e+07	 
 0.00615	 9.41603e+06	 4.5449e+09	 4.5449e+09	 3.95805e+07	 1.61192e+07	 1.61192e+07	 
  0.0062	 9.01958e+06	 4.4328e+09	 4.4328e+09	 3.73472e+07	 1.53145e+07	 1.53145e+07	 
 0.00625	 8.63035e+06	 4.32151e+09	 4.32151e+09	 3.52198e+07	 1.4539e+07	 1.4539e+07	 
  0.0063	 8.25643e+06	 4.21153e+09	 4.21153e+09	 3.32194e+07	 1.38037e+07	 1.38037e+07	 
 0.00635	 7.89127e+06	 4.10269e+09	 4.10269e+09	 3.1318e+07	 1.30971e+07	 1.30971e+07	 
  0.0064	 7.54027e+06	 3.99516e+09	 3.99516e+09	 2.95294e+07	 1.24267e+07	 1.24267e+07	 
 0.00645	 7.20526e+06	 3.88879e+09	 3.88879e+09	 2.77985e+07	 1.17815e+07	 1.17815e+07	 
  0.0065	 6.8814e+06	 3.7842e+09	 3.7842e+09	 2.62298e+07	 1.1181e+07	 1.1181e+07	 
 0.00655	 6.57072e+06	 3.68075e+09	 3.68075e+09	 2.47561e+07	 1.06119e+07	 1.06119e+07	 
  0.0066	 6.27573e+06	 3.57899e+09	 3.57899e+09	 2.33776e+07	 1.00761e+07	 1.00761e+07	 
 0.00665	 5.99856e+06	 3.4787e+09	 3.4787e+09	 2.20981e+07	 9.57619e+06	 9.57619e+06	 
  0.0067	 5.73362e+06	 3.38032e+09	 3.38032e+09	 2.08993e+07	 9.10374e+06	 9.10374e+06	 
 0.00675	 5.48008e+06	 3.28338e+09	 3.28338e+09	 1.97207e+07	 8.64463e+06	 8.64463e+06	 
  0.0068	 5.23381e+06	 3.18835e+09	 3.18835e+09	 1.86692e+07	 8.21943e+06	 8.21943e+06	 
 0.00685	 5.00189e+06	 3.09503e+09	 3.09503e+09	 1.77002e+07	 7.82371e+06	 7.82371e+06	 
  0.0069	 4.78366e+06	 3.00345e+09	 3.00345e+09	 1.68019e+07	 7.45434e+06	 7.45434e+06	 
 0.00695	 4.56919e+06	 2.91386e+09	 2.91386e+09	 1.59434e+07	 7.09676e+06	 7.09676e+06	 
   0.007	 4.36202e+06	 2.82602e+09	 2.82602e+09	 1.51324e+07	 6.75541e+06	 6.75541e+06	 
 0.00705	 4.16026e+06	 2.74007e+09	 2.74007e+09	 1.43608e+07	 6.42701e+06	 6.42701e+06	 
  0.0071	 3.96848e+06	 2.65601e+09	 2.65601e+09	 1.36181e+07	 6.1128e+06	 6.1128e+06	 
 0.00715	 3.78213e+06	 2.57388e+09	 2.57388e+09	 1.29423e+07	 5.8177e+06	 5.8177e+06	 
  0.0072	 3.60255e+06	 2.49362e+09	 2.49362e+09	 1.23021e+07	 5.53576e+06	 5.53576e+06	 
 0.00725	 3.43133e+06	 2.41526e+09	 2.41526e+09	 1.1703e+07	 5.26945e+06	 5.26945e+06	 
  0.0073	 3.27248e+06	 2.33885e+09	 2.33885e+09	 1.11542e+07	 5.02395e+06	 5.02395e+06	 
 0.00735	 3.12106e+06	 2.26433e+09	 2.26433e+09	 1.06402e+07	 4.79196e+06	 4.79196e+06	 
  0.0074	 2.97102e+06	 2.19168e+09	 2.19168e+09	 1.01257e+07	 4.56092e+06	 4.56092e+06	 
 0.00745	 2.82925e+06	 2.1209e+09	 2.1209e+09	 9.66918e+06	 4.34922e+06	 4.34922e+06	 
  0.0075	 2.69601e+06	 2.05201e+09	 2.05201e+09	 9.24484e+06	 4.15129e+06	 4.15129e+06	 
 0.00755	 2.57419e+06	 1.98497e+09	 1.98497e+09	 8.86327e+06	 3.97175e+06	 3.97175e+06	 
  0.0076	 2.45844e+06	 1.91973e+09	 1.91973e+09	 8.50645e+06	 3.80243e+06	 3.80243e+06	 
 0.00765	 2.34477e+06	 1.85627e+09	 1.85627e+09	 8.16345e+06	 3.63779e+06	 3.63779e+06	 
  0.0077	 2.2348e+06	 1.79457e+09	 1.79457e+09	 7.82132e+06	 3.47623e+06	 3.47623e+06	 
 0.00775	 2.12968e+06	 1.7346e+09	 1.7346e+09	 7.52033e+06	 3.32759e+06	 3.32759e+06	 
  0.0078	 2.02803e+06	 1.67641e+09	 1.67641e+09	 7.23555e+06	 3.18524e+06	 3.18524e+06	 
 0.00785	 1.92927e+06	 1.61981e+09	 1.61981e+09	 6.96165e+06	 3.04756e+06	 3.04756e+06	 
  0.0079	 1.83454e+06	 1.56485e+09	 1.56485e+09	 6.70303e+06	 2.91642e+06	 2.91642e+06	 
 0.00795	 1.74517e+06	 1.51148e+09	 1.51148e+09	 6.46248e+06	 2.79345e+06	 2.79345e+06	 
   0.008	 1.66031e+06	 1.45969e+09	 1.45969e+09	 6.22588e+06	 2.67487e+06	 2.67487e+06	 
 0.00805	 1.57897e+06	 1.40941e+09	 1.40941e+09	 6.01577e+06	 2.56492e+06	 2.56492e+06	 
  0.0081	 1.50017e+06	 1.36064e+09	 1.36064e+09	 5.81569e+06	 2.45917e+06	 2.45917e+06	 
 0.00815	 1.42427e+06	 1.31331e+09	 1.31331e+09	 5.62466e+06	 2.35768e+06	 2.35768e+06	 
  0.0082	 1.35388e+06	 1.26739e+09	 1.26739e+09	 5.44968e+06	 2.26404e+06	 2.26404e+06	 
 0.00825	 1.29017e+06	 1.22287e+09	 1.22287e+09	 5.29333e+06	 2.17975e+06	 2.17975e+06	 
  0.0083	 1.22783e+06	 1.17971e+09	 1.17971e+09	 5.14139e+06	 2.0975e+06	 2.0975e+06	 
 0.00835	 1.16994e+06	 1.13784e+09	 1.13784e+09	 4.99666e+06	 2.02031e+06	 2.02031e+06	 
  0.0084	 1.11483e+06	 1.09728e+09	 1.09728e+09	 4.8657e+06	 1.94835e+06	 1.94835e+06	 
 0.00845	 1.06094e+06	 1.05792e+09	 1.05792e+09	 4.73742e+06	 1.87792e+06	 1.87792e+06	 
  0.0085	 1.00916e+06	 1.01978e+09	 1.01978e+09	 4.6149e+06	 1.81043e+06	 1.81043e+06	 
 0.00855	   959016	 9.82811e+08	 9.82811e+08	 4.49665e+06	 1.74515e+06	 1.74515e+06	 
  0.0086	   911250	 9.4696e+08	 9.4696e+08	 4.38433e+06	 1.68304e+06	 1.68304e+06	 
 0.00865	   866230	 9.12242e+08	 9.12242e+08	 4.27648e+06	 1.62406e+06	 1.62406e+06	 
  0.0087	   822290	 8.78604e+08	 8.78604e+08	 4.17468e+06	 1.56726e+06	 1.56726e+06	 
 0.00875	   780412	 8.46018e+08	 8.46018e+08	 4.07708e+06	 1.513e+06	 1.513e+06	 
  0.0088	   740798	 8.14453e+08	 8.14453e+08	 3.9846e+06	 1.46164e+06	 1.46164e+06	 
 0.00885	   701890	 7.83872e+08	 7.83872e+08	 3.89307e+06	 1.41103e+06	 1.41103e+06	 
  0.0089	   666145	 7.54283e+08	 7.54283e+08	 3.80913e+06	 1.36458e+06	 1.36458e+06	 
 0.00895	   632809	 7.25636e+08	 7.25636e+08	 3.7296e+06	 1.32098e+06	 1.32098e+06	 
   0.009	   601489	 6.97883e+08	 6.97883e+08	 3.65456e+06	 1.27994e+06	 1.27994e+06	 
 0.00905	   570545	 6.71049e+08	 6.71049e+08	 3.57943e+06	 1.23918e+06	 1.23918e+06	 
  0.0091	   542454	 6.45096e+08	 6.45096e+08	 3.50927e+06	 1.20174e+06	 1.20174e+06	 
 0.00915	   516089	 6.19972e+08	 6.19972e+08	 3.44179e+06	 1.16624e+06	 1.16624e+06	 
  0.0092	   490581	 5.95706e+08	 5.95706e+08	 3.37534e+06	 1.13163e+06	 1.13163e+06	 
 0.00925	   466076	 5.7222e+08	 5.7222e+08	 3.30816e+06	 1.09764e+06	 1.09764e+06	 
  0.0093	   443001	 5.49529e+08	 5.49529e+08	 3.24633e+06	 1.06596e+06	 1.06596e+06	 
 0.00935	   420487	 5.27601e+08	 5.27601e+08	 3.18447e+06	 1.0347e+06	 1.0347e+06	 
  0.0094	   398823	 5.06419e+08	 5.06419e+08	 3.12353e+06	 1.00431e+06	 1.00431e+06	 
 0.00945	   378206	 4.85954e+08	 4.85954e+08	 3.06412e+06	   975068	   975068	 
  0.0095	   358545	 4.6622e+08	 4.6622e+08	 3.00572e+06	   946800	   946800	 
 0.00955	   339803	 4.47154e+08	 4.47154e+08	 2.94857e+06	   919523	   919523	 
  0.0096	   321835	 4.28788e+08	 4.28788e+08	 2.89207e+06	   892993	   892993	 
 0.00965	   305117	 4.11059e+08	 4.11059e+08	 2.83794e+06	   867960	   867960	 
  0.0097	   289081	 3.93972e+08	 3.93972e+08	 2.784e+06	   843500	   843500	 
 0.00975	   273784	 3.77495e+08	 3.77495e+08	 2.73063e+06	   819743	   819743	 
  0.0098	   259045	 3.61645e+08	 3.61645e+08	 2.67747e+06	   796466	   796466	 
 0.00985	   245793	 3.46358e+08	 3.46358e+08	 2.62653e+06	   774840	   774840	 
  0.0099	   233743	 3.31657e+08	 3.31657e+08	 2.57737e+06	   754543	   754543	 
 0.00995	   222233	 3.17496e+08	 3.17496e+08	 2.52886e+06	   734812	   734812	 
    0.01	   211225	 3.03891e+08	 3.03891e+08	 2.48082e+06	   715575	   715575	 
 0.01005	   200459	 2.90785e+08	 2.90785e+08	 2.43252e+06	   696467	   696467	 
  0.0101	   190162	 2.78199e+08	 2.78199e+08	 2.38448e+06	   677782	   677782	 
 0.01015	   180163	 2.66106e+08	 2.66106e+08	 2.33664e+06	   659374	   659374	 
  0.0102	   170540	 2.54474e+08	 2.54474e+08	 2.289e+06	   641303	   641303	 
 0.01025	   161639	 2.43311e+08	 2.43311e+08	 2.24276e+06	   624105	   624105	 
  0.0103	   153139	 2.3259e+08	 2.3259e+08	 2.19728e+06	   607387	   607387	 
 0.01035	   144708	 2.22299e+08	 2.22299e+08	 2.1512e+06	   590590	   590590	 
  0.0104	   136804	 2.12426e+08	 2.12426e+08	 2.10592e+06	   574381	   574381	 
 0.01045	   129326	 2.02956e+08	 2.02956e+08	 2.06101e+06	   558584	   558584	 
  0.0105	   122277	 1.93874e+08	 1.93874e+08	 2.01707e+06	   543338	   543338	 
 0.01055	   115494	 1.85166e+08	 1.85166e+08	 1.97349e+06	   528378	   528378	 
  0.0106	   109549	 1.76825e+08	 1.76825e+08	 1.93169e+06	   514464	   514464	 
 0.01065	   104240	 1.68831e+08	 1.68831e+08	 1.89097e+06	   501288	   501288	 
  0.0107	  99061.6	 1.61173e+08	 1.61173e+08	 1.85033e+06	   488228	   488228	 
 0.01075	  94022.9	 1.5384e+08	 1.5384e+08	 1.81e+06	   475346	   475346	 
  0.0108	  89173.6	 1.46819e+08	 1.46819e+08	 1.77004e+06	   462695	   462695	 
 0.01085	  84398.6	 1.40096e+08	 1.40096e+08	 1.73021e+06	   450130	   450130	 
  0.0109	  79892.1	 1.33664e+08	 1.33664e+08	 1.69109e+06	   437932	   437932	 
 0.01095	  75735.2	 1.2751e+08	 1.2751e+08	 1.65298e+06	   426230	   426230	 
   0.011	  71744.7	 1.21623e+08	 1.21623e+08	 1.61531e+06	   414755	   414755	 
 0.01105	    67780	 1.15993e+08	 1.15993e+08	 1.57778e+06	   403332	   403332	 
  0.0111	  63935.7	 1.1061e+08	 1.1061e+08	 1.54063e+06	   392086	   392086	 
 0.01115	  60308.9	 1.05462e+08	 1.05462e+08	 1.50404e+06	   381133	   381133	 
  0.0112	  56956.4	 1.00543e+08	 1.00543e+08	 1.46843e+06	   370614	   370614	 
 0.01125	  53850.3	 9.5843e+07	 9.5843e+07	 1.43367e+06	   360474	   360474	 
  0.0113	    50873	 9.13496e+07	 9.13496e+07	 1.39947e+06	   350558	   350558	 
 0.01135	  48160.6	 8.70614e+07	 8.70614e+07	 1.36605e+06	   341022	   341022	 
  0.0114	  45763.8	 8.29628e+07	 8.29628e+07	 1.33351e+06	   331927	   331927	 
 0.01145	  43460.2	 7.90498e+07	 7.90498e+07	 1.30149e+06	   323020	   323020	 
  0.0115	  41189.6	 7.53142e+07	 7.53142e+07	 1.26984e+06	   314221	   314221	 
 0.01155	  39022.7	 7.17469e+07	 7.17469e+07	 1.23866e+06	   305605	   305605	 
  0.0116	  36966.2	 6.83414e+07	 6.83414e+07	 1.20817e+06	   297232	   297232	 
 0.01165	  35009.2	 6.50931e+07	 6.50931e+07	 1.17818e+06	   289044	   289044	 
  0.0117	  33177.8	 6.19908e+07	 6.19908e+07	 1.14894e+06	   281122	   281122	 
 0.01175	  31359.7	 5.90328e+07	 5.90328e+07	 1.12007e+06	   273293	   273293	 
  0.0118	  29556.7	 5.62078e+07	 5.62078e+07	 1.09158e+06	   265560	   265560	 
 0.01185	  27857.6	 5.35146e+07	 5.35146e+07	 1.0637e+06	   258043	   258043	 
  0.0119	  26277.2	 5.09469e+07	 5.09469e+07	 1.03651e+06	   250771	   250771	 
 0.01195	  24853.2	 4.84969e+07	 4.84969e+07	 1.01007e+06	   243788	   243788	 
   0.012	  23458.7	 4.61626e+07	 4.61626e+07	   984062	   236924	   236924	 
 0.01205	  22081.5	 4.39339e+07	 4.39339e+07	   958478	   230167	   230167	 
  0.0121	  20872.4	 4.18107e+07	 4.18107e+07	   933567	   223691	   223691	 
 0.01215	  19820.5	 3.97877e+07	 3.97877e+07	   909396	   217502	   217502	 
  0.0122	  18777.5	 3.78592e+07	 3.78592e+07	   885711	   211427	   211427	 
 0.01225	    17807	 3.60224e+07	 3.60224e+07	   862514	   205518	   205518	 
  0.0123	  16876.1	 3.42705e+07	 3.42705e+07	   839806	   199747	   199747	 
 0.01235	  15989.8	 3.26007e+07	 3.26007e+07	   817515	   194105	   194105	 
  0.0124	  15154.2	 3.10114e+07	 3.10114e+07	   795803	   188630	   188630	 
 0.01245	  14334.8	 2.94964e+07	 2.94964e+07	   774434	   183244	   183244	 
  0.0125	  13527.4	 2.80541e+07	 2.80541e+07	   753511	   177966	   177966	 
 0.01255	  12744.1	 2.66803e+07	 2.66803e+07	   733055	   172811	   172811	 
  0.0126	  12027.9	 2.53707e+07	 2.53707e+07	   713111	   167822	   167822	 
 0.01265	  11334.9	 2.41252e+07	 2.41252e+07	   693602	   162948	   162948	 
  0.0127	  10694.8	 2.29386e+07	 2.29386e+07	   674468	   158198	   158198	 
 0.01275	    10074	 2.18089e+07	 2.18089e+07	   655850	   153578	   153578	 
  0.0128	  9477.94	 2.07335e+07	 2.07335e+07	   637631	   149066	   149066	 
 0.01285	  8947.07	 1.97098e+07	 1.97098e+07	   619919	   144717	   144717	 
  0.0129	  8486.34	 1.87355e+07	 1.87355e+07	   602673	   140526	   140526	 
 0.01295	  8044.93	 1.78082e+07	 1.78082e+07	   585842	   136443	   136443	 
   0.013	  7631.36	 1.69257e+07	 1.69257e+07	   569419	   132472	   132472	 
 0.01305	  7224.97	 1.60859e+07	 1.60859e+07	   553371	   128589	   128589	 
  0.0131	  6843.86	 1.52869e+07	 1.52869e+07	   537438	   124752	   124752	 
 0.01315	  6482.39	 1.45266e+07	 1.45266e+07	   522137	   121071	   121071	 
  0.0132	  6126.16	 1.38033e+07	 1.38033e+07	   507181	   117470	   117470	 
 0.01325	   5781.9	 1.31149e+07	 1.31149e+07	   492546	   113951	   113951	 
  0.0133	  5429.59	 1.24603e+07	 1.24603e+07	   478257	   110501	   110501	 
 0.01335	  5118.97	 1.18377e+07	 1.18377e+07	   464324	   107163	   107163	 
  0.0134	  4819.31	 1.12455e+07	 1.12455e+07	   450727	   103909	   103909	 
 0.01345	  4547.03	 1.06822e+07	 1.06822e+07	   437362	   100727	   100727	 
  0.0135	  4273.85	 1.01466e+07	 1.01466e+07	   424422	    97639	    97639	 
 0.01355	  4013.64	 9.63723e+06	 9.63723e+06	   411811	  94634.2	  94634.2	 
  0.0136	  3783.05	 9.15311e+06	 9.15311e+06	   399536	  91727.2	  91727.2	 
 0.01365	  3589.05	 8.6927e+06	 8.6927e+06	   387607	  88925.5	  88925.5	 
  0.0137	  3374.76	 8.25521e+06	 8.25521e+06	   375867	    86150	    86150	 
 0.01375	  3202.54	 7.83907e+06	 7.83907e+06	   364475	  83484.5	  83484.5	 
  0.0138	  3033.47	 7.44352e+06	 7.44352e+06	   353429	  80898.2	  80898.2	 
 0.01385	  2875.98	 7.06781e+06	 7.06781e+06	   342655	  78381.7	  78381.7	 
  0.0139	  2723.39	 6.71049e+06	 6.71049e+06	   331971	  75888.7	  75888.7	 
 0.01395	  2574.32	 6.37092e+06	 6.37092e+06	   321757	    73503	    73503	 
   0.014	  2426.15	 6.04813e+06	 6.04813e+06	   311765	  71167.3	  71167.3	 
 0.01405	  2283.88	 5.74153e+06	 5.74153e+06	   302052	  68898.3	  68898.3	 
  0.0141	  2130.48	 5.4501e+06	 5.4501e+06	   292487	  66653.4	  66653.4	 
 0.01415	  2006.33	 5.17316e+06	 5.17316e+06	   283260	  64506.3	  64506.3	 
  0.0142	  1889.65	 4.91019e+06	 4.91019e+06	   274293	  62422.9	  62422.9	 
 0.01425	  1775.47	 4.66032e+06	 4.66032e+06	   265435	  60365.7	  60365.7	 
  0.0143	  1666.36	 4.42289e+06	 4.42289e+06	   256911	  58386.7	  58386.7	 
 0.01435	  1538.96	 4.19719e+06	 4.19719e+06	   248648	  56451.4	  56451.4	 
  0.0144	  1461.88	 3.98305e+06	 3.98305e+06	   240608	  54604.9	  54604.9	 
 0.01445	  1388.01	 3.77966e+06	 3.77966e+06	   232785	  52808.9	  52808.9	 
  0.0145	  1309.49	 3.58648e+06	 3.58648e+06	   225085	  51036.9	  51036.9	 
 0.01455	   1221.6	 3.40286e+06	 3.40286e+06	   217681	  49323.2	  49323.2	 
  0.0146	  1158.65	 3.22857e+06	 3.22857e+06	   210490	  47676.3	  47676.3	 
 0.01465	  1097.04	 3.06319e+06	 3.06319e+06	   203489	  46072.6	  46072.6	 
  0.0147	  1035.63	 2.90595e+06	 2.90595e+06	   196673	  44510.2	  44510.2	 
 0.01475	  961.748	 2.75682e+06	 2.75682e+06	   190035	  42977.5	  42977.5	 
  0.0148	  906.027	 2.61512e+06	 2.61512e+06	   183589	  41501.7	  41501.7	 
 0.01485	  852.297	 2.48066e+06	 2.48066e+06	   177321	  40067.2	  40067.2	 
  0.0149	  798.179	 2.35289e+06	 2.35289e+06	   171233	  38672.2	  38672.2	 
 0.01495	  738.936	 2.23165e+06	 2.23165e+06	   165302	  37308.2	  37308.2	 
   0.015	  694.077	 2.11659e+06	 2.11659e+06	   159553	  35995.6	  35995.6	 
 0.01505	  651.358	 2.00736e+06	 2.00736e+06	   153916	  34709.9	  34709.9	 
  0.0151	  609.058	 1.90367e+06	 1.90367e+06	   148502	  33473.8	  33473.8	 
 0.01515	  563.721	 1.80527e+06	 1.80527e+06	   143249	  32271.1	  32271.1	 
  0.0152	  535.943	 1.71191e+06	 1.71191e+06	   138157	    31118	    31118	 
 0.01525	  508.436	 1.62331e+06	 1.62331e+06	   133211	  29997.5	  29997.5	 
  0.0153	  482.882	 1.53923e+06	 1.53923e+06	   128397	  28907.9	  28907.9	 
 0.01535	   458.14	 1.45943e+06	 1.45943e+06	   123744	  27854.6	  27854.6	 
  0.0154	  433.488	 1.38372e+06	 1.38372e+06	   119208	  26827.5	  26827.5	 
 0.01545	  409.062	 1.31187e+06	 1.31187e+06	   114826	  25834.8	  25834.8	 
  0.0155	  384.883	 1.24372e+06	 1.24372e+06	   110544	  24864.5	  24864.5	 
 0.01555	  362.992	 1.17903e+06	 1.17903e+06	   106432	  23933.6	  23933.6	 
  0.0156	  341.189	 1.11766e+06	 1.11766e+06	   102429	  23027.1	  23027.1	 
 0.01565	  319.845	 1.05945e+06	 1.05945e+06	    98570	    22153	    22153	 
  0.0157	  292.827	 1.0042e+06	 1.0042e+06	  94820.3	  21298.7	  21298.7	 
 0.01575	  275.068	   951830	   951830	    91185	  20477.1	  20477.1	 
  0.0158	   257.88	   902137	   902137	  87657.5	  19679.8	  19679.8	 
 0.01585	  242.916	   855017	   855017	  84271.8	  18915.8	  18915.8	 
  0.0159	  230.281	   810329	   810329	  80982.3	    18175	    18175	 
 0.01595	  218.913	   767940	   767940	  77822.6	    17464	    17464	 
   0.016	  205.174	   727731	   727731	  74692.9	  16757.8	  16757.8	 
 0.01605	  195.012	   689608	   689608	  71745.4	  16094.9	  16094.9	 
  0.0161	   181.99	   653455	   653455	  68893.5	    15451	    15451	 
 0.01615	  172.084	   619181	   619181	  66141.2	  14831.7	  14831.7	 
  0.0162	  157.122	   586650	   586650	  63479.5	  14228.6	  14228.6	 
 0.01625	  147.882	   555830	   555830	  60911.9	  13650.8	  13650.8	 
  0.0163	   139.35	   526597	   526597	  58432.8	  13093.3	  13093.3	 
 0.01635	  128.811	   498894	   498894	  56040.9	  12553.6	  12553.6	 
  0.0164	  120.051	   472626	   472626	  53735.2	  12034.4	  12034.4	 
 0.01645	  110.168	   447708	   447708	  51512.6	  11532.8	  11532.8	 
  0.0165	  99.0336	   424093	   424093	  49366.3	  11047.2	  11047.2	 
 0.01655	  92.6475	   401710	   401710	  47300.8	  10583.2	  10583.2	 
  0.0166	  87.1009	   380512	   380512	  45314.1	  10137.4	  10137.4	 
 0.01665	  79.2066	   360390	   360390	  43398.6	  9705.63	  9705.63	 
  0.0167	  75.3572	   341343	   341343	  41557.7	  9293.55	  9293.55	 
 0.01675	  59.6944	   323256	   323256	  39781.1	  8886.58	  8886.58	 
  0.0168	  56.8266	   306141	   306141	  38076.5	  8505.55	  8505.55	 
 0.01685	  53.9582	   289926	   289926	  36433.3	  8138.16	  8138.16	 
  0.0169	  51.0892	   274563	   274563	  34855.8	  7785.39	  7785.39	 
 0.01695	  48.2193	   259990	   259990	  33337.6	  7445.78	  7445.78	 
   0.017	  45.4307	   246194	   246194	  31864.5	  7116.26	  7116.26	 
 0.01705	  42.7193	   233121	   233121	  30463.8	  6802.88	  6802.88	 
  0.0171	  40.0628	   220732	   220732	  29087.5	  6494.98	  6494.98	 
 0.01715	  37.8053	   208991	   208991	  27798.8	  6206.85	  6206.85	 
  0.0172	  35.5458	   197870	   197870	  26558.3	  5929.43	  5929.43	 
 0.01725	  33.2841	   187334	   187334	  25368.3	  5663.22	  5663.22	 
  0.0173	  31.0873	   177350	   177350	  24225.3	  5407.53	  5407.53	 
 0.01735	  29.2506	   167896	   167896	  23118.8	  5160.21	  5160.21	 
  0.0174	  27.7561	   158939	   158939	  22071.1	  4926.23	  4926.23	 
 0.01745	  26.5307	   150456	   150456	  21065.6	  4701.84	  4701.84	 
  0.0175	  25.3051	   142420	   142420	  20102.7	   4486.9	   4486.9	 
 0.01755	  24.0793	   134809	   134809	  19180.1	  4280.93	  4280.93	 
  0.0176	  22.8533	   127600	   127600	  18296.6	  4083.63	  4083.63	 
 0.01765	  21.6269	   120773	   120773	  17450.1	  3894.57	  3894.57	 
  0.0177	  20.4002	   114307	   114307	  16639.8	  3713.55	  3713.55	 
 0.01775	  16.8162	   108174	   108174	  15863.2	  3538.18	  3538.18	 
  0.0178	  15.8019	   102375	   102375	  15121.1	   3372.5	   3372.5	 
 0.01785	  9.81712	  96867.1	  96867.1	  14409.3	  3209.68	  3209.68	 
  0.0179	  9.21035	  91670.1	  91670.1	  13730.4	  3058.32	  3058.32	 
 0.01795	  8.60356	  86747.1	  86747.1	    13081	  2913.55	  2913.55	 
   0.018	  7.99674	  82085.4	  82085.4	  12460.4	  2775.16	  2775.16	 
 0.01805	  6.76506	  77670.5	  77670.5	  11866.7	  2642.29	  2642.29	 
  0.0181	   4.0854	  73485.3	  73485.3	  11299.4	  2514.13	  2514.13	 
 0.01815	  3.81879	  69529.6	  69529.6	  10751.2	  2392.09	  2392.09	 
  0.0182	  3.66975	  65786.4	  65786.4	  10234.8	  2277.24	  2277.24	 
 0.01825	  3.52071	  62241.3	  62241.3	  9741.53	   2167.5	   2167.5	 
  0.0183	  3.37167	  58887.7	  58887.7	  9271.03	  2062.83	  2062.83	 
 0.01835	  3.22263	  55711.6	  55711.6	  8821.81	  1962.89	  1962.89	 
  0.0184	  3.07358	  52704.9	  52704.9	  8392.99	  1867.48	  1867.48	 
 0.01845	  2.92454	  49858.7	  49858.7	  7984.12	   1776.5	   1776.5	 
  0.0185	   2.7755	  47164.6	  47164.6	  7594.12	  1689.72	  1689.72	 
 0.01855	  2.62645	  44615.2	  44615.2	  7222.31	  1606.98	  1606.98	 
  0.0186	  2.47741	  42203.3	  42203.3	  6867.61	  1528.05	  1528.05	 
 0.01865	  2.32836	  39918.7	  39918.7	  6529.58	  1452.81	  1452.81	 
  0.0187	  2.17931	    37759	    37759	  6207.55	  1381.14	  1381.14	 
 0.01875	  2.03026	  35712.8	  35712.8	  5900.66	  1312.82	  1312.82	 
  0.0188	  1.88121	  33777.8	  33777.8	  5608.25	  1247.73	  1247.73	 
 0.01885	  1.73216	    31946	    31946	  5329.65	   1185.7	   1185.7	 
  0.0189	 0.226145	  30207.9	  30207.9	  5063.59	   1125.4	   1125.4	 
 0.01895	 0.217229	  28569.6	  28569.6	  4810.95	  1069.26	  1069.26	 
   0.019	 0.208313	  27018.2	  27018.2	  4570.59	  1015.84	  1015.84	 
 0.01905	 0.199398	  25550.5	  25550.5	  4341.85	  964.999	  964.999	 
  0.0191	 0.190482	  24160.5	  24160.5	  4124.08	  916.599	  916.599	 
 0.01915	 0.181566	  22847.4	  22847.4	  3916.83	  870.538	  870.538	 
  0.0192	  0.17265	  21604.2	  21604.2	  3719.67	  826.719	  826.719	 
 0.01925	 0.163734	  20428.4	  20428.4	  3531.95	  784.995	  784.995	 
  0.0193	 0.154818	    19316	    19316	  3353.65	  745.367	  745.367	 
 0.01935	 0.145901	  18263.3	  18263.3	   3183.9	   707.64	   707.64	 
  0.0194	 0.136985	  17267.8	  17267.8	  3022.49	  671.764	  671.764	 
 0.01945	 0.128069	  16326.2	  16326.2	   2869.2	  637.692	  637.692	 
  0.0195	 0.119153	  15435.4	  15435.4	  2723.36	  605.276	  605.276	 
 0.01955	 0.110236	  14592.9	  14592.9	  2584.53	   574.42	   574.42	 
  0.0196	  0.10132	  13795.9	  13795.9	  2452.73	  545.124	  545.124	 
 0.01965	 3.56156e-35	  13041.8	  13041.8	  2327.48	  517.211	  517.211	 
  0.0197	 3.56156e-35	  12329.1	  12329.1	  2208.61	  490.798	  490.798	 
 0.01975	 3.56156e-35	  11654.8	  11654.8	  2095.45	  465.651	  465.651	 
  0.0198	 3.56156e-35	  11017.2	  11017.2	  1988.02	  441.776	  441.776	 
 0.01985	 3.56156e-35	    10414	    10414	  1885.95	  419.095	  419.095	 
  0.0199	 3.56156e-35	  9843.84	  9843.84	  1789.02	  397.555	  397.555	 
 0.01995	 3.56156e-35	  9304.69	  9304.69	  1696.93	  377.092	  377.092	 
    0.02	 3.56156e-35	  8794.69	  8794.69	   1609.5	  357.662	  357.662	 
 0.02005	 3.56156e-35	  8312.57	  8312.57	  1526.47	  339.211	  339.211	 
  0.0201	 3.56156e-35	  7856.41	  7856.41	  1447.63	  321.691	  321.691	 
 0.02015	 3.56156e-35	  7425.44	  7425.44	  1372.76	  305.054	  305.054	 
  0.0202	 3.56156e-35	  7017.76	  7017.76	   1301.7	  289.264	  289.264	 
 0.02025	 3.56156e-35	  6632.25	  6632.25	  1234.24	  274.274	  274.274	 
  0.0203	 3.56156e-35	  6267.97	  6267.97	  1170.21	  260.043	  260.043	 
 0.02035	 3.56156e-35	  5923.31	  5923.31	  1109.44	  246.539	  246.539	 
  0.0204	 3.56156e-35	  5597.52	  5597.52	  1051.76	  233.722	  233.722	 
 0.02045	 3.56156e-35	  5289.61	  5289.61	  997.023	  221.558	  221.558	 
  0.0205	 3.56156e-35	  4998.44	  4998.44	   945.07	  210.013	  210.013	 
 0.02055	 3.56156e-35	  4723.37	  4723.37	  895.792	  199.063	  199.063	 
  0.0206	 3.56156e-35	  4463.17	  4463.17	  849.037	  188.673	  188.673	 
 0.02065	 3.56156e-35	   4217.1	   4217.1	  804.671	  178.814	  178.814	 
  0.0207	 3.56156e-35	  3984.75	  3984.75	  762.609	  169.467	  169.467	 
 0.02075	 3.56156e-35	  3764.96	  3764.96	  722.696	  160.597	  160.597	 
  0.0208	 3.56156e-35	  3557.16	  3557.16	  684.822	  152.181	  152.181	 
 0.02085	 3.56156e-35	  3360.85	  3360.85	  648.921	  144.203	  144.203	 
  0.0209	 3.56156e-35	  3175.37	  3175.37	  614.864	  136.635	  136.635	 
 0.02095	 3.56156e-35	  2999.86	  2999.86	   582.56	  129.456	  129.456	 
   0.021	 3.56156e-35	  2834.19	  2834.19	  551.945	  122.653	  122.653	 
 0.02105	 3.56156e-35	  2677.53	  2677.53	  522.887	  116.196	  116.196	 
  0.0211	 3.56156e-35	  2529.42	  2529.42	  495.365	   110.08	   110.08	 
 0.02115	 3.56156e-35	  2389.54	  2389.54	  469.245	  104.276	  104.276	 
  0.0212	 3.56156e-35	  2257.25	  2257.25	  444.486	  98.7736	  98.7736	 
 0.02125	 3.56156e-35	  2132.29	  2132.29	  421.042	  93.5639	  93.5639	 
  0.0213	 3.56156e-35	  2014.19	  2014.19	  398.783	  88.6174	  88.6174	 
 0.02135	 3.56156e-35	  1902.59	  1902.59	  377.708	  83.9341	  83.9341	 
  0.0214	 3.56156e-35	  1797.14	  1797.14	  357.707	  79.4896	  79.4896	 
 0.02145	 3.56156e-35	   1697.5	   1697.5	  338.781	  75.2839	  75.2839	 
  0.0215	 3.56156e-35	  1603.34	  1603.34	   320.82	  71.2926	  71.2926	 
 0.02155	 3.56156e-35	  1514.38	  1514.38	  303.802	  67.5109	  67.5109	 
  0.0216	 3.56156e-35	  1430.32	  1430.32	  287.683	  63.9289	  63.9289	 
 0.02165	 3.56156e-35	   1350.9	   1350.9	  272.398	  60.5322	  60.5322	 
  0.0217	 3.56156e-35	  1275.86	  1275.86	  257.924	  57.3158	  57.3158	 
 0.02175	 3.56156e-35	  1204.97	  1204.97	  244.195	   54.265	   54.265	 
  0.0218	 3.56156e-35	  1137.97	  1137.97	  231.213	    51.38	    51.38	 
 0.02185	 3.56156e-35	   1074.7	   1074.7	  218.888	  48.6411	  48.6411	 
  0.0219	 3.56156e-35	  1014.92	  1014.92	  207.221	  46.0485	  46.0485	 
 0.02195	 3.56156e-35	  958.424	  958.424	  196.168	  43.5923	  43.5923	 
   0.022	 3.56156e-35	  905.081	  905.081	  185.696	  41.2653	  41.2653	 
 0.02205	 3.56156e-35	  854.698	  854.698	  175.779	  39.0616	  39.0616	 
  0.0221	 3.56156e-35	  807.087	  807.087	  166.384	  36.9738	  36.9738	 
 0.02215	 3.56156e-35	  762.106	  762.106	  157.485	  34.9962	  34.9962	 
  0.0222	 3.56156e-35	  719.626	  719.626	  149.057	  33.1233	  33.1233	 
 0.02225	 3.56156e-35	  679.491	  679.491	  141.074	  31.3494	  31.3494	 
  0.0223	 3.56156e-35	   641.59	   641.59	  133.515	  29.6696	  29.6696	 
 0.02235	 3.56156e-35	  605.794	  605.794	  126.354	  28.0784	  28.0784	 
  0.0224	 3.56156e-35	  571.963	  571.963	  119.576	  26.5721	  26.5721	 
 0.02245	 3.56156e-35	  540.033	  540.033	  113.154	  25.1451	  25.1451	 
  0.0225	 3.56156e-35	  509.866	  509.866	  107.075	  23.7942	  23.7942	 
 0.02255	 3.56156e-35	  481.385	  481.385	  101.321	  22.5155	  22.5155	 
  0.0226	 3.56156e-35	  454.484	  454.484	  95.8689	   21.304	   21.304	 
 0.02265	 3.56156e-35	  429.071	  429.071	  90.7108	  20.1577	  20.1577	 
  0.0227	 3.56156e-35	  405.074	  405.074	  85.8247	  19.0719	  19.0719	 
 0.02275	 3.56156e-35	  382.405	  382.405	  81.1996	  18.0442	  18.0442	 
  0.0228	 3.56156e-35	  361.011	  361.011	  76.8223	  17.0714	  17.0714	 
 0.02285	 3.56156e-35	  340.788	  340.788	  72.6775	  16.1504	  16.1504	 
  0.0229	 3.56156e-35	  321.702	  321.702	  68.7541	  15.2785	  15.2785	 
 0.02295	 3.56156e-35	  303.686	  303.686	  65.0391	   14.453	   14.453	 
   0.023	 3.56156e-35	  286.674	  286.674	  61.5258	  13.6723	  13.6723	 
 0.02305	 3.56156e-35	  270.602	  270.602	  58.1968	  12.9325	  12.9325	 
  0.0231	 3.56156e-35	  255.421	  255.421	  55.0476	  12.2327	  12.2327	 
 0.02315	 3.56156e-35	  241.101	  241.101	  52.0694	  11.5709	  11.5709	 
  0.0232	 3.56156e-35	  227.564	  227.564	  49.2492	  10.9441	  10.9441	 
 0.02325	 3.56156e-35	  214.795	  214.795	   46.578	  10.3506	  10.3506	 
  0.0233	 3.56156e-35	  202.736	  202.736	  44.0539	  9.78963	  9.78963	 
 0.02335	 3.56156e-35	  191.349	  191.349	  41.6634	  9.25844	  9.25844	 
  0.0234	 3.56156e-35	    180.6	    180.6	  39.4002	   8.7555	   8.7555	 
 0.02345	 3.56156e-35	  170.452	  170.452	   37.262	  8.28035	  8.28035	 
  0.0235	 3.56156e-35	  160.869	  160.869	  35.2356	  7.83005	  7.83005	 
 0.02355	 3.56156e-35	  151.824	  151.824	  33.3211	   7.4046	   7.4046	 
  0.0236	 3.56156e-35	  143.285	  143.285	  31.5074	  7.00158	  7.00158	 
 0.02365	 3.56156e-35	  135.222	  135.222	  29.7925	  6.62048	  6.62048	 
  0.0237	 3.56156e-35	  127.612	  127.612	  28.1696	  6.25985	  6.25985	 
 0.02375	 3.56156e-35	  120.427	  120.427	  26.6345	  5.91871	  5.91871	 
  0.0238	 3.56156e-35	  113.647	  113.647	  25.1827	  5.59609	  5.59609	 
 0.02385	 3.56156e-35	  107.245	  107.245	  23.8099	  5.29102	  5.29102	 
  0.0239	 3.56156e-35	  101.202	  101.202	  22.5094	  5.00203	  5.00203	 
 0.02395	 3.56156e-35	  95.4972	  95.4972	  21.2815	  4.72917	  4.72917	 
   0.024	 3.56156e-35	  90.1137	  90.1137	   20.119	  4.47083	  4.47083	 
 0.02405	 3.56156e-35	   85.031	   85.031	  19.0194	  4.22648	  4.22648	 
  0.0241	 3.56156e-35	  80.2335	  80.2335	  17.9794	  3.99539	  3.99539	 
 0.02415	 3.56156e-35	  75.7069	  75.7069	  16.9959	  3.77682	  3.77682	 
  0.0242	 3.56156e-35	  71.4336	  71.4336	  16.0658	  3.57014	  3.57014	 
 0.02425	 3.56156e-35	  67.3996	  67.3996	  15.1859	  3.37462	  3.37462	 
  0.0243	 3.56156e-35	  63.5951	  63.5951	  14.3541	  3.18977	  3.18977	 
 0.02435	 3.56156e-35	  60.0014	  60.0014	  13.5673	  3.01491	  3.01491	 
  0.0244	 3.56156e-35	  56.6103	  56.6103	  12.8232	  2.84956	  2.84956	 
 0.02445	 3.56156e-35	  53.4109	  53.4109	  12.1199	  2.69327	  2.69327	 
  0.0245	 3.56156e-35	  50.3901	  50.3901	  11.4545	  2.54541	  2.54541	 
 0.02455	 3.56156e-35	  47.5414	  47.5414	  10.8255	  2.40564	  2.40564	 
  0.0246	 3.56156e-35	  44.8519	  44.8519	  10.2308	  2.27348	  2.27348	 
 0.02465	 3.56156e-35	  42.3126	  42.3126	  9.66847	  2.14852	  2.14852	 
  0.0247	 3.56156e-35	  39.9178	  39.9178	  9.13687	  2.03039	  2.03039	 
 0.02475	 3.56156e-35	  37.6586	  37.6586	  8.63423	   1.9187	   1.9187	 
  0.0248	 3.56156e-35	  35.5264	  35.5264	    8.159	  1.81309	  1.81309	 
 0.02485	 3.56156e-35	  33.5127	  33.5127	  7.70964	  1.71323	  1.71323	 
  0.0249	 3.56156e-35	   31.614	   31.614	  7.28507	  1.61889	  1.61889	 
 0.02495	 3.56156e-35	  29.8218	  29.8218	  6.88352	  1.52965	  1.52965	 
   0.025	 3.56156e-35	  28.1314	  28.1314	  6.50391	   1.4453	   1.4453	 
       0	        0	        0	        0	        0	        0	        0	 
