0.000000e+00 0.000000e+00 0.000000e+00 0.000000e+00 0.000000e+00 0.000000e+00 0.000000e+00 
5.000000e-05 3.979283e+05 8.259262e+03 8.259262e+03 3.073167e+05 9.820041e+03 9.820041e+03 
1.000000e-04 3.495878e+07 1.310520e+06 1.310520e+06 4.137123e+07 1.709659e+06 1.709659e+06 
1.500000e-04 4.817996e+08 2.412407e+07 2.412407e+07 6.240242e+08 3.250631e+07 3.250631e+07 
2.000000e-04 2.927522e+09 1.763459e+08 1.763459e+08 3.804558e+09 2.277344e+08 2.277344e+08 
2.500000e-04 8.079777e+09 5.816572e+08 5.816572e+08 1.091558e+10 7.474171e+08 7.474171e+08 
3.000000e-04 1.566400e+10 1.321705e+09 1.321705e+09 2.179580e+10 1.680045e+09 1.680045e+09 
3.500000e-04 2.696761e+10 2.573379e+09 2.573379e+09 3.753123e+10 3.190648e+09 3.190648e+09 
4.000000e-04 4.183062e+10 4.348534e+09 4.348534e+09 5.743608e+10 5.260086e+09 5.260086e+09 
4.500000e-04 5.776443e+10 6.310384e+09 6.310384e+09 7.846380e+10 7.520228e+09 7.520228e+09 
5.000000e-04 7.369512e+10 8.366572e+09 8.366572e+09 9.934863e+10 9.864949e+09 9.864949e+09 
5.500000e-04 8.923569e+10 1.049044e+10 1.049044e+10 1.194015e+11 1.225519e+10 1.225519e+10 
6.000000e-04 1.035559e+11 1.264744e+10 1.264744e+10 1.376668e+11 1.464138e+10 1.464138e+10 
6.500000e-04 1.168710e+11 1.481950e+10 1.481950e+10 1.539316e+11 1.698512e+10 1.698512e+10 
7.000000e-04 1.290580e+11 1.697639e+10 1.697639e+10 1.677246e+11 1.923387e+10 1.923387e+10 
7.500000e-04 1.397765e+11 1.903338e+10 1.903338e+10 1.786479e+11 2.130600e+10 2.130600e+10 
8.000000e-04 1.491344e+11 2.091386e+10 2.091386e+10 1.870458e+11 2.312858e+10 2.312858e+10 
8.500000e-04 1.570825e+11 2.258263e+10 2.258263e+10 1.929824e+11 2.468319e+10 2.468319e+10 
9.000000e-04 1.635130e+11 2.403082e+10 2.403082e+10 1.966050e+11 2.596186e+10 2.596186e+10 
9.500000e-04 1.687236e+11 2.525169e+10 2.525169e+10 1.983027e+11 2.698764e+10 2.698764e+10 
1.000000e-03 1.726726e+11 2.625790e+10 2.625790e+10 1.982171e+11 2.774888e+10 2.774888e+10 
1.050000e-03 1.754167e+11 2.703518e+10 2.703518e+10 1.965520e+11 2.827376e+10 2.827376e+10 
1.100000e-03 1.771228e+11 2.760581e+10 2.760581e+10 1.936077e+11 2.858059e+10 2.858059e+10 
1.150000e-03 1.777648e+11 2.796959e+10 2.796959e+10 1.895758e+11 2.867686e+10 2.867686e+10 
1.200000e-03 1.774446e+11 2.814397e+10 2.814397e+10 1.846392e+11 2.857863e+10 2.857863e+10 
1.250000e-03 1.762483e+11 2.814247e+10 2.814247e+10 1.790619e+11 2.830261e+10 2.830261e+10 
1.300000e-03 1.742356e+11 2.795910e+10 2.795910e+10 1.729145e+11 2.788382e+10 2.788382e+10 
1.350000e-03 1.713539e+11 2.761947e+10 2.761947e+10 1.662466e+11 2.732427e+10 2.732427e+10 
1.400000e-03 1.677337e+11 2.714726e+10 2.714726e+10 1.591950e+11 2.664433e+10 2.664433e+10 
1.450000e-03 1.634477e+11 2.654601e+10 2.654601e+10 1.519134e+11 2.586179e+10 2.586179e+10 
1.500000e-03 1.585774e+11 2.582997e+10 2.582997e+10 1.444553e+11 2.499148e+10 2.499148e+10 
1.550000e-03 1.531654e+11 2.500836e+10 2.500836e+10 1.369031e+11 2.405134e+10 2.405134e+10 
1.600000e-03 1.473110e+11 2.410815e+10 2.410815e+10 1.293576e+11 2.305290e+10 2.305290e+10 
1.650000e-03 1.410645e+11 2.313674e+10 2.313674e+10 1.218637e+11 2.201300e+10 2.201300e+10 
1.700000e-03 1.345595e+11 2.211665e+10 2.211665e+10 1.144662e+11 2.093831e+10 2.093831e+10 
1.750000e-03 1.279026e+11 2.105870e+10 2.105870e+10 1.072342e+11 1.984513e+10 1.984513e+10 
1.800000e-03 1.211145e+11 1.997731e+10 1.997731e+10 1.002166e+11 1.875029e+10 1.875029e+10 
1.850000e-03 1.142920e+11 1.888949e+10 1.888949e+10 9.347525e+10 1.766634e+10 1.766634e+10 
1.900000e-03 1.074786e+11 1.779864e+10 1.779864e+10 8.697438e+10 1.659315e+10 1.659315e+10 
1.950000e-03 1.007100e+11 1.671663e+10 1.671663e+10 8.077233e+10 1.554294e+10 1.554294e+10 
2.000000e-03 9.411176e+10 1.565448e+10 1.565448e+10 7.484896e+10 1.452035e+10 1.452035e+10 
2.050000e-03 8.770141e+10 1.461858e+10 1.461858e+10 6.923489e+10 1.353082e+10 1.353082e+10 
2.100000e-03 8.150466e+10 1.361620e+10 1.361620e+10 6.391160e+10 1.257805e+10 1.257805e+10 
2.150000e-03 7.554957e+10 1.264950e+10 1.264950e+10 5.884624e+10 1.166226e+10 1.166226e+10 
2.200000e-03 6.989029e+10 1.172701e+10 1.172701e+10 5.408243e+10 1.079183e+10 1.079183e+10 
2.250000e-03 6.454438e+10 1.085309e+10 1.085309e+10 4.966114e+10 9.972337e+09 9.972337e+09 
2.300000e-03 5.943703e+10 1.001577e+10 1.001577e+10 4.547180e+10 9.189637e+09 9.189637e+09 
2.350000e-03 5.463262e+10 9.226704e+09 9.226704e+09 4.160372e+10 8.456854e+09 8.456854e+09 
2.400000e-03 5.016326e+10 8.490738e+09 8.490738e+09 3.806509e+10 7.777167e+09 7.777167e+09 
2.450000e-03 4.596340e+10 7.797481e+09 7.797481e+09 3.477401e+10 7.139239e+09 7.139239e+09 
2.500000e-03 4.197077e+10 7.136753e+09 7.136753e+09 3.165931e+10 6.531848e+09 6.531848e+09 
2.550000e-03 3.829572e+10 6.526572e+09 6.526572e+09 2.881356e+10 5.971520e+09 5.971520e+09 
2.600000e-03 3.486834e+10 5.956051e+09 5.956051e+09 2.617653e+10 5.448150e+09 5.448150e+09 
2.650000e-03 3.168335e+10 5.424365e+09 5.424365e+09 2.373726e+10 4.960670e+09 4.960670e+09 
2.700000e-03 2.877988e+10 4.938488e+09 4.938488e+09 2.153375e+10 4.515903e+09 4.515903e+09 
2.750000e-03 2.616038e+10 4.498812e+09 4.498812e+09 1.956059e+10 4.113779e+09 4.113779e+09 
2.800000e-03 2.369679e+10 4.084519e+09 4.084519e+09 1.771077e+10 3.735036e+09 3.735036e+09 
2.850000e-03 2.140341e+10 3.697873e+09 3.697873e+09 1.599161e+10 3.381698e+09 3.381698e+09 
2.900000e-03 1.937834e+10 3.355153e+09 3.355153e+09 1.447690e+10 3.068659e+09 3.068659e+09 
2.950000e-03 1.743294e+10 3.025413e+09 3.025413e+09 1.302276e+10 2.767489e+09 2.767489e+09 
3.000000e-03 1.570915e+10 2.732278e+09 2.732278e+09 1.173660e+10 2.499869e+09 2.499869e+09 
3.050000e-03 1.415050e+10 2.466628e+09 2.466628e+09 1.057488e+10 2.257404e+09 2.257404e+09 
3.100000e-03 1.274870e+10 2.227043e+09 2.227043e+09 9.531272e+09 2.038777e+09 2.038777e+09 
3.150000e-03 1.146159e+10 2.006550e+09 2.006550e+09 8.573780e+09 1.837579e+09 1.837579e+09 
3.200000e-03 1.031566e+10 1.809623e+09 1.809623e+09 7.721658e+09 1.657850e+09 1.657850e+09 
3.250000e-03 9.248780e+09 1.625902e+09 1.625902e+09 6.928682e+09 1.490162e+09 1.490162e+09 
3.300000e-03 8.254479e+09 1.454392e+09 1.454392e+09 6.189706e+09 1.333597e+09 1.333597e+09 
3.350000e-03 7.390654e+09 1.304922e+09 1.304922e+09 5.547448e+09 1.197094e+09 1.197094e+09 
3.400000e-03 6.609954e+09 1.169523e+09 1.169523e+09 4.966726e+09 1.073397e+09 1.073397e+09 
3.450000e-03 5.926678e+09 1.050672e+09 1.050672e+09 4.457969e+09 9.647592e+08 9.647592e+08 
3.500000e-03 5.307963e+09 9.428161e+08 9.428161e+08 3.996992e+09 8.661332e+08 8.661332e+08 
3.550000e-03 4.756268e+09 8.463795e+08 8.463795e+08 3.585865e+09 7.779215e+08 7.779215e+08 
3.600000e-03 4.213407e+09 7.514479e+08 7.514479e+08 3.181438e+09 6.910895e+08 6.910895e+08 
3.650000e-03 3.757074e+09 6.713663e+08 6.713663e+08 2.841079e+09 6.177928e+08 6.177928e+08 
3.700000e-03 3.340666e+09 5.981578e+08 5.981578e+08 2.529977e+09 5.507446e+08 5.507446e+08 
3.750000e-03 2.981120e+09 5.347701e+08 5.347701e+08 2.260776e+09 4.926420e+08 4.926420e+08 
3.800000e-03 2.658650e+09 4.777969e+08 4.777969e+08 2.018946e+09 4.403862e+08 4.403862e+08 
3.850000e-03 2.383242e+09 4.289831e+08 4.289831e+08 1.812049e+09 3.955802e+08 3.955802e+08 
3.900000e-03 2.111964e+09 3.808855e+08 3.808855e+08 1.608384e+09 3.514376e+08 3.514376e+08 
3.950000e-03 1.872471e+09 3.383293e+08 3.383293e+08 1.428480e+09 3.123676e+08 3.123676e+08 
4.000000e-03 1.656779e+09 2.999317e+08 2.999317e+08 1.266121e+09 2.770890e+08 2.770890e+08 
4.050000e-03 1.469942e+09 2.665882e+08 2.665882e+08 1.125234e+09 2.464327e+08 2.464327e+08 
4.100000e-03 1.306134e+09 2.372874e+08 2.372874e+08 1.001334e+09 2.194661e+08 2.194661e+08 
4.150000e-03 1.168224e+09 2.125442e+08 2.125442e+08 8.967253e+08 1.966702e+08 1.966702e+08 
4.200000e-03 1.037981e+09 1.891514e+08 1.891514e+08 7.979337e+08 1.751169e+08 1.751169e+08 
4.250000e-03 9.152255e+08 1.670833e+08 1.670833e+08 7.048631e+08 1.547848e+08 1.547848e+08 
4.300000e-03 8.080163e+08 1.477696e+08 1.477696e+08 6.234055e+08 1.369769e+08 1.369769e+08 
4.350000e-03 7.143557e+08 1.308615e+08 1.308615e+08 5.521232e+08 1.213771e+08 1.213771e+08 
4.400000e-03 6.311511e+08 1.158142e+08 1.158142e+08 4.886483e+08 1.074833e+08 1.074833e+08 
4.450000e-03 5.629780e+08 1.034468e+08 1.034468e+08 4.364469e+08 9.604970e+07 9.604970e+07 
4.500000e-03 5.009831e+08 9.218197e+07 9.218197e+07 3.888913e+08 8.562922e+07 8.562922e+07 
4.550000e-03 4.424536e+08 8.153856e+07 8.153856e+07 3.439973e+08 7.578335e+07 7.578335e+07 
4.600000e-03 3.896901e+08 7.192999e+07 7.192999e+07 3.035211e+08 6.689314e+07 6.689314e+07 
4.650000e-03 3.426807e+08 6.335573e+07 6.335573e+07 2.673884e+08 5.895470e+07 5.895470e+07 
4.700000e-03 3.018088e+08 5.588689e+07 5.588689e+07 2.359033e+08 5.203504e+07 5.203504e+07 
4.750000e-03 2.671530e+08 4.953986e+07 4.953986e+07 2.091253e+08 4.615037e+07 4.615037e+07 
4.800000e-03 2.380031e+08 4.418725e+07 4.418725e+07 1.865209e+08 4.118000e+07 4.118000e+07 
4.850000e-03 2.110534e+08 3.923365e+07 3.923365e+07 1.656257e+08 3.657997e+07 3.657997e+07 
4.900000e-03 1.851237e+08 3.446526e+07 3.446526e+07 1.455284e+08 3.215253e+07 3.215253e+07 
4.950000e-03 1.626008e+08 3.031633e+07 3.031633e+07 1.279872e+08 2.829727e+07 2.829727e+07 
5.000000e-03 1.431576e+08 2.672863e+07 2.672863e+07 1.128884e+08 2.496217e+07 2.496217e+07 
5.050000e-03 1.258561e+08 2.353170e+07 2.353170e+07 9.942008e+07 2.198888e+07 2.198888e+07 
5.100000e-03 1.116285e+08 2.089634e+07 2.089634e+07 8.829961e+07 1.953449e+07 1.953449e+07 
5.150000e-03 9.929643e+07 1.860789e+07 1.860789e+07 7.863460e+07 1.740198e+07 1.740198e+07 
5.200000e-03 8.742003e+07 1.640285e+07 1.640285e+07 6.933432e+07 1.534687e+07 1.534687e+07 
5.250000e-03 7.641359e+07 1.435779e+07 1.435779e+07 6.069324e+07 1.344037e+07 1.344037e+07 
5.300000e-03 6.717570e+07 1.263828e+07 1.263828e+07 5.343437e+07 1.183700e+07 1.183700e+07 
5.350000e-03 5.895168e+07 1.110551e+07 1.110551e+07 4.695100e+07 1.040676e+07 1.040676e+07 
5.400000e-03 5.192639e+07 9.793981e+06 9.793981e+06 4.142025e+07 9.182003e+06 9.182003e+06 
5.450000e-03 4.620332e+07 8.723070e+06 8.723070e+06 3.686695e+07 8.181071e+06 8.181071e+06 
5.500000e-03 4.079496e+07 7.710281e+06 7.710281e+06 3.259710e+07 7.234056e+06 7.234056e+06 
5.550000e-03 3.551685e+07 6.721627e+06 6.721627e+06 2.839040e+07 6.309503e+06 6.309503e+06 
5.600000e-03 3.132395e+07 5.934554e+06 5.934554e+06 2.508307e+07 5.573104e+06 5.573104e+06 
5.650000e-03 2.739140e+07 5.195870e+06 5.195870e+06 2.198765e+07 4.881710e+06 4.881710e+06 
5.700000e-03 2.399656e+07 4.557379e+06 4.557379e+06 1.927150e+07 4.283850e+06 4.283850e+06 
5.750000e-03 2.128713e+07 4.046702e+06 4.046702e+06 1.705767e+07 3.805358e+06 3.805358e+06 
5.800000e-03 1.881239e+07 3.579660e+06 3.579660e+06 1.510924e+07 3.367288e+06 3.367288e+06 
5.850000e-03 1.646723e+07 3.136892e+06 3.136892e+06 1.324466e+07 2.951990e+06 2.951990e+06 
5.900000e-03 1.445679e+07 2.756840e+06 2.756840e+06 1.155636e+07 2.595423e+06 2.595423e+06 
5.950000e-03 1.261792e+07 2.408902e+06 2.408902e+06 1.011005e+07 2.268849e+06 2.268849e+06 
6.000000e-03 1.099948e+07 2.102277e+06 2.102277e+06 8.852672e+06 1.980834e+06 1.980834e+06 
6.050000e-03 9.736030e+06 1.862516e+06 1.862516e+06 7.849072e+06 1.755626e+06 1.755626e+06 
6.100000e-03 8.580752e+06 1.643072e+06 1.643072e+06 6.843675e+06 1.549375e+06 1.549375e+06 
6.150000e-03 7.555458e+06 1.448068e+06 1.448068e+06 6.034062e+06 1.365943e+06 1.365943e+06 
6.200000e-03 6.555377e+06 1.257707e+06 1.257707e+06 5.276763e+06 1.186774e+06 1.186774e+06 
6.250000e-03 5.754191e+06 1.105038e+06 1.105038e+06 4.639890e+06 1.043091e+06 1.043091e+06 
6.300000e-03 5.016923e+06 9.644726e+05 9.644726e+05 3.975700e+06 9.107887e+05 9.107887e+05 
6.350000e-03 4.426039e+06 8.516357e+05 8.516357e+05 3.514513e+06 8.045409e+05 8.045409e+05 
6.400000e-03 3.860625e+06 7.434824e+05 7.434824e+05 3.104157e+06 7.025521e+05 7.025521e+05 
6.450000e-03 3.393599e+06 6.541212e+05 6.541212e+05 2.622744e+06 6.183304e+05 6.183304e+05 
6.500000e-03 2.976730e+06 5.742775e+05 5.742775e+05 2.303530e+06 5.430395e+05 5.430395e+05 
6.550000e-03 2.560743e+06 4.944649e+05 4.944649e+05 2.018409e+06 4.676640e+05 4.676640e+05 
6.600000e-03 2.233814e+06 4.317482e+05 4.317482e+05 1.765518e+06 4.084979e+05 4.084979e+05 
6.650000e-03 1.966653e+06 3.804331e+05 3.804331e+05 1.452734e+06 3.600761e+05 3.600761e+05 
6.700000e-03 1.733690e+06 3.356411e+05 3.356411e+05 1.284388e+06 3.177947e+05 3.177947e+05 
6.750000e-03 1.468634e+06 2.845399e+05 2.845399e+05 1.131459e+06 2.694304e+05 2.694304e+05 
6.800000e-03 1.287468e+06 2.496496e+05 2.496496e+05 9.287352e+05 2.364722e+05 2.364722e+05 
6.850000e-03 1.121856e+06 2.177323e+05 2.177323e+05 8.101677e+05 2.063120e+05 2.063120e+05 
6.900000e-03 9.847129e+05 1.912677e+05 1.912677e+05 6.995412e+05 1.812911e+05 1.812911e+05 
6.950000e-03 8.079313e+05 1.570436e+05 1.570436e+05 4.256860e+05 1.488480e+05 1.488480e+05 
7.000000e-03 7.164898e+05 1.393656e+05 1.393656e+05 3.758351e+05 1.321343e+05 1.321343e+05 
7.050000e-03 6.299519e+05 1.226284e+05 1.226284e+05 3.299607e+05 1.163063e+05 1.163063e+05 
7.100000e-03 5.176377e+05 1.008305e+05 1.008305e+05 2.901450e+05 9.563440e+04 9.563440e+04 
7.150000e-03 4.530636e+05 8.832183e+04 8.832183e+04 2.567387e+05 8.379663e+04 8.379663e+04 
7.200000e-03 3.883135e+05 7.575589e+04 7.575589e+04 1.780278e+05 7.189091e+04 7.189091e+04 
7.250000e-03 3.328583e+05 6.498435e+04 6.498435e+04 1.569253e+05 6.168236e+04 6.168236e+04 
7.300000e-03 2.117801e+05 4.135296e+04 4.135296e+04 9.100579e+04 3.922257e+04 3.922257e+04 
7.350000e-03 1.857758e+05 3.630338e+04 3.630338e+04 7.897866e+04 3.444527e+04 3.444527e+04 
7.400000e-03 1.627863e+05 3.183589e+04 3.183589e+04 4.863311e+04 3.021737e+04 3.021737e+04 
7.450000e-03 1.426410e+05 2.791770e+04 2.791770e+04 2.546400e+04 2.650771e+04 2.650771e+04 
7.500000e-03 1.260550e+05 2.468717e+04 2.468717e+04 6.689490e+02 2.344646e+04 2.344646e+04 
7.550000e-03 8.799220e+04 1.723671e+04 1.723671e+04 1.254130e+02 1.636696e+04 1.636696e+04 
7.600000e-03 6.995763e+04 1.371055e+04 1.371055e+04 9.076156e-31 1.302014e+04 1.302014e+04 
7.650000e-03 4.507725e+04 8.836819e+03 8.836819e+03 9.076156e-31 8.390618e+03 8.390618e+03 
7.700000e-03 2.806279e+04 5.503055e+03 5.503055e+03 9.076156e-31 5.225260e+03 5.225260e+03 
7.750000e-03 1.490048e+04 2.922537e+03 2.922537e+03 9.076156e-31 2.775299e+03 2.775299e+03 
7.800000e-03 4.087115e+02 7.701657e+01 7.701657e+01 9.076156e-31 7.308234e+01 7.308234e+01 
7.850000e-03 3.490271e+02 6.574888e+01 6.574888e+01 9.076156e-31 6.241932e+01 6.241932e+01 
7.900000e-03 1.302580e+01 9.076156e-31 9.076156e-31 9.076156e-31 9.076156e-31 9.076156e-31 
7.950000e-03 1.146681e+01 9.076156e-31 9.076156e-31 9.076156e-31 9.076156e-31 9.076156e-31 
8.000000e-03 1.009363e+01 9.076156e-31 9.076156e-31 9.076156e-31 9.076156e-31 9.076156e-31 
8.050000e-03 8.883831e+00 9.076156e-31 9.076156e-31 9.076156e-31 9.076156e-31 9.076156e-31 
8.100000e-03 7.817960e+00 9.076156e-31 9.076156e-31 9.076156e-31 9.076156e-31 9.076156e-31 
8.150000e-03 6.879498e+00 9.076156e-31 9.076156e-31 9.076156e-31 9.076156e-31 9.076156e-31 
8.200000e-03 6.052519e+00 9.076156e-31 9.076156e-31 9.076156e-31 9.076156e-31 9.076156e-31 
8.250000e-03 5.324754e+00 9.076156e-31 9.076156e-31 9.076156e-31 9.076156e-31 9.076156e-31 
8.300000e-03 4.683875e+00 9.076156e-31 9.076156e-31 9.076156e-31 9.076156e-31 9.076156e-31 
8.350000e-03 4.119618e+00 9.076156e-31 9.076156e-31 9.076156e-31 9.076156e-31 9.076156e-31 
8.400000e-03 3.623018e+00 9.076156e-31 9.076156e-31 9.076156e-31 9.076156e-31 9.076156e-31 
8.450000e-03 3.185875e+00 9.076156e-31 9.076156e-31 9.076156e-31 9.076156e-31 9.076156e-31 
8.500000e-03 2.801170e+00 9.076156e-31 9.076156e-31 9.076156e-31 9.076156e-31 9.076156e-31 
8.550000e-03 2.462711e+00 9.076156e-31 9.076156e-31 9.076156e-31 9.076156e-31 9.076156e-31 
8.600000e-03 2.164892e+00 9.076156e-31 9.076156e-31 9.076156e-31 9.076156e-31 9.076156e-31 
8.650000e-03 1.902878e+00 9.076156e-31 9.076156e-31 9.076156e-31 9.076156e-31 9.076156e-31 
8.700000e-03 1.672421e+00 9.076156e-31 9.076156e-31 9.076156e-31 9.076156e-31 9.076156e-31 
8.750000e-03 1.469746e+00 9.076156e-31 9.076156e-31 9.076156e-31 9.076156e-31 9.076156e-31 
8.800000e-03 1.291491e+00 9.076156e-31 9.076156e-31 9.076156e-31 9.076156e-31 9.076156e-31 
8.850000e-03 1.134766e+00 9.076156e-31 9.076156e-31 9.076156e-31 9.076156e-31 9.076156e-31 
8.900000e-03 9.969167e-01 9.076156e-31 9.076156e-31 9.076156e-31 9.076156e-31 9.076156e-31 
8.950000e-03 8.757602e-01 9.076156e-31 9.076156e-31 9.076156e-31 9.076156e-31 9.076156e-31 
9.000000e-03 7.692321e-01 9.076156e-31 9.076156e-31 9.076156e-31 9.076156e-31 9.076156e-31 
9.050000e-03 6.756218e-01 9.076156e-31 9.076156e-31 9.076156e-31 9.076156e-31 9.076156e-31 
9.100000e-03 5.933368e-01 9.076156e-31 9.076156e-31 9.076156e-31 9.076156e-31 9.076156e-31 
9.150000e-03 5.210440e-01 9.076156e-31 9.076156e-31 9.076156e-31 9.076156e-31 9.076156e-31 
9.200000e-03 4.575046e-01 9.076156e-31 9.076156e-31 9.076156e-31 9.076156e-31 9.076156e-31 
9.250000e-03 4.016806e-01 9.076156e-31 9.076156e-31 9.076156e-31 9.076156e-31 9.076156e-31 
9.300000e-03 3.526340e-01 9.076156e-31 9.076156e-31 9.076156e-31 9.076156e-31 9.076156e-31 
9.350000e-03 3.095509e-01 9.076156e-31 9.076156e-31 9.076156e-31 9.076156e-31 9.076156e-31 
9.400000e-03 2.717057e-01 9.076156e-31 9.076156e-31 9.076156e-31 9.076156e-31 9.076156e-31 
9.450000e-03 2.384673e-01 9.076156e-31 9.076156e-31 9.076156e-31 9.076156e-31 9.076156e-31 
9.500000e-03 2.092752e-01 9.076156e-31 9.076156e-31 9.076156e-31 9.076156e-31 9.076156e-31 
9.550000e-03 1.836460e-01 9.076156e-31 9.076156e-31 9.076156e-31 9.076156e-31 9.076156e-31 
9.600000e-03 1.611370e-01 9.076156e-31 9.076156e-31 9.076156e-31 9.076156e-31 9.076156e-31 
9.650000e-03 1.413827e-01 9.076156e-31 9.076156e-31 9.076156e-31 9.076156e-31 9.076156e-31 
9.700000e-03 1.240351e-01 9.076156e-31 9.076156e-31 9.076156e-31 9.076156e-31 9.076156e-31 
9.750000e-03 1.088050e-01 9.076156e-31 9.076156e-31 9.076156e-31 9.076156e-31 9.076156e-31 
9.800000e-03 9.543881e-02 9.076156e-31 9.076156e-31 9.076156e-31 9.076156e-31 9.076156e-31 
9.850000e-03 8.371246e-02 9.076156e-31 9.076156e-31 9.076156e-31 9.076156e-31 9.076156e-31 
9.900000e-03 7.341356e-02 9.076156e-31 9.076156e-31 9.076156e-31 9.076156e-31 9.076156e-31 
9.950000e-03 6.438285e-02 9.076156e-31 9.076156e-31 9.076156e-31 9.076156e-31 9.076156e-31 
1.000000e-02 5.645695e-02 9.076156e-31 9.076156e-31 9.076156e-31 9.076156e-31 9.076156e-31 
1.005000e-02 4.950254e-02 9.076156e-31 9.076156e-31 9.076156e-31 9.076156e-31 9.076156e-31 
1.010000e-02 4.340224e-02 9.076156e-31 9.076156e-31 9.076156e-31 9.076156e-31 9.076156e-31 
1.015000e-02 3.805047e-02 9.076156e-31 9.076156e-31 9.076156e-31 9.076156e-31 9.076156e-31 
1.020000e-02 3.335580e-02 9.076156e-31 9.076156e-31 9.076156e-31 9.076156e-31 9.076156e-31 
1.025000e-02 2.923860e-02 9.076156e-31 9.076156e-31 9.076156e-31 9.076156e-31 9.076156e-31 
1.030000e-02 2.562750e-02 9.076156e-31 9.076156e-31 9.076156e-31 9.076156e-31 9.076156e-31 
1.035000e-02 2.246115e-02 9.076156e-31 9.076156e-31 9.076156e-31 9.076156e-31 9.076156e-31 
1.040000e-02 1.968411e-02 9.076156e-31 9.076156e-31 9.076156e-31 9.076156e-31 9.076156e-31 
1.045000e-02 1.724977e-02 9.076156e-31 9.076156e-31 9.076156e-31 9.076156e-31 9.076156e-31 
1.050000e-02 1.511508e-02 9.076156e-31 9.076156e-31 9.076156e-31 9.076156e-31 9.076156e-31 
1.055000e-02 1.324346e-02 9.076156e-31 9.076156e-31 9.076156e-31 9.076156e-31 9.076156e-31 
1.060000e-02 1.160307e-02 9.076156e-31 9.076156e-31 9.076156e-31 9.076156e-31 9.076156e-31 
1.065000e-02 1.016559e-02 9.076156e-31 9.076156e-31 9.076156e-31 9.076156e-31 9.076156e-31 
1.070000e-02 8.905066e-03 9.076156e-31 9.076156e-31 9.076156e-31 9.076156e-31 9.076156e-31 
1.075000e-02 7.800265e-03 9.076156e-31 9.076156e-31 9.076156e-31 9.076156e-31 9.076156e-31 
1.080000e-02 6.832310e-03 9.076156e-31 9.076156e-31 9.076156e-31 9.076156e-31 9.076156e-31 
1.085000e-02 5.984096e-03 9.076156e-31 9.076156e-31 9.076156e-31 9.076156e-31 9.076156e-31 
1.090000e-02 5.240758e-03 9.076156e-31 9.076156e-31 9.076156e-31 9.076156e-31 9.076156e-31 
1.095000e-02 4.589498e-03 9.076156e-31 9.076156e-31 9.076156e-31 9.076156e-31 9.076156e-31 
1.100000e-02 4.018929e-03 9.076156e-31 9.076156e-31 9.076156e-31 9.076156e-31 9.076156e-31 
1.105000e-02 3.519026e-03 9.076156e-31 9.076156e-31 9.076156e-31 9.076156e-31 9.076156e-31 
1.110000e-02 3.081175e-03 9.076156e-31 9.076156e-31 9.076156e-31 9.076156e-31 9.076156e-31 
1.115000e-02 2.697591e-03 9.076156e-31 9.076156e-31 9.076156e-31 9.076156e-31 9.076156e-31 
1.120000e-02 2.361609e-03 9.076156e-31 9.076156e-31 9.076156e-31 9.076156e-31 9.076156e-31 
1.125000e-02 2.067389e-03 9.076156e-31 9.076156e-31 9.076156e-31 9.076156e-31 9.076156e-31 
1.130000e-02 1.809680e-03 9.076156e-31 9.076156e-31 9.076156e-31 9.076156e-31 9.076156e-31 
1.135000e-02 1.584001e-03 9.076156e-31 9.076156e-31 9.076156e-31 9.076156e-31 9.076156e-31 
1.140000e-02 1.386399e-03 9.076156e-31 9.076156e-31 9.076156e-31 9.076156e-31 9.076156e-31 
1.145000e-02 1.213394e-03 9.076156e-31 9.076156e-31 9.076156e-31 9.076156e-31 9.076156e-31 
1.150000e-02 1.061860e-03 9.076156e-31 9.076156e-31 9.076156e-31 9.076156e-31 9.076156e-31 
1.155000e-02 9.292602e-04 9.076156e-31 9.076156e-31 9.076156e-31 9.076156e-31 9.076156e-31 
1.160000e-02 8.131174e-04 9.076156e-31 9.076156e-31 9.076156e-31 9.076156e-31 9.076156e-31 
1.165000e-02 7.114851e-04 9.076156e-31 9.076156e-31 9.076156e-31 9.076156e-31 9.076156e-31 
1.170000e-02 6.225347e-04 9.076156e-31 9.076156e-31 9.076156e-31 9.076156e-31 9.076156e-31 
1.175000e-02 5.446442e-04 9.076156e-31 9.076156e-31 9.076156e-31 9.076156e-31 9.076156e-31 
1.180000e-02 4.764862e-04 9.076156e-31 9.076156e-31 9.076156e-31 9.076156e-31 9.076156e-31 
1.185000e-02 4.168281e-04 9.076156e-31 9.076156e-31 9.076156e-31 9.076156e-31 9.076156e-31 
1.190000e-02 3.646258e-04 9.076156e-31 9.076156e-31 9.076156e-31 9.076156e-31 9.076156e-31 
1.195000e-02 3.189414e-04 9.076156e-31 9.076156e-31 9.076156e-31 9.076156e-31 9.076156e-31 
1.200000e-02 2.789668e-04 9.076156e-31 9.076156e-31 9.076156e-31 9.076156e-31 9.076156e-31 
1.205000e-02 2.439883e-04 9.076156e-31 9.076156e-31 9.076156e-31 9.076156e-31 9.076156e-31 
1.210000e-02 2.133865e-04 9.076156e-31 9.076156e-31 9.076156e-31 9.076156e-31 9.076156e-31 
1.215000e-02 1.866130e-04 9.076156e-31 9.076156e-31 9.076156e-31 9.076156e-31 9.076156e-31 
1.220000e-02 1.631897e-04 9.076156e-31 9.076156e-31 9.076156e-31 9.076156e-31 9.076156e-31 
1.225000e-02 1.426981e-04 9.076156e-31 9.076156e-31 9.076156e-31 9.076156e-31 9.076156e-31 
1.230000e-02 1.247724e-04 9.076156e-31 9.076156e-31 9.076156e-31 9.076156e-31 9.076156e-31 
1.235000e-02 1.090940e-04 9.076156e-31 9.076156e-31 9.076156e-31 9.076156e-31 9.076156e-31 
1.240000e-02 9.538572e-05 9.076156e-31 9.076156e-31 9.076156e-31 9.076156e-31 9.076156e-31 
1.245000e-02 8.338804e-05 9.076156e-31 9.076156e-31 9.076156e-31 9.076156e-31 9.076156e-31 
1.250000e-02 7.290039e-05 9.076156e-31 9.076156e-31 9.076156e-31 9.076156e-31 9.076156e-31 
1.255000e-02 6.372811e-05 9.076156e-31 9.076156e-31 9.076156e-31 9.076156e-31 9.076156e-31 
1.260000e-02 5.570783e-05 9.076156e-31 9.076156e-31 9.076156e-31 9.076156e-31 9.076156e-31 
1.265000e-02 4.869385e-05 9.076156e-31 9.076156e-31 9.076156e-31 9.076156e-31 9.076156e-31 
1.270000e-02 4.256052e-05 9.076156e-31 9.076156e-31 9.076156e-31 9.076156e-31 9.076156e-31 
1.275000e-02 3.719872e-05 9.076156e-31 9.076156e-31 9.076156e-31 9.076156e-31 9.076156e-31 
1.280000e-02 3.251054e-05 9.076156e-31 9.076156e-31 9.076156e-31 9.076156e-31 9.076156e-31 
1.285000e-02 2.841163e-05 9.076156e-31 9.076156e-31 9.076156e-31 9.076156e-31 9.076156e-31 
1.290000e-02 2.482884e-05 9.076156e-31 9.076156e-31 9.076156e-31 9.076156e-31 9.076156e-31 
1.295000e-02 2.169670e-05 9.076156e-31 9.076156e-31 9.076156e-31 9.076156e-31 9.076156e-31 
1.300000e-02 1.895858e-05 9.076156e-31 9.076156e-31 9.076156e-31 9.076156e-31 9.076156e-31 
1.305000e-02 1.656553e-05 9.076156e-31 9.076156e-31 9.076156e-31 9.076156e-31 9.076156e-31 
1.310000e-02 1.447390e-05 9.076156e-31 9.076156e-31 9.076156e-31 9.076156e-31 9.076156e-31 
1.315000e-02 1.264594e-05 9.076156e-31 9.076156e-31 9.076156e-31 9.076156e-31 9.076156e-31 
1.320000e-02 1.104802e-05 9.076156e-31 9.076156e-31 9.076156e-31 9.076156e-31 9.076156e-31 
1.325000e-02 9.651825e-06 9.076156e-31 9.076156e-31 9.076156e-31 9.076156e-31 9.076156e-31 
1.330000e-02 8.431411e-06 9.076156e-31 9.076156e-31 9.076156e-31 9.076156e-31 9.076156e-31 
1.335000e-02 7.365540e-06 9.076156e-31 9.076156e-31 9.076156e-31 9.076156e-31 9.076156e-31 
1.340000e-02 6.433567e-06 9.076156e-31 9.076156e-31 9.076156e-31 9.076156e-31 9.076156e-31 
1.345000e-02 5.619564e-06 9.076156e-31 9.076156e-31 9.076156e-31 9.076156e-31 9.076156e-31 
1.350000e-02 4.908315e-06 9.076156e-31 9.076156e-31 9.076156e-31 9.076156e-31 9.076156e-31 
1.355000e-02 4.286901e-06 9.076156e-31 9.076156e-31 9.076156e-31 9.076156e-31 9.076156e-31 
1.360000e-02 3.743997e-06 9.076156e-31 9.076156e-31 9.076156e-31 9.076156e-31 9.076156e-31 
1.365000e-02 3.269752e-06 9.076156e-31 9.076156e-31 9.076156e-31 9.076156e-31 9.076156e-31 
1.370000e-02 2.855437e-06 9.076156e-31 9.076156e-31 9.076156e-31 9.076156e-31 9.076156e-31 
1.375000e-02 2.493501e-06 9.076156e-31 9.076156e-31 9.076156e-31 9.076156e-31 9.076156e-31 
1.380000e-02 2.177397e-06 9.076156e-31 9.076156e-31 9.076156e-31 9.076156e-31 9.076156e-31 
1.385000e-02 1.901226e-06 9.076156e-31 9.076156e-31 9.076156e-31 9.076156e-31 9.076156e-31 
1.390000e-02 1.660093e-06 9.076156e-31 9.076156e-31 9.076156e-31 9.076156e-31 9.076156e-31 
1.395000e-02 1.449455e-06 9.076156e-31 9.076156e-31 9.076156e-31 9.076156e-31 9.076156e-31 
1.400000e-02 1.265478e-06 9.076156e-31 9.076156e-31 9.076156e-31 9.076156e-31 9.076156e-31 
1.405000e-02 1.104802e-06 9.076156e-31 9.076156e-31 9.076156e-31 9.076156e-31 9.076156e-31 
1.410000e-02 9.645336e-07 9.076156e-31 9.076156e-31 9.076156e-31 9.076156e-31 9.076156e-31 
1.415000e-02 8.420204e-07 9.076156e-31 9.076156e-31 9.076156e-31 9.076156e-31 9.076156e-31 
1.420000e-02 7.350204e-07 9.076156e-31 9.076156e-31 9.076156e-31 9.076156e-31 9.076156e-31 
1.425000e-02 6.415871e-07 9.076156e-31 9.076156e-31 9.076156e-31 9.076156e-31 9.076156e-31 
1.430000e-02 5.600512e-07 9.076156e-31 9.076156e-31 9.076156e-31 9.076156e-31 9.076156e-31 
1.435000e-02 4.888378e-07 9.076156e-31 9.076156e-31 9.076156e-31 9.076156e-31 9.076156e-31 
1.440000e-02 4.266669e-07 9.076156e-31 9.076156e-31 9.076156e-31 9.076156e-31 9.076156e-31 
1.445000e-02 3.723883e-07 9.076156e-31 9.076156e-31 9.076156e-31 9.076156e-31 9.076156e-31 
1.450000e-02 3.250051e-07 9.076156e-31 9.076156e-31 9.076156e-31 9.076156e-31 9.076156e-31 
1.455000e-02 2.836385e-07 9.076156e-31 9.076156e-31 9.076156e-31 9.076156e-31 9.076156e-31 
1.460000e-02 2.475275e-07 9.076156e-31 9.076156e-31 9.076156e-31 9.076156e-31 9.076156e-31 
1.465000e-02 2.160114e-07 9.076156e-31 9.076156e-31 9.076156e-31 9.076156e-31 9.076156e-31 
1.470000e-02 1.884946e-07 9.076156e-31 9.076156e-31 9.076156e-31 9.076156e-31 9.076156e-31 
1.475000e-02 1.644815e-07 9.076156e-31 9.076156e-31 9.076156e-31 9.076156e-31 9.076156e-31 
1.480000e-02 1.435239e-07 9.076156e-31 9.076156e-31 9.076156e-31 9.076156e-31 9.076156e-31 
1.485000e-02 1.252266e-07 9.076156e-31 9.076156e-31 9.076156e-31 9.076156e-31 9.076156e-31 
1.490000e-02 1.092650e-07 9.076156e-31 9.076156e-31 9.076156e-31 9.076156e-31 9.076156e-31 
1.495000e-02 9.532674e-08 9.076156e-31 9.076156e-31 9.076156e-31 9.076156e-31 9.076156e-31 
1.500000e-02 8.316979e-08 9.076156e-31 9.076156e-31 9.076156e-31 9.076156e-31 9.076156e-31 
1.505000e-02 7.255827e-08 9.076156e-31 9.076156e-31 9.076156e-31 9.076156e-31 9.076156e-31 
1.510000e-02 6.329752e-08 9.076156e-31 9.076156e-31 9.076156e-31 9.076156e-31 9.076156e-31 
1.515000e-02 5.522061e-08 9.076156e-31 9.076156e-31 9.076156e-31 9.076156e-31 9.076156e-31 
1.520000e-02 4.817064e-08 9.076156e-31 9.076156e-31 9.076156e-31 9.076156e-31 9.076156e-31 
1.525000e-02 4.201962e-08 9.076156e-31 9.076156e-31 9.076156e-31 9.076156e-31 9.076156e-31 
1.530000e-02 3.665251e-08 9.076156e-31 9.076156e-31 9.076156e-31 9.076156e-31 9.076156e-31 
1.535000e-02 3.197023e-08 9.076156e-31 9.076156e-31 9.076156e-31 9.076156e-31 9.076156e-31 
1.540000e-02 2.788488e-08 9.076156e-31 9.076156e-31 9.076156e-31 9.076156e-31 9.076156e-31 
1.545000e-02 2.432097e-08 9.076156e-31 9.076156e-31 9.076156e-31 9.076156e-31 9.076156e-31 
1.550000e-02 2.121184e-08 9.076156e-31 9.076156e-31 9.076156e-31 9.076156e-31 9.076156e-31 
1.555000e-02 1.849967e-08 9.076156e-31 9.076156e-31 9.076156e-31 9.076156e-31 9.076156e-31 
1.560000e-02 1.613376e-08 9.076156e-31 9.076156e-31 9.076156e-31 9.076156e-31 9.076156e-31 
1.565000e-02 1.406985e-08 9.076156e-31 9.076156e-31 9.076156e-31 9.076156e-31 9.076156e-31 
1.570000e-02 1.227020e-08 9.076156e-31 9.076156e-31 9.076156e-31 9.076156e-31 9.076156e-31 
1.575000e-02 1.070000e-08 9.076156e-31 9.076156e-31 9.076156e-31 9.076156e-31 9.076156e-31 
1.580000e-02 9.330353e-09 9.076156e-31 9.076156e-31 9.076156e-31 9.076156e-31 9.076156e-31 
1.585000e-02 8.135893e-09 9.076156e-31 9.076156e-31 9.076156e-31 9.076156e-31 9.076156e-31 
1.590000e-02 7.094206e-09 9.076156e-31 9.076156e-31 9.076156e-31 9.076156e-31 9.076156e-31 
1.595000e-02 6.185237e-09 9.076156e-31 9.076156e-31 9.076156e-31 9.076156e-31 9.076156e-31 
1.600000e-02 5.393059e-09 9.076156e-31 9.076156e-31 9.076156e-31 9.076156e-31 9.076156e-31 
1.605000e-02 4.702042e-09 9.076156e-31 9.076156e-31 9.076156e-31 9.076156e-31 9.076156e-31 
1.610000e-02 4.099445e-09 9.076156e-31 9.076156e-31 9.076156e-31 9.076156e-31 9.076156e-31 
1.615000e-02 3.574001e-09 9.076156e-31 9.076156e-31 9.076156e-31 9.076156e-31 9.076156e-31 
1.620000e-02 3.115800e-09 9.076156e-31 9.076156e-31 9.076156e-31 9.076156e-31 9.076156e-31 
1.625000e-02 2.716290e-09 9.076156e-31 9.076156e-31 9.076156e-31 9.076156e-31 9.076156e-31 
1.630000e-02 2.367921e-09 9.076156e-31 9.076156e-31 9.076156e-31 9.076156e-31 9.076156e-31 
1.635000e-02 2.064144e-09 9.076156e-31 9.076156e-31 9.076156e-31 9.076156e-31 9.076156e-31 
1.640000e-02 1.799299e-09 9.076156e-31 9.076156e-31 9.076156e-31 9.076156e-31 9.076156e-31 
1.645000e-02 1.568429e-09 9.076156e-31 9.076156e-31 9.076156e-31 9.076156e-31 9.076156e-31 
1.650000e-02 1.367111e-09 9.076156e-31 9.076156e-31 9.076156e-31 9.076156e-31 9.076156e-31 
1.655000e-02 1.191628e-09 9.076156e-31 9.076156e-31 9.076156e-31 9.076156e-31 9.076156e-31 
1.660000e-02 1.038620e-09 9.076156e-31 9.076156e-31 9.076156e-31 9.076156e-31 9.076156e-31 
1.665000e-02 9.052530e-10 9.076156e-31 9.076156e-31 9.076156e-31 9.076156e-31 9.076156e-31 
1.670000e-02 7.889333e-10 9.076156e-31 9.076156e-31 9.076156e-31 9.076156e-31 9.076156e-31 
1.675000e-02 6.875959e-10 9.076156e-31 9.076156e-31 9.076156e-31 9.076156e-31 9.076156e-31 
1.680000e-02 5.992354e-10 9.076156e-31 9.076156e-31 9.076156e-31 9.076156e-31 9.076156e-31 
1.685000e-02 5.222355e-10 9.076156e-31 9.076156e-31 9.076156e-31 9.076156e-31 9.076156e-31 
1.690000e-02 4.551098e-10 9.076156e-31 9.076156e-31 9.076156e-31 9.076156e-31 9.076156e-31 
1.695000e-02 3.965960e-10 9.076156e-31 9.076156e-31 9.076156e-31 9.076156e-31 9.076156e-31 
1.700000e-02 3.456029e-10 9.076156e-31 9.076156e-31 9.076156e-31 9.076156e-31 9.076156e-31 
1.705000e-02 3.011572e-10 9.076156e-31 9.076156e-31 9.076156e-31 9.076156e-31 9.076156e-31 
1.710000e-02 2.624154e-10 9.076156e-31 9.076156e-31 9.076156e-31 9.076156e-31 9.076156e-31 
1.715000e-02 2.286579e-10 9.076156e-31 9.076156e-31 9.076156e-31 9.076156e-31 9.076156e-31 
1.720000e-02 1.992359e-10 9.076156e-31 9.076156e-31 9.076156e-31 9.076156e-31 9.076156e-31 
1.725000e-02 1.735948e-10 9.076156e-31 9.076156e-31 9.076156e-31 9.076156e-31 9.076156e-31 
1.730000e-02 1.512510e-10 9.076156e-31 9.076156e-31 9.076156e-31 9.076156e-31 9.076156e-31 
1.735000e-02 1.317740e-10 9.076156e-31 9.076156e-31 9.076156e-31 9.076156e-31 9.076156e-31 
1.740000e-02 1.148097e-10 9.076156e-31 9.076156e-31 9.076156e-31 9.076156e-31 9.076156e-31 
1.745000e-02 1.000220e-10 9.076156e-31 9.076156e-31 9.076156e-31 9.076156e-31 9.076156e-31 
1.750000e-02 8.713952e-11 9.076156e-31 9.076156e-31 9.076156e-31 9.076156e-31 9.076156e-31 
1.755000e-02 7.591455e-11 9.076156e-31 9.076156e-31 9.076156e-31 9.076156e-31 9.076156e-31 
1.760000e-02 6.613473e-11 9.076156e-31 9.076156e-31 9.076156e-31 9.076156e-31 9.076156e-31 
1.765000e-02 5.761012e-11 9.076156e-31 9.076156e-31 9.076156e-31 9.076156e-31 9.076156e-31 
1.770000e-02 5.018442e-11 9.076156e-31 9.076156e-31 9.076156e-31 9.076156e-31 9.076156e-31 
1.775000e-02 4.371546e-11 9.076156e-31 9.076156e-31 9.076156e-31 9.076156e-31 9.076156e-31 
1.780000e-02 3.807879e-11 9.076156e-31 9.076156e-31 9.076156e-31 9.076156e-31 9.076156e-31 
1.785000e-02 3.316882e-11 9.076156e-31 9.076156e-31 9.076156e-31 9.076156e-31 9.076156e-31 
1.790000e-02 2.889059e-11 9.076156e-31 9.076156e-31 9.076156e-31 9.076156e-31 9.076156e-31 
1.795000e-02 2.516388e-11 9.076156e-31 9.076156e-31 9.076156e-31 9.076156e-31 9.076156e-31 
1.800000e-02 2.191730e-11 9.076156e-31 9.076156e-31 9.076156e-31 9.076156e-31 9.076156e-31 
1.805000e-02 1.908953e-11 9.076156e-31 9.076156e-31 9.076156e-31 9.076156e-31 9.076156e-31 
1.810000e-02 1.662570e-11 9.076156e-31 9.076156e-31 9.076156e-31 9.076156e-31 9.076156e-31 
1.815000e-02 1.447980e-11 9.076156e-31 9.076156e-31 9.076156e-31 9.076156e-31 9.076156e-31 
1.820000e-02 1.261055e-11 9.076156e-31 9.076156e-31 9.076156e-31 9.076156e-31 9.076156e-31 
1.825000e-02 1.098254e-11 9.076156e-31 9.076156e-31 9.076156e-31 9.076156e-31 9.076156e-31 
1.830000e-02 9.563936e-12 9.076156e-31 9.076156e-31 9.076156e-31 9.076156e-31 9.076156e-31 
1.835000e-02 8.328776e-12 9.076156e-31 9.076156e-31 9.076156e-31 9.076156e-31 9.076156e-31 
1.840000e-02 7.252878e-12 9.076156e-31 9.076156e-31 9.076156e-31 9.076156e-31 9.076156e-31 
1.845000e-02 6.316185e-12 9.076156e-31 9.076156e-31 9.076156e-31 9.076156e-31 9.076156e-31 
1.850000e-02 5.499942e-12 9.076156e-31 9.076156e-31 9.076156e-31 9.076156e-31 9.076156e-31 
1.855000e-02 4.789164e-12 9.076156e-31 9.076156e-31 9.076156e-31 9.076156e-31 9.076156e-31 
1.860000e-02 4.170169e-12 9.076156e-31 9.076156e-31 9.076156e-31 9.076156e-31 9.076156e-31 
1.865000e-02 3.631099e-12 9.076156e-31 9.076156e-31 9.076156e-31 9.076156e-31 9.076156e-31 
1.870000e-02 3.161691e-12 9.076156e-31 9.076156e-31 9.076156e-31 9.076156e-31 9.076156e-31 
1.875000e-02 2.752861e-12 9.076156e-31 9.076156e-31 9.076156e-31 9.076156e-31 9.076156e-31 
1.880000e-02 2.396824e-12 9.076156e-31 9.076156e-31 9.076156e-31 9.076156e-31 9.076156e-31 
1.885000e-02 2.086854e-12 9.076156e-31 9.076156e-31 9.076156e-31 9.076156e-31 9.076156e-31 
1.890000e-02 1.816876e-12 9.076156e-31 9.076156e-31 9.076156e-31 9.076156e-31 9.076156e-31 
1.895000e-02 1.581819e-12 9.076156e-31 9.076156e-31 9.076156e-31 9.076156e-31 9.076156e-31 
1.900000e-02 1.377138e-12 9.076156e-31 9.076156e-31 9.076156e-31 9.076156e-31 9.076156e-31 
1.905000e-02 1.198884e-12 9.076156e-31 9.076156e-31 9.076156e-31 9.076156e-31 9.076156e-31 
1.910000e-02 1.043751e-12 9.076156e-31 9.076156e-31 9.076156e-31 9.076156e-31 9.076156e-31 
1.915000e-02 9.086152e-13 9.076156e-31 9.076156e-31 9.076156e-31 9.076156e-31 9.076156e-31 
1.920000e-02 7.909978e-13 9.076156e-31 9.076156e-31 9.076156e-31 9.076156e-31 9.076156e-31 
1.925000e-02 6.885397e-13 9.076156e-31 9.076156e-31 9.076156e-31 9.076156e-31 9.076156e-31 
1.930000e-02 5.994123e-13 9.076156e-31 9.076156e-31 9.076156e-31 9.076156e-31 9.076156e-31 
1.935000e-02 5.217577e-13 9.076156e-31 9.076156e-31 9.076156e-31 9.076156e-31 9.076156e-31 
1.940000e-02 4.541719e-13 9.076156e-31 9.076156e-31 9.076156e-31 9.076156e-31 9.076156e-31 
1.945000e-02 3.953278e-13 9.076156e-31 9.076156e-31 9.076156e-31 9.076156e-31 9.076156e-31 
1.950000e-02 3.441047e-13 9.076156e-31 9.076156e-31 9.076156e-31 9.076156e-31 9.076156e-31 
1.955000e-02 2.995115e-13 9.076156e-31 9.076156e-31 9.076156e-31 9.076156e-31 9.076156e-31 
1.960000e-02 2.606931e-13 9.076156e-31 9.076156e-31 9.076156e-31 9.076156e-31 9.076156e-31 
1.965000e-02 2.269002e-13 9.076156e-31 9.076156e-31 9.076156e-31 9.076156e-31 9.076156e-31 
1.970000e-02 1.974840e-13 9.076156e-31 9.076156e-31 9.076156e-31 9.076156e-31 9.076156e-31 
1.975000e-02 1.718783e-13 9.076156e-31 9.076156e-31 9.076156e-31 9.076156e-31 9.076156e-31 
1.980000e-02 1.495935e-13 9.076156e-31 9.076156e-31 9.076156e-31 9.076156e-31 9.076156e-31 
1.985000e-02 1.301932e-13 9.076156e-31 9.076156e-31 9.076156e-31 9.076156e-31 9.076156e-31 
1.990000e-02 1.133056e-13 9.076156e-31 9.076156e-31 9.076156e-31 9.076156e-31 9.076156e-31 
1.995000e-02 9.860634e-14 9.076156e-31 9.076156e-31 9.076156e-31 9.076156e-31 9.076156e-31 
2.000000e-02 8.581235e-14 9.076156e-31 9.076156e-31 9.076156e-31 9.076156e-31 9.076156e-31 
2.005000e-02 7.467585e-14 9.076156e-31 9.076156e-31 9.076156e-31 9.076156e-31 9.076156e-31 
2.010000e-02 6.499041e-14 9.076156e-31 9.076156e-31 9.076156e-31 9.076156e-31 9.076156e-31 
2.015000e-02 5.655310e-14 9.076156e-31 9.076156e-31 9.076156e-31 9.076156e-31 9.076156e-31 
2.020000e-02 4.921233e-14 9.076156e-31 9.076156e-31 9.076156e-31 9.076156e-31 9.076156e-31 
2.025000e-02 4.282359e-14 9.076156e-31 9.076156e-31 9.076156e-31 9.076156e-31 9.076156e-31 
2.030000e-02 3.726360e-14 9.076156e-31 9.076156e-31 9.076156e-31 9.076156e-31 9.076156e-31 
2.035000e-02 3.242442e-14 9.076156e-31 9.076156e-31 9.076156e-31 9.076156e-31 9.076156e-31 
2.040000e-02 2.821402e-14 9.076156e-31 9.076156e-31 9.076156e-31 9.076156e-31 9.076156e-31 
2.045000e-02 2.454924e-14 9.076156e-31 9.076156e-31 9.076156e-31 9.076156e-31 9.076156e-31 
2.050000e-02 2.136048e-14 9.076156e-31 9.076156e-31 9.076156e-31 9.076156e-31 9.076156e-31 
2.055000e-02 1.858520e-14 9.076156e-31 9.076156e-31 9.076156e-31 9.076156e-31 9.076156e-31 
2.060000e-02 1.617033e-14 9.076156e-31 9.076156e-31 9.076156e-31 9.076156e-31 9.076156e-31 
2.065000e-02 1.406926e-14 9.076156e-31 9.076156e-31 9.076156e-31 9.076156e-31 9.076156e-31 
2.070000e-02 1.224071e-14 9.076156e-31 9.076156e-31 9.076156e-31 9.076156e-31 9.076156e-31 
2.075000e-02 1.064986e-14 9.076156e-31 9.076156e-31 9.076156e-31 9.076156e-31 9.076156e-31 
2.080000e-02 9.265468e-15 9.076156e-31 9.076156e-31 9.076156e-31 9.076156e-31 9.076156e-31 
2.085000e-02 8.060981e-15 9.076156e-31 9.076156e-31 9.076156e-31 9.076156e-31 9.076156e-31 
2.090000e-02 7.012806e-15 9.076156e-31 9.076156e-31 9.076156e-31 9.076156e-31 9.076156e-31 
2.095000e-02 6.100887e-15 9.076156e-31 9.076156e-31 9.076156e-31 9.076156e-31 9.076156e-31 
2.100000e-02 5.307530e-15 9.076156e-31 9.076156e-31 9.076156e-31 9.076156e-31 9.076156e-31 
2.105000e-02 4.617221e-15 9.076156e-31 9.076156e-31 9.076156e-31 9.076156e-31 9.076156e-31 
2.110000e-02 4.016629e-15 9.076156e-31 9.076156e-31 9.076156e-31 9.076156e-31 9.076156e-31 
2.115000e-02 3.494075e-15 9.076156e-31 9.076156e-31 9.076156e-31 9.076156e-31 9.076156e-31 
2.120000e-02 3.039472e-15 9.076156e-31 9.076156e-31 9.076156e-31 9.076156e-31 9.076156e-31 
2.125000e-02 2.643974e-15 9.076156e-31 9.076156e-31 9.076156e-31 9.076156e-31 9.076156e-31 
2.130000e-02 2.299910e-15 9.076156e-31 9.076156e-31 9.076156e-31 9.076156e-31 9.076156e-31 
2.135000e-02 2.000558e-15 9.076156e-31 9.076156e-31 9.076156e-31 9.076156e-31 9.076156e-31 
2.140000e-02 1.740136e-15 9.076156e-31 9.076156e-31 9.076156e-31 9.076156e-31 9.076156e-31 
2.145000e-02 1.513631e-15 9.076156e-31 9.076156e-31 9.076156e-31 9.076156e-31 9.076156e-31 
2.150000e-02 1.316560e-15 9.076156e-31 9.076156e-31 9.076156e-31 9.076156e-31 9.076156e-31 
2.155000e-02 1.145148e-15 9.076156e-31 9.076156e-31 9.076156e-31 9.076156e-31 9.076156e-31 
2.160000e-02 9.960320e-16 9.076156e-31 9.076156e-31 9.076156e-31 9.076156e-31 9.076156e-31 
2.165000e-02 8.663225e-16 9.076156e-31 9.076156e-31 9.076156e-31 9.076156e-31 9.076156e-31 
2.170000e-02 7.534829e-16 9.076156e-31 9.076156e-31 9.076156e-31 9.076156e-31 9.076156e-31 
2.175000e-02 6.553308e-16 9.076156e-31 9.076156e-31 9.076156e-31 9.076156e-31 9.076156e-31 
2.180000e-02 5.699490e-16 9.076156e-31 9.076156e-31 9.076156e-31 9.076156e-31 9.076156e-31 
2.185000e-02 4.956919e-16 9.076156e-31 9.076156e-31 9.076156e-31 9.076156e-31 9.076156e-31 
2.190000e-02 4.311026e-16 9.076156e-31 9.076156e-31 9.076156e-31 9.076156e-31 9.076156e-31 
2.195000e-02 3.749188e-16 9.076156e-31 9.076156e-31 9.076156e-31 9.076156e-31 9.076156e-31 
2.200000e-02 3.260551e-16 9.076156e-31 9.076156e-31 9.076156e-31 9.076156e-31 9.076156e-31 
2.205000e-02 2.835559e-16 9.076156e-31 9.076156e-31 9.076156e-31 9.076156e-31 9.076156e-31 
2.210000e-02 2.465955e-16 9.076156e-31 9.076156e-31 9.076156e-31 9.076156e-31 9.076156e-31 
2.215000e-02 2.144483e-16 9.076156e-31 9.076156e-31 9.076156e-31 9.076156e-31 9.076156e-31 
2.220000e-02 1.864891e-16 9.076156e-31 9.076156e-31 9.076156e-31 9.076156e-31 9.076156e-31 
2.225000e-02 1.621693e-16 9.076156e-31 9.076156e-31 9.076156e-31 9.076156e-31 9.076156e-31 
2.230000e-02 1.410229e-16 9.076156e-31 9.076156e-31 9.076156e-31 9.076156e-31 9.076156e-31 
2.235000e-02 1.226312e-16 9.076156e-31 9.076156e-31 9.076156e-31 9.076156e-31 9.076156e-31 
2.240000e-02 1.066343e-16 9.076156e-31 9.076156e-31 9.076156e-31 9.076156e-31 9.076156e-31 
2.245000e-02 9.272547e-17 9.076156e-31 9.076156e-31 9.076156e-31 9.076156e-31 9.076156e-31 
2.250000e-02 8.062751e-17 9.076156e-31 9.076156e-31 9.076156e-31 9.076156e-31 9.076156e-31 
2.255000e-02 7.010446e-17 9.076156e-31 9.076156e-31 9.076156e-31 9.076156e-31 9.076156e-31 
2.260000e-02 6.096169e-17 9.076156e-31 9.076156e-31 9.076156e-31 9.076156e-31 9.076156e-31 
2.265000e-02 5.300452e-17 9.076156e-31 9.076156e-31 9.076156e-31 9.076156e-31 9.076156e-31 
2.270000e-02 4.608668e-17 9.076156e-31 9.076156e-31 9.076156e-31 9.076156e-31 9.076156e-31 
2.275000e-02 4.007132e-17 9.076156e-31 9.076156e-31 9.076156e-31 9.076156e-31 9.076156e-31 
2.280000e-02 3.484047e-17 9.076156e-31 9.076156e-31 9.076156e-31 9.076156e-31 9.076156e-31 
2.285000e-02 3.029209e-17 9.076156e-31 9.076156e-31 9.076156e-31 9.076156e-31 9.076156e-31 
2.290000e-02 2.633710e-17 9.076156e-31 9.076156e-31 9.076156e-31 9.076156e-31 9.076156e-31 
2.295000e-02 2.289824e-17 9.076156e-31 9.076156e-31 9.076156e-31 9.076156e-31 9.076156e-31 
2.300000e-02 1.990825e-17 9.076156e-31 9.076156e-31 9.076156e-31 9.076156e-31 9.076156e-31 
2.305000e-02 1.730816e-17 9.076156e-31 9.076156e-31 9.076156e-31 9.076156e-31 9.076156e-31 
2.310000e-02 1.504783e-17 9.076156e-31 9.076156e-31 9.076156e-31 9.076156e-31 9.076156e-31 
2.315000e-02 1.308184e-17 9.076156e-31 9.076156e-31 9.076156e-31 9.076156e-31 9.076156e-31 
2.320000e-02 1.137303e-17 9.076156e-31 9.076156e-31 9.076156e-31 9.076156e-31 9.076156e-31 
2.325000e-02 9.887177e-18 9.076156e-31 9.076156e-31 9.076156e-31 9.076156e-31 9.076156e-31 
2.330000e-02 8.595391e-18 9.076156e-31 9.076156e-31 9.076156e-31 9.076156e-31 9.076156e-31 
2.335000e-02 7.472304e-18 9.076156e-31 9.076156e-31 9.076156e-31 9.076156e-31 9.076156e-31 
2.340000e-02 6.496091e-18 9.076156e-31 9.076156e-31 9.076156e-31 9.076156e-31 9.076156e-31 
2.345000e-02 5.646875e-18 9.076156e-31 9.076156e-31 9.076156e-31 9.076156e-31 9.076156e-31 
2.350000e-02 4.908787e-18 9.076156e-31 9.076156e-31 9.076156e-31 9.076156e-31 9.076156e-31 
2.355000e-02 4.267141e-18 9.076156e-31 9.076156e-31 9.076156e-31 9.076156e-31 9.076156e-31 
2.360000e-02 3.709314e-18 9.076156e-31 9.076156e-31 9.076156e-31 9.076156e-31 9.076156e-31 
2.365000e-02 3.224333e-18 9.076156e-31 9.076156e-31 9.076156e-31 9.076156e-31 9.076156e-31 
2.370000e-02 2.802763e-18 9.076156e-31 9.076156e-31 9.076156e-31 9.076156e-31 9.076156e-31 
2.375000e-02 2.436285e-18 9.076156e-31 9.076156e-31 9.076156e-31 9.076156e-31 9.076156e-31 
2.380000e-02 2.117703e-18 9.076156e-31 9.076156e-31 9.076156e-31 9.076156e-31 9.076156e-31 
2.385000e-02 1.840707e-18 9.076156e-31 9.076156e-31 9.076156e-31 9.076156e-31 9.076156e-31 
2.390000e-02 1.599986e-18 9.076156e-31 9.076156e-31 9.076156e-31 9.076156e-31 9.076156e-31 
2.395000e-02 1.390705e-18 9.076156e-31 9.076156e-31 9.076156e-31 9.076156e-31 9.076156e-31 
2.400000e-02 1.208734e-18 9.076156e-31 9.076156e-31 9.076156e-31 9.076156e-31 9.076156e-31 
2.405000e-02 1.050594e-18 9.076156e-31 9.076156e-31 9.076156e-31 9.076156e-31 9.076156e-31 
2.410000e-02 9.131571e-19 9.076156e-31 9.076156e-31 9.076156e-31 9.076156e-31 9.076156e-31 
2.415000e-02 7.936521e-19 9.076156e-31 9.076156e-31 9.076156e-31 9.076156e-31 9.076156e-31 
2.420000e-02 6.897784e-19 9.076156e-31 9.076156e-31 9.076156e-31 9.076156e-31 9.076156e-31 
2.425000e-02 5.995303e-19 9.076156e-31 9.076156e-31 9.076156e-31 9.076156e-31 9.076156e-31 
2.430000e-02 5.210558e-19 9.076156e-31 9.076156e-31 9.076156e-31 9.076156e-31 9.076156e-31 
2.435000e-02 4.528566e-19 9.076156e-31 9.076156e-31 9.076156e-31 9.076156e-31 9.076156e-31 
2.440000e-02 3.935760e-19 9.076156e-31 9.076156e-31 9.076156e-31 9.076156e-31 9.076156e-31 
2.445000e-02 3.420461e-19 9.076156e-31 9.076156e-31 9.076156e-31 9.076156e-31 9.076156e-31 
2.450000e-02 2.972642e-19 9.076156e-31 9.076156e-31 9.076156e-31 9.076156e-31 9.076156e-31 
2.455000e-02 2.583395e-19 9.076156e-31 9.076156e-31 9.076156e-31 9.076156e-31 9.076156e-31 
2.460000e-02 2.245112e-19 9.076156e-31 9.076156e-31 9.076156e-31 9.076156e-31 9.076156e-31 
2.465000e-02 1.951128e-19 9.076156e-31 9.076156e-31 9.076156e-31 9.076156e-31 9.076156e-31 
2.470000e-02 1.695543e-19 9.076156e-31 9.076156e-31 9.076156e-31 9.076156e-31 9.076156e-31 
2.475000e-02 1.473462e-19 9.076156e-31 9.076156e-31 9.076156e-31 9.076156e-31 9.076156e-31 
2.480000e-02 1.280461e-19 9.076156e-31 9.076156e-31 9.076156e-31 9.076156e-31 9.076156e-31 
2.485000e-02 1.112706e-19 9.076156e-31 9.076156e-31 9.076156e-31 9.076156e-31 9.076156e-31 
2.490000e-02 9.669520e-20 9.076156e-31 9.076156e-31 9.076156e-31 9.076156e-31 9.076156e-31 
2.495000e-02 8.402508e-20 9.076156e-31 9.076156e-31 9.076156e-31 9.076156e-31 9.076156e-31 
2.500000e-02 7.301836e-20 9.076156e-31 9.076156e-31 9.076156e-31 9.076156e-31 9.076156e-31 
