0.000000e+00 0.000000e+00 0.000000e+00 0.000000e+00 0.000000e+00 0.000000e+00 0.000000e+00 
5.000000e-05 1.181024e+07 2.536524e+03 2.536524e+03 4.362612e+06 3.364213e+03 3.364213e+03 
1.000000e-04 4.699619e+07 1.804064e+04 1.804064e+04 1.650824e+07 2.128372e+04 2.128372e+04 
1.500000e-04 1.056570e+08 1.123664e+05 1.123664e+05 3.686196e+07 1.352751e+05 1.352751e+05 
2.000000e-04 1.866281e+08 3.677429e+05 3.677429e+05 6.539095e+07 4.297016e+05 4.297016e+05 
2.500000e-04 2.930906e+08 9.367821e+05 9.367821e+05 1.025949e+08 1.082285e+06 1.082285e+06 
3.000000e-04 4.244696e+08 1.898467e+06 1.898467e+06 1.480019e+08 2.169008e+06 2.169008e+06 
3.500000e-04 5.792778e+08 3.338706e+06 3.338706e+06 2.010062e+08 3.779877e+06 3.779877e+06 
4.000000e-04 7.569561e+08 5.233815e+06 5.233815e+06 2.603997e+08 5.884629e+06 5.884629e+06 
4.500000e-04 9.568739e+08 7.597736e+06 7.597736e+06 3.252611e+08 8.484573e+06 8.484573e+06 
5.000000e-04 1.172389e+09 1.039187e+07 1.039187e+07 3.945257e+08 1.153592e+07 1.153592e+07 
5.500000e-04 1.414098e+09 1.356607e+07 1.356607e+07 4.669936e+08 1.497033e+07 1.497033e+07 
6.000000e-04 1.675751e+09 1.709440e+07 1.709440e+07 5.417577e+08 1.875176e+07 1.875176e+07 
6.500000e-04 1.954955e+09 2.083532e+07 2.083532e+07 6.177252e+08 2.273340e+07 2.273340e+07 
7.000000e-04 2.251211e+09 2.471911e+07 2.471911e+07 6.942283e+08 2.684860e+07 2.684860e+07 
7.500000e-04 2.563258e+09 2.870047e+07 2.870047e+07 7.705196e+08 3.104239e+07 3.104239e+07 
8.000000e-04 2.890328e+09 3.278878e+07 3.278878e+07 8.461574e+08 3.531376e+07 3.531376e+07 
8.500000e-04 3.230371e+09 3.687573e+07 3.687573e+07 9.204771e+08 3.956898e+07 3.956898e+07 
9.000000e-04 3.583476e+09 4.090322e+07 4.090322e+07 9.929858e+08 4.375878e+07 4.375878e+07 
9.500000e-04 3.946954e+09 4.482589e+07 4.482589e+07 1.063217e+09 4.783411e+07 4.783411e+07 
1.000000e-03 4.319845e+09 4.862870e+07 4.862870e+07 1.130832e+09 5.177529e+07 5.177529e+07 
1.050000e-03 4.701304e+09 5.229258e+07 5.229258e+07 1.195301e+09 5.556308e+07 5.556308e+07 
1.100000e-03 5.089805e+09 5.578387e+07 5.578387e+07 1.256326e+09 5.915835e+07 5.915835e+07 
1.150000e-03 5.483900e+09 5.908767e+07 5.908767e+07 1.313740e+09 6.254761e+07 6.254761e+07 
1.200000e-03 5.883340e+09 6.218756e+07 6.218756e+07 1.367325e+09 6.572029e+07 6.572029e+07 
1.250000e-03 6.286444e+09 6.508879e+07 6.508879e+07 1.417090e+09 6.866788e+07 6.866788e+07 
1.300000e-03 6.692194e+09 6.778327e+07 6.778327e+07 1.462877e+09 7.139066e+07 7.139066e+07 
1.350000e-03 7.099297e+09 7.026566e+07 7.026566e+07 1.504624e+09 7.388849e+07 7.388849e+07 
1.400000e-03 7.506882e+09 7.252180e+07 7.252180e+07 1.542231e+09 7.613469e+07 7.613469e+07 
1.450000e-03 7.913642e+09 7.457753e+07 7.457753e+07 1.575569e+09 7.814737e+07 7.814737e+07 
1.500000e-03 8.319161e+09 7.644398e+07 7.644398e+07 1.604552e+09 7.992166e+07 7.992166e+07 
1.550000e-03 8.723224e+09 7.811057e+07 7.811057e+07 1.629398e+09 8.147325e+07 8.147325e+07 
1.600000e-03 9.122523e+09 7.953371e+07 7.953371e+07 1.650079e+09 8.279879e+07 8.279879e+07 
1.650000e-03 9.516909e+09 8.076854e+07 8.076854e+07 1.666860e+09 8.391340e+07 8.391340e+07 
1.700000e-03 9.906032e+09 8.179633e+07 8.179633e+07 1.679730e+09 8.479668e+07 8.479668e+07 
1.750000e-03 1.028830e+10 8.262938e+07 8.262938e+07 1.688803e+09 8.547636e+07 8.547636e+07 
1.800000e-03 1.066367e+10 8.326622e+07 8.326622e+07 1.694196e+09 8.595166e+07 8.595166e+07 
1.850000e-03 1.103138e+10 8.372485e+07 8.372485e+07 1.696064e+09 8.624306e+07 8.624306e+07 
1.900000e-03 1.139039e+10 8.403024e+07 8.403024e+07 1.694602e+09 8.637589e+07 8.637589e+07 
1.950000e-03 1.173956e+10 8.417650e+07 8.417650e+07 1.689917e+09 8.634587e+07 8.634587e+07 
2.000000e-03 1.207935e+10 8.418884e+07 8.418884e+07 1.682245e+09 8.617866e+07 8.617866e+07 
2.050000e-03 1.240810e+10 8.405235e+07 8.405235e+07 1.671619e+09 8.586187e+07 8.586187e+07 
2.100000e-03 1.272628e+10 8.378603e+07 8.378603e+07 1.658265e+09 8.541326e+07 8.541326e+07 
2.150000e-03 1.303323e+10 8.339806e+07 8.339806e+07 1.642269e+09 8.484396e+07 8.484396e+07 
2.200000e-03 1.332836e+10 8.288513e+07 8.288513e+07 1.623777e+09 8.414947e+07 8.414947e+07 
2.250000e-03 1.361092e+10 8.226811e+07 8.226811e+07 1.603052e+09 8.335452e+07 8.335452e+07 
2.300000e-03 1.388130e+10 8.154909e+07 8.154909e+07 1.580175e+09 8.245834e+07 8.245834e+07 
2.350000e-03 1.413898e+10 8.073997e+07 8.073997e+07 1.555344e+09 8.147825e+07 8.147825e+07 
2.400000e-03 1.438375e+10 7.983658e+07 7.983658e+07 1.528730e+09 8.040918e+07 8.040918e+07 
2.450000e-03 1.461615e+10 7.886897e+07 7.886897e+07 1.500540e+09 7.928172e+07 7.928172e+07 
2.500000e-03 1.483508e+10 7.783111e+07 7.783111e+07 1.470820e+09 7.808688e+07 7.808688e+07 
2.550000e-03 1.504062e+10 7.672226e+07 7.672226e+07 1.439740e+09 7.682468e+07 7.682468e+07 
2.600000e-03 1.523345e+10 7.555829e+07 7.555829e+07 1.407557e+09 7.551429e+07 7.551429e+07 
2.650000e-03 1.541335e+10 7.433758e+07 7.433758e+07 1.374342e+09 7.415548e+07 7.415548e+07 
2.700000e-03 1.558015e+10 7.307683e+07 7.307683e+07 1.340260e+09 7.276152e+07 7.276152e+07 
2.750000e-03 1.573405e+10 7.177048e+07 7.177048e+07 1.305462e+09 7.133278e+07 7.133278e+07 
2.800000e-03 1.587652e+10 7.044249e+07 7.044249e+07 1.270086e+09 6.988384e+07 6.988384e+07 
2.850000e-03 1.600561e+10 6.908785e+07 6.908785e+07 1.234277e+09 6.841952e+07 6.841952e+07 
2.900000e-03 1.612244e+10 6.770805e+07 6.770805e+07 1.198063e+09 6.693173e+07 6.693173e+07 
2.950000e-03 1.622704e+10 6.630256e+07 6.630256e+07 1.161620e+09 6.542799e+07 6.542799e+07 
3.000000e-03 1.632007e+10 6.489123e+07 6.489123e+07 1.125142e+09 6.393009e+07 6.393009e+07 
3.050000e-03 1.640136e+10 6.347331e+07 6.347331e+07 1.088634e+09 6.242223e+07 6.242223e+07 
3.100000e-03 1.647143e+10 6.203228e+07 6.203228e+07 1.052154e+09 6.089643e+07 6.089643e+07 
3.150000e-03 1.653060e+10 6.059930e+07 6.059930e+07 1.015927e+09 5.938669e+07 5.938669e+07 
3.200000e-03 1.657895e+10 5.915778e+07 5.915778e+07 9.799097e+08 5.787108e+07 5.787108e+07 
3.250000e-03 1.661700e+10 5.772528e+07 5.772528e+07 9.442856e+08 5.637114e+07 5.637114e+07 
3.300000e-03 1.664483e+10 5.628144e+07 5.628144e+07 9.090601e+08 5.487255e+07 5.487255e+07 
3.350000e-03 1.666274e+10 5.484970e+07 5.484970e+07 8.743370e+08 5.339120e+07 5.339120e+07 
3.400000e-03 1.667140e+10 5.340910e+07 5.340910e+07 8.400950e+08 5.190488e+07 5.190488e+07 
3.450000e-03 1.667061e+10 5.198828e+07 5.198828e+07 8.064526e+08 5.043996e+07 5.043996e+07 
3.500000e-03 1.666126e+10 5.058477e+07 5.058477e+07 7.735254e+08 4.899781e+07 4.899781e+07 
3.550000e-03 1.664301e+10 4.920141e+07 4.920141e+07 7.413138e+08 4.757960e+07 4.757960e+07 
3.600000e-03 1.661681e+10 4.782252e+07 4.782252e+07 7.098376e+08 4.617398e+07 4.617398e+07 
3.650000e-03 1.658253e+10 4.646755e+07 4.646755e+07 6.791528e+08 4.479808e+07 4.479808e+07 
3.700000e-03 1.654051e+10 4.512905e+07 4.512905e+07 6.492743e+08 4.344176e+07 4.344176e+07 
3.750000e-03 1.649111e+10 4.380390e+07 4.380390e+07 6.202265e+08 4.210529e+07 4.210529e+07 
3.800000e-03 1.643481e+10 4.251156e+07 4.251156e+07 5.920553e+08 4.080360e+07 4.080360e+07 
3.850000e-03 1.637135e+10 4.123845e+07 4.123845e+07 5.647340e+08 3.951934e+07 3.951934e+07 
3.900000e-03 1.630146e+10 4.000276e+07 4.000276e+07 5.383550e+08 3.827787e+07 3.827787e+07 
3.950000e-03 1.622530e+10 3.876216e+07 3.876216e+07 5.127957e+08 3.704566e+07 3.704566e+07 
4.000000e-03 1.614281e+10 3.755587e+07 3.755587e+07 4.881648e+08 3.584958e+07 3.584958e+07 
4.050000e-03 1.605485e+10 3.639233e+07 3.639233e+07 4.644938e+08 3.469336e+07 3.469336e+07 
4.100000e-03 1.596093e+10 3.525074e+07 3.525074e+07 4.416738e+08 3.355892e+07 3.355892e+07 
4.150000e-03 1.586169e+10 3.413836e+07 3.413836e+07 4.197685e+08 3.245697e+07 3.245697e+07 
4.200000e-03 1.575727e+10 3.304663e+07 3.304663e+07 3.987303e+08 3.137879e+07 3.137879e+07 
4.250000e-03 1.564769e+10 3.198054e+07 3.198054e+07 3.784798e+08 3.032770e+07 3.032770e+07 
4.300000e-03 1.553317e+10 3.094128e+07 3.094128e+07 3.591600e+08 2.930684e+07 2.930684e+07 
4.350000e-03 1.541406e+10 2.992237e+07 2.992237e+07 3.406216e+08 2.830682e+07 2.830682e+07 
4.400000e-03 1.529014e+10 2.891794e+07 2.891794e+07 3.228377e+08 2.732247e+07 2.732247e+07 
4.450000e-03 1.516203e+10 2.793926e+07 2.793926e+07 3.058572e+08 2.636471e+07 2.636471e+07 
4.500000e-03 1.502991e+10 2.698008e+07 2.698008e+07 2.896223e+08 2.542874e+07 2.542874e+07 
4.550000e-03 1.489338e+10 2.603902e+07 2.603902e+07 2.741090e+08 2.451214e+07 2.451214e+07 
4.600000e-03 1.475308e+10 2.512531e+07 2.512531e+07 2.591665e+08 2.362378e+07 2.362378e+07 
4.650000e-03 1.460900e+10 2.423928e+07 2.423928e+07 2.451475e+08 2.276379e+07 2.276379e+07 
4.700000e-03 1.446137e+10 2.338723e+07 2.338723e+07 2.318441e+08 2.193753e+07 2.193753e+07 
4.750000e-03 1.431010e+10 2.254764e+07 2.254764e+07 2.191295e+08 2.112477e+07 2.112477e+07 
4.800000e-03 1.415542e+10 2.173150e+07 2.173150e+07 2.070430e+08 2.033493e+07 2.033493e+07 
4.850000e-03 1.399763e+10 2.095928e+07 2.095928e+07 1.956596e+08 1.958940e+07 1.958940e+07 
4.900000e-03 1.383681e+10 2.020804e+07 2.020804e+07 1.825335e+08 1.886411e+07 1.886411e+07 
4.950000e-03 1.367301e+10 1.948180e+07 1.948180e+07 1.728279e+08 1.816353e+07 1.816353e+07 
5.000000e-03 1.350624e+10 1.878948e+07 1.878948e+07 1.636289e+08 1.749808e+07 1.749808e+07 
5.050000e-03 1.333681e+10 1.811022e+07 1.811022e+07 1.548148e+08 1.684501e+07 1.684501e+07 
5.100000e-03 1.316469e+10 1.744082e+07 1.744082e+07 1.463727e+08 1.620230e+07 1.620230e+07 
5.150000e-03 1.299013e+10 1.679263e+07 1.679263e+07 1.383416e+08 1.558112e+07 1.558112e+07 
5.200000e-03 1.281318e+10 1.617607e+07 1.617607e+07 1.307140e+08 1.499140e+07 1.499140e+07 
5.250000e-03 1.263394e+10 1.556979e+07 1.556979e+07 1.234757e+08 1.441258e+07 1.441258e+07 
5.300000e-03 1.245240e+10 1.497353e+07 1.497353e+07 1.165758e+08 1.384581e+07 1.384581e+07 
5.350000e-03 1.226923e+10 1.440185e+07 1.440185e+07 1.100312e+08 1.330407e+07 1.330407e+07 
5.400000e-03 1.208395e+10 1.383862e+07 1.383862e+07 1.038157e+08 1.277209e+07 1.277209e+07 
5.450000e-03 1.189720e+10 1.329700e+07 1.329700e+07 9.794214e+07 1.226168e+07 1.226168e+07 
5.500000e-03 1.170860e+10 1.277881e+07 1.277881e+07 9.237984e+07 1.177332e+07 1.177332e+07 
5.550000e-03 1.151876e+10 1.228600e+07 1.228600e+07 8.717342e+07 1.130939e+07 1.130939e+07 
5.600000e-03 1.132761e+10 1.180480e+07 1.180480e+07 8.222476e+07 1.085659e+07 1.085659e+07 
5.650000e-03 1.113535e+10 1.133575e+07 1.133575e+07 7.751609e+07 1.041563e+07 1.041563e+07 
5.700000e-03 1.094227e+10 1.089629e+07 1.089629e+07 7.312181e+07 1.000288e+07 1.000288e+07 
5.750000e-03 1.074807e+10 1.046895e+07 1.046895e+07 6.895471e+07 9.601691e+06 9.601691e+06 
5.800000e-03 1.055335e+10 1.005092e+07 1.005092e+07 6.499422e+07 9.209972e+06 9.209972e+06 
5.850000e-03 1.035793e+10 9.650115e+06 9.650115e+06 6.122251e+07 8.834714e+06 8.834714e+06 
5.900000e-03 1.016216e+10 9.259033e+06 9.259033e+06 5.774448e+07 8.468679e+06 8.468679e+06 
5.950000e-03 9.966264e+09 8.879319e+06 8.879319e+06 5.440600e+07 8.113415e+06 8.113415e+06 
6.000000e-03 9.770073e+09 8.519532e+06 8.519532e+06 5.128496e+07 7.777201e+06 7.777201e+06 
6.050000e-03 9.574124e+09 8.169309e+06 8.169309e+06 4.832951e+07 7.450399e+06 7.450399e+06 
6.100000e-03 9.378248e+09 7.833316e+06 7.833316e+06 4.555038e+07 7.137361e+06 7.137361e+06 
6.150000e-03 9.182819e+09 7.509145e+06 7.509145e+06 4.287366e+07 6.835956e+06 6.835956e+06 
6.200000e-03 8.987889e+09 7.206251e+06 7.206251e+06 4.046920e+07 6.555056e+06 6.555056e+06 
6.250000e-03 8.793762e+09 6.908459e+06 6.908459e+06 3.818538e+07 6.279559e+06 6.279559e+06 
6.300000e-03 8.600084e+09 6.623489e+06 6.623489e+06 3.605002e+07 6.016653e+06 6.016653e+06 
6.350000e-03 8.407620e+09 6.346588e+06 6.346588e+06 3.403092e+07 5.761442e+06 5.761442e+06 
6.400000e-03 8.216220e+09 6.086670e+06 6.086670e+06 3.215738e+07 5.522050e+06 5.522050e+06 
6.450000e-03 8.026021e+09 5.832433e+06 5.832433e+06 3.032216e+07 5.288050e+06 5.288050e+06 
6.500000e-03 7.837032e+09 5.585490e+06 5.585490e+06 2.865477e+07 5.060961e+06 5.060961e+06 
6.550000e-03 7.649638e+09 5.344606e+06 5.344606e+06 2.707256e+07 4.839428e+06 4.839428e+06 
6.600000e-03 7.463855e+09 5.113089e+06 5.113089e+06 2.558300e+07 4.626658e+06 4.626658e+06 
6.650000e-03 7.279888e+09 4.892672e+06 4.892672e+06 2.419080e+07 4.424268e+06 4.424268e+06 
6.700000e-03 7.097711e+09 4.678518e+06 4.678518e+06 2.287261e+07 4.227704e+06 4.227704e+06 
6.750000e-03 6.917329e+09 4.472890e+06 4.472890e+06 2.157213e+07 4.039053e+06 4.039053e+06 
6.800000e-03 6.739356e+09 4.277692e+06 4.277692e+06 2.043160e+07 3.860026e+06 3.860026e+06 
6.850000e-03 6.563380e+09 4.091006e+06 4.091006e+06 1.936363e+07 3.688780e+06 3.688780e+06 
6.900000e-03 6.390007e+09 3.916688e+06 3.916688e+06 1.837642e+07 3.528992e+06 3.528992e+06 
6.950000e-03 6.218820e+09 3.749531e+06 3.749531e+06 1.745054e+07 3.375992e+06 3.375992e+06 
7.000000e-03 6.050197e+09 3.587690e+06 3.587690e+06 1.657671e+07 3.228091e+06 3.228091e+06 
7.050000e-03 5.884140e+09 3.431326e+06 3.431326e+06 1.575783e+07 3.085733e+06 3.085733e+06 
7.100000e-03 5.720473e+09 3.284122e+06 3.284122e+06 1.497290e+07 2.951914e+06 2.951914e+06 
7.150000e-03 5.559764e+09 3.142605e+06 3.142605e+06 1.427229e+07 2.823389e+06 2.823389e+06 
7.200000e-03 5.401609e+09 3.003774e+06 3.003774e+06 1.360058e+07 2.697432e+06 2.697432e+06 
7.250000e-03 5.246407e+09 2.869451e+06 2.869451e+06 1.296481e+07 2.575603e+06 2.575603e+06 
7.300000e-03 5.094160e+09 2.740124e+06 2.740124e+06 1.236562e+07 2.458375e+06 2.458375e+06 
7.350000e-03 4.944675e+09 2.615816e+06 2.615816e+06 1.180207e+07 2.345787e+06 2.345787e+06 
7.400000e-03 4.798137e+09 2.495341e+06 2.495341e+06 1.124739e+07 2.236712e+06 2.236712e+06 
7.450000e-03 4.654560e+09 2.380439e+06 2.380439e+06 1.075514e+07 2.132783e+06 2.132783e+06 
7.500000e-03 4.513934e+09 2.269699e+06 2.269699e+06 1.028808e+07 2.032645e+06 2.032645e+06 
7.550000e-03 4.376598e+09 2.167849e+06 2.167849e+06 9.864567e+06 1.940617e+06 1.940617e+06 
7.600000e-03 4.241974e+09 2.069416e+06 2.069416e+06 9.462936e+06 1.851674e+06 1.851674e+06 
7.650000e-03 4.110627e+09 1.973771e+06 1.973771e+06 9.080428e+06 1.765289e+06 1.765289e+06 
7.700000e-03 3.982156e+09 1.882682e+06 1.882682e+06 8.703443e+06 1.683002e+06 1.683002e+06 
7.750000e-03 3.856700e+09 1.796635e+06 1.796635e+06 8.374867e+06 1.605257e+06 1.605257e+06 
7.800000e-03 3.734409e+09 1.718605e+06 1.718605e+06 8.084228e+06 1.534872e+06 1.534872e+06 
7.850000e-03 3.614984e+09 1.643195e+06 1.643195e+06 7.806843e+06 1.466910e+06 1.466910e+06 
7.900000e-03 3.498436e+09 1.568867e+06 1.568867e+06 7.537928e+06 1.399951e+06 1.399951e+06 
7.950000e-03 3.384907e+09 1.496862e+06 1.496862e+06 7.282048e+06 1.335160e+06 1.335160e+06 
8.000000e-03 3.274287e+09 1.428351e+06 1.428351e+06 7.027976e+06 1.273618e+06 1.273618e+06 
8.050000e-03 3.166527e+09 1.361392e+06 1.361392e+06 6.801069e+06 1.213495e+06 1.213495e+06 
8.100000e-03 3.061631e+09 1.296974e+06 1.296974e+06 6.586328e+06 1.155671e+06 1.155671e+06 
8.150000e-03 2.959502e+09 1.234950e+06 1.234950e+06 6.381074e+06 1.100053e+06 1.100053e+06 
8.200000e-03 2.860158e+09 1.175100e+06 1.175100e+06 6.184947e+06 1.046406e+06 1.046406e+06 
8.250000e-03 2.763554e+09 1.119868e+06 1.119868e+06 6.006837e+06 9.969660e+05 9.969660e+05 
8.300000e-03 2.669596e+09 1.066708e+06 1.066708e+06 5.836544e+06 9.493679e+05 9.493679e+05 
8.350000e-03 2.578266e+09 1.015297e+06 1.015297e+06 5.667486e+06 9.033579e+05 9.033579e+05 
8.400000e-03 2.489541e+09 9.655174e+05 9.655174e+05 5.512693e+06 8.588725e+05 8.588725e+05 
8.450000e-03 2.403314e+09 9.189783e+05 9.189783e+05 5.368123e+06 8.172844e+05 8.172844e+05 
8.500000e-03 2.319589e+09 8.762299e+05 8.762299e+05 5.236038e+06 7.790537e+05 7.790537e+05 
8.550000e-03 2.238317e+09 8.359586e+05 8.359586e+05 5.111987e+06 7.430427e+05 7.430427e+05 
8.600000e-03 2.159422e+09 7.980112e+05 7.980112e+05 4.994590e+06 7.090483e+05 7.090483e+05 
8.650000e-03 2.082840e+09 7.615402e+05 7.615402e+05 4.878517e+06 6.764314e+05 6.764314e+05 
8.700000e-03 2.008547e+09 7.259278e+05 7.259278e+05 4.769736e+06 6.445857e+05 6.445857e+05 
8.750000e-03 1.936465e+09 6.910588e+05 6.910588e+05 4.661740e+06 6.134090e+05 6.134090e+05 
8.800000e-03 1.866561e+09 6.580255e+05 6.580255e+05 4.559718e+06 5.839371e+05 5.839371e+05 
8.850000e-03 1.798809e+09 6.257328e+05 6.257328e+05 4.458724e+06 5.551293e+05 5.551293e+05 
8.900000e-03 1.733097e+09 5.951560e+05 5.951560e+05 4.362697e+06 5.278897e+05 5.278897e+05 
8.950000e-03 1.669425e+09 5.662277e+05 5.662277e+05 4.270364e+06 5.021549e+05 5.021549e+05 
9.000000e-03 1.607749e+09 5.379243e+05 5.379243e+05 4.179894e+06 4.769719e+05 4.769719e+05 
9.050000e-03 1.547997e+09 5.115127e+05 5.115127e+05 4.094836e+06 4.535069e+05 4.535069e+05 
9.100000e-03 1.490143e+09 4.859104e+05 4.859104e+05 4.010838e+06 4.307732e+05 4.307732e+05 
9.150000e-03 1.434109e+09 4.608846e+05 4.608846e+05 3.927558e+06 4.085890e+05 4.085890e+05 
9.200000e-03 1.379886e+09 4.383784e+05 4.383784e+05 3.851300e+06 3.886507e+05 3.886507e+05 
9.250000e-03 1.327408e+09 4.172817e+05 4.172817e+05 3.775319e+06 3.699464e+05 3.699464e+05 
9.300000e-03 1.276654e+09 3.971353e+05 3.971353e+05 3.704673e+06 3.520947e+05 3.520947e+05 
9.350000e-03 1.227547e+09 3.780621e+05 3.780621e+05 3.635180e+06 3.351268e+05 3.351268e+05 
9.400000e-03 1.180068e+09 3.602435e+05 3.602435e+05 3.567403e+06 3.192132e+05 3.192132e+05 
9.450000e-03 1.134194e+09 3.430792e+05 3.430792e+05 3.500669e+06 3.039031e+05 3.039031e+05 
9.500000e-03 1.089846e+09 3.263629e+05 3.263629e+05 3.433913e+06 2.890045e+05 2.890045e+05 
9.550000e-03 1.046966e+09 3.101917e+05 3.101917e+05 3.367643e+06 2.746013e+05 2.746013e+05 
9.600000e-03 1.005576e+09 2.951578e+05 2.951578e+05 3.304014e+06 2.612480e+05 2.612480e+05 
9.650000e-03 9.655936e+08 2.804781e+05 2.804781e+05 3.240590e+06 2.482141e+05 2.482141e+05 
9.700000e-03 9.270209e+08 2.663790e+05 2.663790e+05 3.177672e+06 2.357088e+05 2.357088e+05 
9.750000e-03 8.897604e+08 2.529530e+05 2.529530e+05 3.116077e+06 2.238283e+05 2.238283e+05 
9.800000e-03 8.538310e+08 2.400758e+05 2.400758e+05 3.054900e+06 2.124249e+05 2.124249e+05 
9.850000e-03 8.191739e+08 2.277388e+05 2.277388e+05 2.994743e+06 2.015174e+05 2.015174e+05 
9.900000e-03 7.857696e+08 2.159181e+05 2.159181e+05 2.935143e+06 1.910902e+05 1.910902e+05 
9.950000e-03 7.535621e+08 2.051301e+05 2.051301e+05 2.878297e+06 1.815827e+05 1.815827e+05 
1.000000e-02 7.225286e+08 1.947132e+05 1.947132e+05 2.821430e+06 1.723948e+05 1.723948e+05 
1.005000e-02 6.926306e+08 1.847674e+05 1.847674e+05 2.765007e+06 1.636045e+05 1.636045e+05 
1.010000e-02 6.638288e+08 1.752589e+05 1.752589e+05 2.708873e+06 1.551910e+05 1.551910e+05 
1.015000e-02 6.361071e+08 1.667973e+05 1.667973e+05 2.655095e+06 1.476609e+05 1.476609e+05 
1.020000e-02 6.094226e+08 1.586804e+05 1.586804e+05 2.601789e+06 1.404239e+05 1.404239e+05 
1.025000e-02 5.837556e+08 1.509390e+05 1.509390e+05 2.549095e+06 1.335315e+05 1.335315e+05 
1.030000e-02 5.590674e+08 1.436308e+05 1.436308e+05 2.497688e+06 1.270391e+05 1.270391e+05 
1.035000e-02 5.352984e+08 1.365566e+05 1.365566e+05 2.446163e+06 1.207635e+05 1.207635e+05 
1.040000e-02 5.124876e+08 1.296944e+05 1.296944e+05 2.395059e+06 1.146815e+05 1.146815e+05 
1.045000e-02 4.905377e+08 1.231248e+05 1.231248e+05 2.344706e+06 1.088669e+05 1.088669e+05 
1.050000e-02 4.694478e+08 1.166666e+05 1.166666e+05 2.294277e+06 1.031524e+05 1.031524e+05 
1.055000e-02 4.492038e+08 1.106214e+05 1.106214e+05 2.245105e+06 9.780651e+04 9.780651e+04 
1.060000e-02 4.297527e+08 1.049290e+05 1.049290e+05 2.196969e+06 9.278664e+04 9.278664e+04 
1.065000e-02 4.110665e+08 9.946425e+04 9.946425e+04 2.149458e+06 8.797928e+04 8.797928e+04 
1.070000e-02 3.931451e+08 9.421437e+04 9.421437e+04 2.102432e+06 8.335698e+04 8.335698e+04 
1.075000e-02 3.759532e+08 8.913011e+04 8.913011e+04 2.055830e+06 7.887927e+04 7.887927e+04 
1.080000e-02 3.594412e+08 8.445451e+04 8.445451e+04 2.010395e+06 7.475532e+04 7.475532e+04 
1.085000e-02 3.436293e+08 7.992327e+04 7.992327e+04 1.965324e+06 7.076128e+04 7.076128e+04 
1.090000e-02 3.284448e+08 7.581651e+04 7.581651e+04 1.921649e+06 6.712392e+04 6.712392e+04 
1.095000e-02 3.138998e+08 7.221502e+04 7.221502e+04 1.879479e+06 6.391599e+04 6.391599e+04 
1.100000e-02 2.999571e+08 6.876513e+04 6.876513e+04 1.837913e+06 6.084805e+04 6.084805e+04 
1.105000e-02 2.865971e+08 6.541260e+04 6.541260e+04 1.796841e+06 5.786948e+04 5.786948e+04 
1.110000e-02 2.737941e+08 6.214070e+04 6.214070e+04 1.756227e+06 5.496494e+04 5.496494e+04 
1.115000e-02 2.615326e+08 5.897257e+04 5.897257e+04 1.716173e+06 5.215583e+04 5.215583e+04 
1.120000e-02 2.497874e+08 5.590206e+04 5.590206e+04 1.676617e+06 4.943380e+04 4.943380e+04 
1.125000e-02 2.385426e+08 5.293798e+04 5.293798e+04 1.637684e+06 4.681209e+04 4.681209e+04 
1.130000e-02 2.277778e+08 5.023622e+04 5.023622e+04 1.599908e+06 4.442756e+04 4.442756e+04 
1.135000e-02 2.174725e+08 4.763039e+04 4.763039e+04 1.562806e+06 4.212912e+04 4.212912e+04 
1.140000e-02 2.076107e+08 4.505844e+04 4.505844e+04 1.526040e+06 3.986360e+04 3.986360e+04 
1.145000e-02 1.981733e+08 4.258836e+04 4.258836e+04 1.489896e+06 3.768886e+04 3.768886e+04 
1.150000e-02 1.891468e+08 4.024846e+04 4.024846e+04 1.454316e+06 3.562962e+04 3.562962e+04 
1.155000e-02 1.805097e+08 3.804533e+04 3.804533e+04 1.419678e+06 3.368737e+04 3.368737e+04 
1.160000e-02 1.722522e+08 3.596775e+04 3.596775e+04 1.385758e+06 3.185816e+04 3.185816e+04 
1.165000e-02 1.643551e+08 3.409151e+04 3.409151e+04 1.352877e+06 3.020811e+04 3.020811e+04 
1.170000e-02 1.568050e+08 3.243540e+04 3.243540e+04 1.320882e+06 2.873778e+04 2.873778e+04 
1.175000e-02 1.495874e+08 3.086107e+04 3.086107e+04 1.289453e+06 2.733462e+04 2.733462e+04 
1.180000e-02 1.426885e+08 2.933933e+04 2.933933e+04 1.258598e+06 2.598030e+04 2.598030e+04 
1.185000e-02 1.360945e+08 2.785134e+04 2.785134e+04 1.228222e+06 2.465670e+04 2.465670e+04 
1.190000e-02 1.297955e+08 2.640541e+04 2.640541e+04 1.198260e+06 2.337216e+04 2.337216e+04 
1.195000e-02 1.237725e+08 2.504720e+04 2.504720e+04 1.169082e+06 2.216897e+04 2.216897e+04 
1.200000e-02 1.180211e+08 2.372852e+04 2.372852e+04 1.140254e+06 2.100258e+04 2.100258e+04 
1.205000e-02 1.125280e+08 2.250027e+04 2.250027e+04 1.112368e+06 1.991577e+04 1.991577e+04 
1.210000e-02 1.072793e+08 2.131848e+04 2.131848e+04 1.084939e+06 1.887254e+04 1.887254e+04 
1.215000e-02 1.022690e+08 2.015352e+04 2.015352e+04 1.057970e+06 1.784553e+04 1.784553e+04 
1.220000e-02 9.748150e+07 1.900962e+04 1.900962e+04 1.031444e+06 1.683714e+04 1.683714e+04 
1.225000e-02 9.291315e+07 1.794727e+04 1.794727e+04 1.005561e+06 1.590094e+04 1.590094e+04 
1.230000e-02 8.855028e+07 1.695791e+04 1.695791e+04 9.803275e+05 1.503053e+04 1.503053e+04 
1.235000e-02 8.438706e+07 1.605033e+04 1.605033e+04 9.557198e+05 1.423245e+04 1.423245e+04 
1.240000e-02 8.041340e+07 1.516100e+04 1.516100e+04 9.315608e+05 1.345025e+04 1.345025e+04 
1.245000e-02 7.661993e+07 1.435676e+04 1.435676e+04 9.080184e+05 1.273793e+04 1.273793e+04 
1.250000e-02 7.299895e+07 1.366349e+04 1.366349e+04 8.850717e+05 1.211923e+04 1.211923e+04 
1.255000e-02 6.954603e+07 1.298649e+04 1.298649e+04 8.626127e+05 1.151561e+04 1.151561e+04 
1.260000e-02 6.625134e+07 1.231112e+04 1.231112e+04 8.405816e+05 1.091271e+04 1.091271e+04 
1.265000e-02 6.310724e+07 1.167751e+04 1.167751e+04 8.190259e+05 1.034953e+04 1.034953e+04 
1.270000e-02 6.010981e+07 1.107748e+04 1.107748e+04 7.979252e+05 9.817048e+03 9.817048e+03 
1.275000e-02 5.724919e+07 1.049507e+04 1.049507e+04 7.772001e+05 9.301085e+03 9.301085e+03 
1.280000e-02 5.452162e+07 9.957483e+03 9.957483e+03 7.570501e+05 8.825284e+03 8.825284e+03 
1.285000e-02 5.192106e+07 9.428918e+03 9.428918e+03 7.372098e+05 8.357876e+03 8.357876e+03 
1.290000e-02 4.943966e+07 8.904320e+03 8.904320e+03 7.177981e+05 7.894340e+03 7.894340e+03 
1.295000e-02 4.707392e+07 8.386698e+03 8.386698e+03 6.987647e+05 7.437282e+03 7.437282e+03 
1.300000e-02 4.481906e+07 7.931070e+03 7.931070e+03 6.803002e+05 7.035993e+03 7.035993e+03 
1.305000e-02 4.266874e+07 7.483464e+03 7.483464e+03 6.621961e+05 6.641937e+03 6.641937e+03 
1.310000e-02 4.061937e+07 7.066229e+03 7.066229e+03 6.445213e+05 6.273325e+03 6.273325e+03 
1.315000e-02 3.866657e+07 6.665520e+03 6.665520e+03 6.271069e+05 5.920425e+03 5.920425e+03 
1.320000e-02 3.680479e+07 6.300310e+03 6.300310e+03 6.102481e+05 5.598448e+03 5.598448e+03 
1.325000e-02 3.503040e+07 5.984353e+03 5.984353e+03 5.938371e+05 5.317366e+03 5.317366e+03 
1.330000e-02 3.334166e+07 5.686402e+03 5.686402e+03 5.777866e+05 5.051101e+03 5.051101e+03 
1.335000e-02 3.173028e+07 5.391834e+03 5.391834e+03 5.620721e+05 4.787760e+03 4.787760e+03 
1.340000e-02 3.019557e+07 5.116676e+03 5.116676e+03 5.467307e+05 4.542684e+03 4.542684e+03 
1.345000e-02 2.873375e+07 4.848319e+03 4.848319e+03 5.317358e+05 4.303450e+03 4.303450e+03 
1.350000e-02 2.734075e+07 4.593923e+03 4.593923e+03 5.168327e+05 4.077697e+03 4.077697e+03 
1.355000e-02 2.601386e+07 4.357821e+03 4.357821e+03 5.025420e+05 3.868321e+03 3.868321e+03 
1.360000e-02 2.475027e+07 4.124245e+03 4.124245e+03 4.885343e+05 3.661276e+03 3.661276e+03 
1.365000e-02 2.354667e+07 3.894267e+03 3.894267e+03 4.748341e+05 3.457646e+03 3.457646e+03 
1.370000e-02 2.240033e+07 3.672863e+03 3.672863e+03 4.614607e+05 3.262068e+03 3.262068e+03 
1.375000e-02 2.130852e+07 3.457822e+03 3.457822e+03 4.484168e+05 3.071180e+03 3.071180e+03 
1.380000e-02 2.026895e+07 3.259464e+03 3.259464e+03 4.356650e+05 2.896176e+03 2.896176e+03 
1.385000e-02 1.927927e+07 3.076659e+03 3.076659e+03 4.232173e+05 2.734769e+03 2.734769e+03 
1.390000e-02 1.833691e+07 2.903441e+03 2.903441e+03 4.109323e+05 2.582135e+03 2.582135e+03 
1.395000e-02 1.743948e+07 2.733260e+03 2.733260e+03 3.990714e+05 2.431841e+03 2.431841e+03 
1.400000e-02 1.658534e+07 2.584787e+03 2.584787e+03 3.875167e+05 2.300330e+03 2.300330e+03 
1.405000e-02 1.577253e+07 2.456551e+03 2.456551e+03 3.762901e+05 2.185539e+03 2.185539e+03 
1.410000e-02 1.499881e+07 2.333268e+03 2.333268e+03 3.652974e+05 2.075354e+03 2.075354e+03 
1.415000e-02 1.426211e+07 2.192714e+03 2.192714e+03 3.544806e+05 1.948060e+03 1.948060e+03 
1.420000e-02 1.356092e+07 2.082051e+03 2.082051e+03 3.440207e+05 1.849644e+03 1.849644e+03 
1.425000e-02 1.289371e+07 1.971765e+03 1.971765e+03 3.337096e+05 1.751593e+03 1.751593e+03 
1.430000e-02 1.225897e+07 1.870106e+03 1.870106e+03 3.237741e+05 1.661284e+03 1.661284e+03 
1.435000e-02 1.165471e+07 1.771130e+03 1.771130e+03 3.139057e+05 1.573519e+03 1.573519e+03 
1.440000e-02 1.107976e+07 1.674112e+03 1.674112e+03 3.043947e+05 1.487598e+03 1.487598e+03 
1.445000e-02 1.053275e+07 1.578634e+03 1.578634e+03 2.951356e+05 1.403110e+03 1.403110e+03 
1.450000e-02 1.001214e+07 1.489167e+03 1.489167e+03 2.861117e+05 1.323969e+03 1.323969e+03 
1.455000e-02 9.517065e+06 1.389127e+03 1.389127e+03 2.772267e+05 1.234299e+03 1.234299e+03 
1.460000e-02 9.045922e+06 1.309865e+03 1.309865e+03 2.686657e+05 1.164389e+03 1.164389e+03 
1.465000e-02 8.597853e+06 1.235431e+03 1.235431e+03 2.603157e+05 1.098715e+03 1.098715e+03 
1.470000e-02 8.171469e+06 1.161960e+03 1.161960e+03 2.520944e+05 1.033935e+03 1.033935e+03 
1.475000e-02 7.766025e+06 1.096052e+03 1.096052e+03 2.441393e+05 9.757412e+02 9.757412e+02 
1.480000e-02 7.380305e+06 1.027590e+03 1.027590e+03 2.364324e+05 9.137746e+02 9.137746e+02 
1.485000e-02 7.013381e+06 9.680036e+02 9.680036e+02 2.289358e+05 8.599426e+02 8.599426e+02 
1.490000e-02 6.664875e+06 9.205250e+02 9.205250e+02 2.216220e+05 8.176716e+02 8.176716e+02 
1.495000e-02 6.332976e+06 8.738161e+02 8.738161e+02 2.144731e+05 7.761006e+02 7.761006e+02 
1.500000e-02 6.017613e+06 8.132287e+02 8.132287e+02 2.074449e+05 7.210533e+02 7.210533e+02 
1.505000e-02 5.717361e+06 7.674723e+02 7.674723e+02 2.007028e+05 6.801901e+02 6.801901e+02 
1.510000e-02 5.432175e+06 7.270970e+02 7.270970e+02 1.941246e+05 6.444641e+02 6.444641e+02 
1.515000e-02 5.160862e+06 6.876293e+02 6.876293e+02 1.877237e+05 6.095827e+02 6.095827e+02 
1.520000e-02 4.903124e+06 6.482904e+02 6.482904e+02 1.814892e+05 5.748214e+02 5.748214e+02 
1.525000e-02 4.657739e+06 6.024462e+02 6.024462e+02 1.754257e+05 5.336013e+02 5.336013e+02 
1.530000e-02 4.424636e+06 5.679611e+02 5.679611e+02 1.695276e+05 5.032378e+02 5.032378e+02 
1.535000e-02 4.203121e+06 5.344448e+02 5.344448e+02 1.637910e+05 4.737391e+02 4.737391e+02 
1.540000e-02 3.992342e+06 4.951375e+02 4.951375e+02 1.582189e+05 4.383477e+02 4.383477e+02 
1.545000e-02 3.792146e+06 4.632672e+02 4.632672e+02 1.527985e+05 4.101859e+02 4.101859e+02 
1.550000e-02 3.601738e+06 4.357899e+02 4.357899e+02 1.475174e+05 3.860842e+02 3.860842e+02 
1.555000e-02 3.420726e+06 4.120949e+02 4.120949e+02 1.423534e+05 3.652578e+02 3.652578e+02 
1.560000e-02 3.248936e+06 3.924720e+02 3.924720e+02 1.373979e+05 3.478150e+02 3.478150e+02 
1.565000e-02 3.085376e+06 3.701566e+02 3.701566e+02 1.325834e+05 3.277865e+02 3.277865e+02 
1.570000e-02 2.930010e+06 3.420908e+02 3.420908e+02 1.279082e+05 3.023327e+02 3.023327e+02 
1.575000e-02 2.782372e+06 3.243895e+02 3.243895e+02 1.233661e+05 2.866747e+02 2.866747e+02 
1.580000e-02 2.642066e+06 3.082110e+02 3.082110e+02 1.189602e+05 2.723915e+02 2.723915e+02 
1.585000e-02 2.508734e+06 2.922733e+02 2.922733e+02 1.146669e+05 2.583328e+02 2.583328e+02 
1.590000e-02 2.382044e+06 2.764641e+02 2.764641e+02 1.105164e+05 2.443940e+02 2.443940e+02 
1.595000e-02 2.261663e+06 2.608390e+02 2.608390e+02 1.064740e+05 2.306265e+02 2.306265e+02 
1.600000e-02 2.147262e+06 2.457041e+02 2.457041e+02 1.025510e+05 2.172987e+02 2.172987e+02 
1.605000e-02 2.038570e+06 2.318424e+02 2.318424e+02 9.877210e+04 2.051149e+02 2.051149e+02 
1.610000e-02 1.935290e+06 2.181273e+02 2.181273e+02 9.509824e+04 1.930671e+02 1.930671e+02 
1.615000e-02 1.837193e+06 2.058485e+02 2.058485e+02 9.153876e+04 1.822870e+02 1.822870e+02 
1.620000e-02 1.743975e+06 1.926317e+02 1.926317e+02 8.809583e+04 1.706069e+02 1.706069e+02 
1.625000e-02 1.655385e+06 1.752264e+02 1.752264e+02 8.475351e+04 1.549874e+02 1.549874e+02 
1.630000e-02 1.571305e+06 1.653423e+02 1.653423e+02 8.153840e+04 1.463392e+02 1.463392e+02 
1.635000e-02 1.491395e+06 1.570848e+02 1.570848e+02 7.841962e+04 1.390514e+02 1.390514e+02 
1.640000e-02 1.415533e+06 1.497105e+02 1.497105e+02 7.537869e+04 1.325140e+02 1.325140e+02 
1.645000e-02 1.343460e+06 1.423676e+02 1.423676e+02 7.247360e+04 1.260055e+02 1.260055e+02 
1.650000e-02 1.275001e+06 1.350871e+02 1.350871e+02 6.959229e+04 1.195535e+02 1.195535e+02 
1.655000e-02 1.209974e+06 1.266000e+02 1.266000e+02 6.687995e+04 1.119496e+02 1.119496e+02 
1.660000e-02 1.148238e+06 1.201205e+02 1.201205e+02 6.425747e+04 1.062286e+02 1.062286e+02 
1.665000e-02 1.089598e+06 1.117079e+02 1.117079e+02 6.172287e+04 9.869776e+01 9.869776e+01 
1.670000e-02 1.033898e+06 1.053966e+02 1.053966e+02 5.927421e+04 9.313377e+01 9.313377e+01 
1.675000e-02 9.810013e+05 9.706891e+01 9.706891e+01 5.690965e+04 8.568299e+01 8.568299e+01 
1.680000e-02 9.307884e+05 9.040568e+01 9.040568e+01 5.462800e+04 7.976725e+01 7.976725e+01 
1.685000e-02 8.830944e+05 8.358783e+01 8.358783e+01 5.242446e+04 7.370916e+01 7.370916e+01 
1.690000e-02 8.378518e+05 7.871959e+01 7.871959e+01 5.030028e+04 6.944819e+01 6.944819e+01 
1.695000e-02 7.948716e+05 7.316903e+01 7.316903e+01 4.825121e+04 6.453987e+01 6.453987e+01 
1.700000e-02 7.540555e+05 6.684408e+01 6.684408e+01 4.627441e+04 5.891450e+01 5.891450e+01 
1.705000e-02 7.153353e+05 6.168390e+01 6.168390e+01 4.436886e+04 5.435369e+01 5.435369e+01 
1.710000e-02 6.785367e+05 5.410680e+01 5.410680e+01 4.253506e+04 4.753405e+01 4.753405e+01 
1.715000e-02 6.436396e+05 5.166552e+01 5.166552e+01 4.076953e+04 4.538644e+01 4.538644e+01 
1.720000e-02 6.105003e+05 4.922323e+01 4.922323e+01 3.906650e+04 4.323792e+01 4.323792e+01 
1.725000e-02 5.790180e+05 3.849860e+01 3.849860e+01 3.742793e+04 3.352113e+01 3.352113e+01 
1.730000e-02 5.492025e+05 3.668969e+01 3.668969e+01 3.584991e+04 3.194866e+01 3.194866e+01 
1.735000e-02 5.208752e+05 3.488054e+01 3.488054e+01 3.433243e+04 3.037596e+01 3.037596e+01 
1.740000e-02 4.939856e+05 3.307110e+01 3.307110e+01 3.286964e+04 2.880302e+01 2.880302e+01 
1.745000e-02 4.684924e+05 3.126132e+01 3.126132e+01 3.146349e+04 2.722977e+01 2.722977e+01 
1.750000e-02 4.442747e+05 2.945112e+01 2.945112e+01 3.011204e+04 2.565615e+01 2.565615e+01 
1.755000e-02 4.213057e+05 2.775668e+01 2.775668e+01 2.879576e+04 2.418637e+01 2.418637e+01 
1.760000e-02 3.995048e+05 2.607015e+01 2.607015e+01 2.754721e+04 2.272370e+01 2.272370e+01 
1.765000e-02 3.788097e+05 2.445925e+01 2.445925e+01 2.632499e+04 2.132815e+01 2.132815e+01 
1.770000e-02 3.591978e+05 2.305096e+01 2.305096e+01 2.517393e+04 2.011244e+01 2.011244e+01 
1.775000e-02 3.405703e+05 2.164126e+01 2.164126e+01 2.406780e+04 1.889551e+01 1.889551e+01 
1.780000e-02 3.229079e+05 2.025905e+01 2.025905e+01 2.300346e+04 1.770268e+01 1.770268e+01 
1.785000e-02 3.061412e+05 1.910161e+01 1.910161e+01 2.197324e+04 1.670560e+01 1.670560e+01 
1.790000e-02 2.902393e+05 1.821198e+01 1.821198e+01 2.099769e+04 1.593300e+01 1.593300e+01 
1.795000e-02 2.751584e+05 1.743874e+01 1.743874e+01 2.005954e+04 1.525729e+01 1.525729e+01 
1.800000e-02 2.608510e+05 1.666543e+01 1.666543e+01 1.916221e+04 1.458152e+01 1.458152e+01 
1.805000e-02 2.472799e+05 1.589202e+01 1.589202e+01 1.830101e+04 1.390566e+01 1.390566e+01 
1.810000e-02 2.344042e+05 1.511851e+01 1.511851e+01 1.747537e+04 1.322970e+01 1.322970e+01 
1.815000e-02 2.221965e+05 1.434487e+01 1.434487e+01 1.668390e+04 1.255364e+01 1.255364e+01 
1.820000e-02 2.106137e+05 1.357107e+01 1.357107e+01 1.592583e+04 1.187743e+01 1.187743e+01 
1.825000e-02 1.996287e+05 1.279709e+01 1.279709e+01 1.519941e+04 1.120106e+01 1.120106e+01 
1.830000e-02 1.891984e+05 1.012114e+01 1.012114e+01 1.450365e+04 8.798627e+00 8.798627e+00 
1.835000e-02 1.793197e+05 9.511577e+00 9.511577e+00 1.383777e+04 8.270586e+00 8.270586e+00 
1.840000e-02 1.699508e+05 8.901840e+00 8.901840e+00 1.320002e+04 7.742393e+00 7.742393e+00 
1.845000e-02 1.610524e+05 5.631379e+00 5.631379e+00 1.258981e+04 4.833399e+00 4.833399e+00 
1.850000e-02 1.526281e+05 5.251842e+00 5.251842e+00 1.200597e+04 4.509833e+00 4.509833e+00 
1.855000e-02 1.446414e+05 4.872291e+00 4.872291e+00 1.144733e+04 4.186254e+00 4.186254e+00 
1.860000e-02 1.370571e+05 2.681315e+00 2.681315e+00 1.091329e+04 2.272336e+00 2.272336e+00 
1.865000e-02 1.298760e+05 2.480417e+00 2.480417e+00 1.039753e+04 2.103643e+00 2.103643e+00 
1.870000e-02 1.230667e+05 2.387034e+00 2.387034e+00 9.908485e+03 2.024782e+00 2.024782e+00 
1.875000e-02 1.166128e+05 2.293960e+00 2.293960e+00 9.442223e+03 1.946178e+00 1.946178e+00 
1.880000e-02 1.104929e+05 2.200887e+00 2.200887e+00 8.996664e+03 1.867573e+00 1.867573e+00 
1.885000e-02 1.046933e+05 2.107812e+00 2.107812e+00 8.571028e+03 1.788969e+00 1.788969e+00 
1.890000e-02 9.919259e+04 2.014738e+00 2.014738e+00 8.164533e+03 1.710364e+00 1.710364e+00 
1.895000e-02 9.397899e+04 1.921663e+00 1.921663e+00 7.776398e+03 1.631758e+00 1.631758e+00 
1.900000e-02 8.903883e+04 1.828588e+00 1.828588e+00 7.405647e+03 1.553153e+00 1.553153e+00 
1.905000e-02 8.435455e+04 1.735512e+00 1.735512e+00 7.051889e+03 1.474547e+00 1.474547e+00 
1.910000e-02 7.991246e+04 1.642436e+00 1.642436e+00 6.714147e+03 1.395940e+00 1.395940e+00 
1.915000e-02 7.570280e+04 1.549359e+00 1.549359e+00 6.391835e+03 1.317333e+00 1.317333e+00 
1.920000e-02 7.171580e+04 1.456282e+00 1.456282e+00 6.084367e+03 1.238726e+00 1.238726e+00 
1.925000e-02 6.793389e+04 1.363204e+00 1.363204e+00 5.790962e+03 1.160118e+00 1.160118e+00 
1.930000e-02 6.435121e+04 1.270126e+00 1.270126e+00 5.511230e+03 1.081510e+00 1.081510e+00 
1.935000e-02 6.095408e+04 1.177047e+00 1.177047e+00 5.244194e+03 1.002900e+00 1.002900e+00 
1.940000e-02 5.773665e+04 1.084060e+00 1.084060e+00 4.989768e+03 9.243660e-01 9.243660e-01 
1.945000e-02 5.468168e+04 3.356841e-01 3.356841e-01 4.746859e+03 1.191922e-01 1.191922e-01 
1.950000e-02 5.179283e+04 3.227796e-01 3.227796e-01 4.515601e+03 1.146046e-01 1.146046e-01 
1.955000e-02 4.905437e+04 3.098751e-01 3.098751e-01 4.295280e+03 1.100169e-01 1.100169e-01 
1.960000e-02 4.645850e+04 2.969704e-01 2.969704e-01 4.085311e+03 1.054293e-01 1.054293e-01 
1.965000e-02 4.400032e+04 2.840658e-01 2.840658e-01 3.885303e+03 1.008416e-01 1.008416e-01 
1.970000e-02 4.166950e+04 2.711610e-01 2.711610e-01 3.694671e+03 9.625388e-02 9.625388e-02 
1.975000e-02 3.946153e+04 2.582562e-01 2.582562e-01 3.513024e+03 9.166614e-02 9.166614e-02 
1.980000e-02 3.737017e+04 2.453514e-01 2.453514e-01 3.340166e+03 8.707837e-02 8.707837e-02 
1.985000e-02 3.538955e+04 2.324464e-01 2.324464e-01 3.175511e+03 8.249057e-02 8.249057e-02 
1.990000e-02 3.351128e+04 2.195414e-01 2.195414e-01 3.018669e+03 7.790274e-02 7.790274e-02 
1.995000e-02 3.173360e+04 2.066364e-01 2.066364e-01 2.869445e+03 7.331487e-02 7.331487e-02 
2.000000e-02 3.004812e+04 1.937312e-01 1.937312e-01 2.727447e+03 6.872697e-02 6.872697e-02 
2.005000e-02 2.845169e+04 1.808259e-01 1.808259e-01 2.592090e+03 6.413903e-02 6.413903e-02 
2.010000e-02 2.693965e+04 1.679205e-01 1.679205e-01 2.463375e+03 5.955104e-02 5.955104e-02 
2.015000e-02 2.550710e+04 1.550151e-01 1.550151e-01 2.340909e+03 5.496300e-02 5.496300e-02 
2.020000e-02 2.414956e+04 2.856831e-03 2.856831e-03 2.224303e+03 2.129654e-35 2.129654e-35 
2.025000e-02 2.286434e+04 2.429162e-04 2.429162e-04 2.113361e+03 2.129654e-35 2.129654e-35 
2.030000e-02 2.164692e+04 2.331603e-04 2.331603e-04 2.007889e+03 2.129654e-35 2.129654e-35 
2.035000e-02 2.049414e+04 2.234044e-04 2.234044e-04 1.907455e+03 2.129654e-35 2.129654e-35 
2.040000e-02 1.940210e+04 2.136483e-04 2.136483e-04 1.811963e+03 2.129654e-35 2.129654e-35 
2.045000e-02 1.836769e+04 2.038922e-04 2.038922e-04 1.721159e+03 2.129654e-35 2.129654e-35 
2.050000e-02 1.738816e+04 1.941359e-04 1.941359e-04 1.634788e+03 2.129654e-35 2.129654e-35 
2.055000e-02 1.646039e+04 1.843795e-04 1.843795e-04 1.552676e+03 2.129654e-35 2.129654e-35 
2.060000e-02 1.558184e+04 1.746230e-04 1.746230e-04 1.474587e+03 2.129654e-35 2.129654e-35 
2.065000e-02 1.474978e+04 1.648664e-04 1.648664e-04 1.400346e+03 2.129654e-35 2.129654e-35 
2.070000e-02 1.396186e+04 1.551097e-04 1.551097e-04 1.329777e+03 2.129654e-35 2.129654e-35 
2.075000e-02 1.321574e+04 1.453528e-04 1.453528e-04 1.262665e+03 2.129654e-35 2.129654e-35 
2.080000e-02 1.250907e+04 1.355958e-04 1.355958e-04 1.198893e+03 2.129654e-35 2.129654e-35 
2.085000e-02 1.183990e+04 1.258386e-04 1.258386e-04 1.138285e+03 2.129654e-35 2.129654e-35 
2.090000e-02 1.120628e+04 1.160812e-04 1.160812e-04 1.080666e+03 2.129654e-35 2.129654e-35 
2.095000e-02 1.060646e+04 2.129654e-35 2.129654e-35 1.025918e+03 2.129654e-35 2.129654e-35 
2.100000e-02 1.003847e+04 2.129654e-35 2.129654e-35 9.738845e+02 2.129654e-35 2.129654e-35 
2.105000e-02 9.500751e+03 2.129654e-35 2.129654e-35 9.244491e+02 2.129654e-35 2.129654e-35 
2.110000e-02 8.991356e+03 2.129654e-35 2.129654e-35 8.774746e+02 2.129654e-35 2.129654e-35 
2.115000e-02 8.509307e+03 2.129654e-35 2.129654e-35 8.328636e+02 2.129654e-35 2.129654e-35 
2.120000e-02 8.052844e+03 2.129654e-35 2.129654e-35 7.904596e+02 2.129654e-35 2.129654e-35 
2.125000e-02 7.620796e+03 2.129654e-35 2.129654e-35 7.501847e+02 2.129654e-35 2.129654e-35 
2.130000e-02 7.211797e+03 2.129654e-35 2.129654e-35 7.119410e+02 2.129654e-35 2.129654e-35 
2.135000e-02 6.824477e+03 2.129654e-35 2.129654e-35 6.755920e+02 2.129654e-35 2.129654e-35 
2.140000e-02 6.457862e+03 2.129654e-35 2.129654e-35 6.410790e+02 2.129654e-35 2.129654e-35 
2.145000e-02 6.110778e+03 2.129654e-35 2.129654e-35 6.083043e+02 2.129654e-35 2.129654e-35 
2.150000e-02 5.782250e+03 2.129654e-35 2.129654e-35 5.771703e+02 2.129654e-35 2.129654e-35 
2.155000e-02 5.471321e+03 2.129654e-35 2.129654e-35 5.476184e+02 2.129654e-35 2.129654e-35 
2.160000e-02 5.177013e+03 2.129654e-35 2.129654e-35 5.195509e+02 2.129654e-35 2.129654e-35 
2.165000e-02 4.898311e+03 2.129654e-35 2.129654e-35 4.929093e+02 2.129654e-35 2.129654e-35 
2.170000e-02 4.634511e+03 2.129654e-35 2.129654e-35 4.675958e+02 2.129654e-35 2.129654e-35 
2.175000e-02 4.384932e+03 2.129654e-35 2.129654e-35 4.435715e+02 2.129654e-35 2.129654e-35 
2.180000e-02 4.148751e+03 2.129654e-35 2.129654e-35 4.207581e+02 2.129654e-35 2.129654e-35 
2.185000e-02 3.925090e+03 2.129654e-35 2.129654e-35 3.991167e+02 2.129654e-35 2.129654e-35 
2.190000e-02 3.713324e+03 2.129654e-35 2.129654e-35 3.785690e+02 2.129654e-35 2.129654e-35 
2.195000e-02 3.513043e+03 2.129654e-35 2.129654e-35 3.590566e+02 2.129654e-35 2.129654e-35 
2.200000e-02 3.323427e+03 2.129654e-35 2.129654e-35 3.405402e+02 2.129654e-35 2.129654e-35 
2.205000e-02 3.144084e+03 2.129654e-35 2.129654e-35 3.229615e+02 2.129654e-35 2.129654e-35 
2.210000e-02 2.974331e+03 2.129654e-35 2.129654e-35 3.062811e+02 2.129654e-35 2.129654e-35 
2.215000e-02 2.813642e+03 2.129654e-35 2.129654e-35 2.904407e+02 2.129654e-35 2.129654e-35 
2.220000e-02 2.661605e+03 2.129654e-35 2.129654e-35 2.754206e+02 2.129654e-35 2.129654e-35 
2.225000e-02 2.517752e+03 2.129654e-35 2.129654e-35 2.611622e+02 2.129654e-35 2.129654e-35 
2.230000e-02 2.381575e+03 2.129654e-35 2.129654e-35 2.476461e+02 2.129654e-35 2.129654e-35 
2.235000e-02 2.252742e+03 2.129654e-35 2.129654e-35 2.348136e+02 2.129654e-35 2.129654e-35 
2.240000e-02 2.130842e+03 2.129654e-35 2.129654e-35 2.226256e+02 2.129654e-35 2.129654e-35 
2.245000e-02 2.015506e+03 2.129654e-35 2.129654e-35 2.110822e+02 2.129654e-35 2.129654e-35 
2.250000e-02 1.906361e+03 2.129654e-35 2.129654e-35 2.001052e+02 2.129654e-35 2.129654e-35 
2.255000e-02 1.803096e+03 2.129654e-35 2.129654e-35 1.897103e+02 2.129654e-35 2.129654e-35 
2.260000e-02 1.705377e+03 2.129654e-35 2.129654e-35 1.798447e+02 2.129654e-35 2.129654e-35 
2.265000e-02 1.612932e+03 2.129654e-35 2.129654e-35 1.704850e+02 2.129654e-35 2.129654e-35 
2.270000e-02 1.525487e+03 2.129654e-35 2.129654e-35 1.616077e+02 2.129654e-35 2.129654e-35 
2.275000e-02 1.442730e+03 2.129654e-35 2.129654e-35 1.531874e+02 2.129654e-35 2.129654e-35 
2.280000e-02 1.364446e+03 2.129654e-35 2.129654e-35 1.451989e+02 2.129654e-35 2.129654e-35 
2.285000e-02 1.290381e+03 2.129654e-35 2.129654e-35 1.376244e+02 2.129654e-35 2.129654e-35 
2.290000e-02 1.220339e+03 2.129654e-35 2.129654e-35 1.304405e+02 2.129654e-35 2.129654e-35 
2.295000e-02 1.154028e+03 2.129654e-35 2.129654e-35 1.236258e+02 2.129654e-35 2.129654e-35 
2.300000e-02 1.091330e+03 2.129654e-35 2.129654e-35 1.171646e+02 2.129654e-35 2.129654e-35 
2.305000e-02 1.032012e+03 2.129654e-35 2.129654e-35 1.110374e+02 2.129654e-35 2.129654e-35 
2.310000e-02 9.759159e+02 2.129654e-35 2.129654e-35 1.052247e+02 2.129654e-35 2.129654e-35 
2.315000e-02 9.228279e+02 2.129654e-35 2.129654e-35 9.971471e+01 2.129654e-35 2.129654e-35 
2.320000e-02 8.726307e+02 2.129654e-35 2.129654e-35 9.449186e+01 2.129654e-35 2.129654e-35 
2.325000e-02 8.251484e+02 2.129654e-35 2.129654e-35 8.953855e+01 2.129654e-35 2.129654e-35 
2.330000e-02 7.802249e+02 2.129654e-35 2.129654e-35 8.484110e+01 2.129654e-35 2.129654e-35 
2.335000e-02 7.377428e+02 2.129654e-35 2.129654e-35 8.038781e+01 2.129654e-35 2.129654e-35 
2.340000e-02 6.975460e+02 2.129654e-35 2.129654e-35 7.616695e+01 2.129654e-35 2.129654e-35 
2.345000e-02 6.595367e+02 2.129654e-35 2.129654e-35 7.216484e+01 2.129654e-35 2.129654e-35 
2.350000e-02 6.235978e+02 2.129654e-35 2.129654e-35 6.836978e+01 2.129654e-35 2.129654e-35 
2.355000e-02 5.895926e+02 2.129654e-35 2.129654e-35 6.477394e+01 2.129654e-35 2.129654e-35 
2.360000e-02 5.574430e+02 2.129654e-35 2.129654e-35 6.136365e+01 2.129654e-35 2.129654e-35 
2.365000e-02 5.270356e+02 2.129654e-35 2.129654e-35 5.813306e+01 2.129654e-35 2.129654e-35 
2.370000e-02 4.982630e+02 2.129654e-35 2.129654e-35 5.507045e+01 2.129654e-35 2.129654e-35 
2.375000e-02 4.710745e+02 2.129654e-35 2.129654e-35 5.216604e+01 2.129654e-35 2.129654e-35 
2.380000e-02 4.453411e+02 2.129654e-35 2.129654e-35 4.941398e+01 2.129654e-35 2.129654e-35 
2.385000e-02 4.210179e+02 2.129654e-35 2.129654e-35 4.680646e+01 2.129654e-35 2.129654e-35 
2.390000e-02 3.980190e+02 2.129654e-35 2.129654e-35 4.433566e+01 2.129654e-35 2.129654e-35 
2.395000e-02 3.762584e+02 2.129654e-35 2.129654e-35 4.199183e+01 2.129654e-35 2.129654e-35 
2.400000e-02 3.556951e+02 2.129654e-35 2.129654e-35 3.977299e+01 2.129654e-35 2.129654e-35 
2.405000e-02 3.362256e+02 2.129654e-35 2.129654e-35 3.766940e+01 2.129654e-35 2.129654e-35 
2.410000e-02 3.178324e+02 2.129654e-35 2.129654e-35 3.567713e+01 2.129654e-35 2.129654e-35 
2.415000e-02 3.004528e+02 2.129654e-35 2.129654e-35 3.378839e+01 2.129654e-35 2.129654e-35 
2.420000e-02 2.840010e+02 2.129654e-35 2.129654e-35 3.199731e+01 2.129654e-35 2.129654e-35 
2.425000e-02 2.684516e+02 2.129654e-35 2.129654e-35 3.030193e+01 2.129654e-35 2.129654e-35 
2.430000e-02 2.537498e+02 2.129654e-35 2.129654e-35 2.869445e+01 2.129654e-35 2.129654e-35 
2.435000e-02 2.398470e+02 2.129654e-35 2.129654e-35 2.717290e+01 2.129654e-35 2.129654e-35 
2.440000e-02 2.267039e+02 2.129654e-35 2.129654e-35 2.573144e+01 2.129654e-35 2.129654e-35 
2.445000e-02 2.142737e+02 2.129654e-35 2.129654e-35 2.436420e+01 2.129654e-35 2.129654e-35 
2.450000e-02 2.025252e+02 2.129654e-35 2.129654e-35 2.306923e+01 2.129654e-35 2.129654e-35 
2.455000e-02 1.914194e+02 2.129654e-35 2.129654e-35 2.184458e+01 2.129654e-35 2.129654e-35 
2.460000e-02 1.809170e+02 2.129654e-35 2.129654e-35 2.068242e+01 2.129654e-35 2.129654e-35 
2.465000e-02 1.709869e+02 2.129654e-35 2.129654e-35 1.958082e+01 2.129654e-35 2.129654e-35 
2.470000e-02 1.615999e+02 2.129654e-35 2.129654e-35 1.853937e+01 2.129654e-35 2.129654e-35 
2.475000e-02 1.527284e+02 2.129654e-35 2.129654e-35 1.755203e+01 2.129654e-35 2.129654e-35 
2.480000e-02 1.443395e+02 2.129654e-35 2.129654e-35 1.661684e+01 2.129654e-35 2.129654e-35 
2.485000e-02 1.364095e+02 2.129654e-35 2.129654e-35 1.573106e+01 2.129654e-35 2.129654e-35 
2.490000e-02 1.289131e+02 2.129654e-35 2.129654e-35 1.489217e+01 2.129654e-35 2.129654e-35 
2.495000e-02 1.218269e+02 2.129654e-35 2.129654e-35 1.409760e+01 2.129654e-35 2.129654e-35 
2.500000e-02 1.151274e+02 2.129654e-35 2.129654e-35 1.334504e+01 2.129654e-35 2.129654e-35 
