       0	        0	        0	        0	        0	        0	        0	 
   5e-05	 8.72408e+06	 9.81443e+06	 9.81443e+06	  2150.75	 1.35576e+07	 1.35576e+07	 
  0.0001	 3.5697e+07	 4.01381e+07	 4.01381e+07	   172388	 5.4637e+07	 5.4637e+07	 
 0.00015	 8.42692e+07	 9.4654e+07	 9.4654e+07	 1.19956e+06	 1.27621e+08	 1.27621e+08	 
  0.0002	 1.63456e+08	 1.83196e+08	 1.83196e+08	 5.55257e+06	 2.48686e+08	 2.48686e+08	 
 0.00025	 2.83495e+08	 3.16872e+08	 3.16872e+08	 1.65025e+07	 4.32921e+08	 4.32921e+08	 
  0.0003	 4.47279e+08	 4.98631e+08	 4.98631e+08	 3.6511e+07	 6.83623e+08	 6.83623e+08	 
 0.00035	 6.53543e+08	 7.26797e+08	 7.26797e+08	 6.75692e+07	 9.98359e+08	 9.98359e+08	 
  0.0004	 8.99085e+08	 9.97693e+08	 9.97693e+08	 1.10308e+08	 1.36738e+09	 1.36738e+09	 
 0.00045	 1.17767e+09	 1.30445e+09	 1.30445e+09	 1.63448e+08	 1.77811e+09	 1.77811e+09	 
  0.0005	 1.47879e+09	 1.63579e+09	 1.63579e+09	 2.22865e+08	 2.21478e+09	 2.21478e+09	 
 0.00055	 1.79692e+09	 1.98563e+09	 1.98563e+09	 2.87363e+08	 2.66707e+09	 2.66707e+09	 
  0.0006	 2.12682e+09	 2.34842e+09	 2.34842e+09	 3.54175e+08	 3.12622e+09	 3.12622e+09	 
 0.00065	 2.45726e+09	 2.71179e+09	 2.71179e+09	 4.21253e+08	 3.58143e+09	 3.58143e+09	 
  0.0007	 2.78697e+09	 3.07439e+09	 3.07439e+09	 4.8784e+08	 4.02911e+09	 4.02911e+09	 
 0.00075	 3.11087e+09	 3.43062e+09	 3.43062e+09	 5.53156e+08	 4.46065e+09	 4.46065e+09	 
  0.0008	 3.42657e+09	 3.77788e+09	 3.77788e+09	 6.16426e+08	 4.87219e+09	 4.87219e+09	 
 0.00085	 3.72982e+09	 4.11153e+09	 4.11153e+09	 6.7648e+08	 5.25824e+09	 5.25824e+09	 
  0.0009	 4.01913e+09	 4.43002e+09	 4.43002e+09	 7.32322e+08	 5.61766e+09	 5.61766e+09	 
 0.00095	 4.29246e+09	 4.73109e+09	 4.73109e+09	 7.83794e+08	 5.9474e+09	 5.9474e+09	 
   0.001	 4.54949e+09	 5.01446e+09	 5.01446e+09	 8.30078e+08	 6.24577e+09	 6.24577e+09	 
 0.00105	 4.78943e+09	 5.27922e+09	 5.27922e+09	 8.71479e+08	 6.51228e+09	 6.51228e+09	 
  0.0011	 5.01013e+09	 5.52298e+09	 5.52298e+09	 9.07769e+08	 6.74754e+09	 6.74754e+09	 
 0.00115	 5.21057e+09	 5.74464e+09	 5.74464e+09	 9.38436e+08	 6.95149e+09	 6.95149e+09	 
  0.0012	 5.38957e+09	 5.94296e+09	 5.94296e+09	 9.62946e+08	 7.12301e+09	 7.12301e+09	 
 0.00125	 5.54971e+09	 6.12064e+09	 6.12064e+09	 9.82755e+08	 7.26591e+09	 7.26591e+09	 
  0.0013	 5.68914e+09	 6.27566e+09	 6.27566e+09	 9.97484e+08	 7.3789e+09	 7.3789e+09	 
 0.00135	 5.80861e+09	 6.40879e+09	 6.40879e+09	 1.00769e+09	 7.46414e+09	 7.46414e+09	 
  0.0014	 5.90791e+09	 6.51979e+09	 6.51979e+09	 1.01329e+09	 7.52138e+09	 7.52138e+09	 
 0.00145	 5.98932e+09	 6.6112e+09	 6.6112e+09	 1.01478e+09	 7.55459e+09	 7.55459e+09	 
  0.0015	 6.05261e+09	 6.68269e+09	 6.68269e+09	 1.01245e+09	 7.56354e+09	 7.56354e+09	 
 0.00155	 6.09894e+09	 6.73552e+09	 6.73552e+09	 1.00686e+09	 7.55026e+09	 7.55026e+09	 
  0.0016	 6.12803e+09	 6.76934e+09	 6.76934e+09	 9.9809e+08	 7.5149e+09	 7.5149e+09	 
 0.00165	 6.14061e+09	 6.78496e+09	 6.78496e+09	 9.86388e+08	 7.45843e+09	 7.45843e+09	 
  0.0017	 6.13775e+09	 6.78351e+09	 6.78351e+09	 9.72232e+08	 7.38337e+09	 7.38337e+09	 
 0.00175	 6.11993e+09	 6.76552e+09	 6.76552e+09	 9.55732e+08	 7.29062e+09	 7.29062e+09	 
  0.0018	 6.08826e+09	 6.7322e+09	 6.7322e+09	 9.37233e+08	 7.18163e+09	 7.18163e+09	 
 0.00185	 6.04476e+09	 6.68577e+09	 6.68577e+09	 9.17132e+08	 7.05798e+09	 7.05798e+09	 
  0.0019	 5.9882e+09	 6.62484e+09	 6.62484e+09	 8.9565e+08	 6.92045e+09	 6.92045e+09	 
 0.00195	 5.92044e+09	 6.55145e+09	 6.55145e+09	 8.72869e+08	 6.77057e+09	 6.77057e+09	 
   0.002	 5.84244e+09	 6.46665e+09	 6.46665e+09	 8.4928e+08	 6.61007e+09	 6.61007e+09	 
 0.00205	 5.75515e+09	 6.3715e+09	 6.3715e+09	 8.24881e+08	 6.43964e+09	 6.43964e+09	 
  0.0021	 5.6594e+09	 6.2669e+09	 6.2669e+09	 7.99872e+08	 6.2612e+09	 6.2612e+09	 
 0.00215	 5.55626e+09	 6.15403e+09	 6.15403e+09	 7.74596e+08	 6.07611e+09	 6.07611e+09	 
  0.0022	 5.44544e+09	 6.03257e+09	 6.03257e+09	 7.48834e+08	 5.88401e+09	 5.88401e+09	 
 0.00225	 5.32884e+09	 5.90462e+09	 5.90462e+09	 7.23015e+08	 5.68764e+09	 5.68764e+09	 
  0.0023	 5.20729e+09	 5.77108e+09	 5.77108e+09	 6.97402e+08	 5.48792e+09	 5.48792e+09	 
 0.00235	 5.0811e+09	 5.63232e+09	 5.63232e+09	 6.71789e+08	 5.28519e+09	 5.28519e+09	 
  0.0024	 4.95066e+09	 5.48878e+09	 5.48878e+09	 6.46098e+08	 5.07994e+09	 5.07994e+09	 
 0.00245	 4.8172e+09	 5.34182e+09	 5.34182e+09	 6.20689e+08	 4.87368e+09	 4.87368e+09	 
  0.0025	 4.68136e+09	 5.19209e+09	 5.19209e+09	 5.95936e+08	 4.6682e+09	 4.6682e+09	 
 0.00255	 4.54355e+09	 5.04011e+09	 5.04011e+09	 5.71464e+08	 4.46333e+09	 4.46333e+09	 
  0.0026	 4.40351e+09	 4.88561e+09	 4.88561e+09	 5.47036e+08	 4.25951e+09	 4.25951e+09	 
 0.00265	 4.26404e+09	 4.73163e+09	 4.73163e+09	 5.23683e+08	 4.05979e+09	 4.05979e+09	 
  0.0027	 4.12437e+09	 4.57734e+09	 4.57734e+09	 5.00978e+08	 3.86319e+09	 3.86319e+09	 
 0.00275	 3.98571e+09	 4.42408e+09	 4.42408e+09	 4.79045e+08	 3.67096e+09	 3.67096e+09	 
  0.0028	 3.84704e+09	 4.2708e+09	 4.2708e+09	 4.57374e+08	 3.48188e+09	 3.48188e+09	 
 0.00285	 3.71003e+09	 4.11924e+09	 4.11924e+09	 4.36652e+08	 3.29839e+09	 3.29839e+09	 
  0.0029	 3.5739e+09	 3.96863e+09	 3.96863e+09	 4.16327e+08	 3.11919e+09	 3.11919e+09	 
 0.00295	 3.43884e+09	 3.81918e+09	 3.81918e+09	 3.96414e+08	 2.94463e+09	 2.94463e+09	 
   0.003	 3.30669e+09	 3.67287e+09	 3.67287e+09	 3.7753e+08	 2.77698e+09	 2.77698e+09	 
 0.00305	 3.1765e+09	 3.5287e+09	 3.5287e+09	 3.59203e+08	 2.61498e+09	 2.61498e+09	 
  0.0031	 3.0487e+09	 3.38713e+09	 3.38713e+09	 3.41508e+08	 2.45884e+09	 2.45884e+09	 
 0.00315	 2.92372e+09	 3.24864e+09	 3.24864e+09	 3.2456e+08	 2.30935e+09	 2.30935e+09	 
  0.0032	 2.80114e+09	 3.1128e+09	 3.1128e+09	 3.08084e+08	 2.16558e+09	 2.16558e+09	 
 0.00325	 2.68143e+09	 2.98011e+09	 2.98011e+09	 2.92244e+08	 2.02795e+09	 2.02795e+09	 
  0.0033	 2.56481e+09	 2.85082e+09	 2.85082e+09	 2.77041e+08	 1.89673e+09	 1.89673e+09	 
 0.00335	 2.45163e+09	 2.72529e+09	 2.72529e+09	 2.62572e+08	 1.77202e+09	 1.77202e+09	 
  0.0034	 2.34242e+09	 2.60412e+09	 2.60412e+09	 2.49034e+08	 1.65452e+09	 1.65452e+09	 
 0.00345	 2.23634e+09	 2.4864e+09	 2.4864e+09	 2.36001e+08	 1.54295e+09	 1.54295e+09	 
  0.0035	 2.13367e+09	 2.37246e+09	 2.37246e+09	 2.23568e+08	 1.43742e+09	 1.43742e+09	 
 0.00355	 2.0344e+09	 2.26226e+09	 2.26226e+09	 2.11731e+08	 1.33793e+09	 1.33793e+09	 
  0.0036	 1.93831e+09	 2.15558e+09	 2.15558e+09	 2.00372e+08	 1.2439e+09	 1.2439e+09	 
 0.00365	 1.84469e+09	 2.05165e+09	 2.05165e+09	 1.89182e+08	 1.15454e+09	 1.15454e+09	 
  0.0037	 1.75432e+09	 1.95132e+09	 1.95132e+09	 1.78447e+08	 1.0704e+09	 1.0704e+09	 
 0.00375	 1.6678e+09	 1.85523e+09	 1.85523e+09	 1.68479e+08	 9.92326e+08	 9.92326e+08	 
  0.0038	 1.58408e+09	 1.76225e+09	 1.76225e+09	 1.58822e+08	 9.18738e+08	 9.18738e+08	 
 0.00385	 1.50392e+09	 1.67321e+09	 1.67321e+09	 1.49764e+08	 8.50187e+08	 8.50187e+08	 
  0.0039	 1.4278e+09	 1.5886e+09	 1.5886e+09	 1.41514e+08	 7.87111e+08	 7.87111e+08	 
 0.00395	 1.35422e+09	 1.50683e+09	 1.50683e+09	 1.33429e+08	 7.27492e+08	 7.27492e+08	 
   0.004	 1.28363e+09	 1.42838e+09	 1.42838e+09	 1.25707e+08	 6.71791e+08	 6.71791e+08	 
 0.00405	 1.21617e+09	 1.35341e+09	 1.35341e+09	 1.18395e+08	 6.19911e+08	 6.19911e+08	 
  0.0041	 1.15129e+09	 1.2813e+09	 1.2813e+09	 1.11333e+08	 5.71305e+08	 5.71305e+08	 
 0.00415	 1.08934e+09	 1.21243e+09	 1.21243e+09	 1.04675e+08	 5.26265e+08	 5.26265e+08	 
  0.0042	 1.03035e+09	 1.14686e+09	 1.14686e+09	 9.84337e+07	 4.84622e+08	 4.84622e+08	 
 0.00425	 9.74175e+08	 1.08438e+09	 1.08438e+09	 9.25844e+07	 4.46199e+08	 4.46199e+08	 
  0.0043	 9.20666e+08	 1.02487e+09	 1.02487e+09	 8.7088e+07	 4.1084e+08	 4.1084e+08	 
 0.00435	 8.69721e+08	 9.68206e+08	 9.68206e+08	 8.19156e+07	 3.78273e+08	 3.78273e+08	 
  0.0044	 8.21032e+08	 9.14054e+08	 9.14054e+08	 7.69331e+07	 3.47883e+08	 3.47883e+08	 
 0.00445	 7.74787e+08	 8.62611e+08	 8.62611e+08	 7.22651e+07	 3.19953e+08	 3.19953e+08	 
  0.0045	 7.30805e+08	 8.13683e+08	 8.13683e+08	 6.78486e+07	 2.94136e+08	 2.94136e+08	 
 0.00455	 6.88806e+08	 7.66968e+08	 7.66968e+08	 6.3579e+07	 2.70052e+08	 2.70052e+08	 
  0.0046	 6.48765e+08	 7.22433e+08	 7.22433e+08	 5.94786e+07	 2.47619e+08	 2.47619e+08	 
 0.00465	 6.11066e+08	 6.80488e+08	 6.80488e+08	 5.57392e+07	 2.27349e+08	 2.27349e+08	 
  0.0047	 5.75451e+08	 6.40856e+08	 6.40856e+08	 5.22636e+07	 2.08798e+08	 2.08798e+08	 
 0.00475	 5.4158e+08	 6.03168e+08	 6.03168e+08	 4.89276e+07	 1.91481e+08	 1.91481e+08	 
  0.0048	 5.09579e+08	 5.67554e+08	 5.67554e+08	 4.58202e+07	 1.75759e+08	 1.75759e+08	 
 0.00485	 4.79495e+08	 5.34063e+08	 5.34063e+08	 4.29997e+07	 1.6163e+08	 1.6163e+08	 
  0.0049	 4.51019e+08	 5.0236e+08	 5.0236e+08	 4.03352e+07	 1.46306e+08	 1.46306e+08	 
 0.00495	 4.23992e+08	 4.72273e+08	 4.72273e+08	 3.77838e+07	 1.34883e+08	 1.34883e+08	 
   0.005	 3.98285e+08	 4.43661e+08	 4.43661e+08	 3.53133e+07	 1.24149e+08	 1.24149e+08	 
 0.00505	 3.73956e+08	 4.16584e+08	 4.16584e+08	 3.29726e+07	 1.14174e+08	 1.14174e+08	 
  0.0051	 3.50971e+08	 3.91001e+08	 3.91001e+08	 3.07654e+07	 1.04971e+08	 1.04971e+08	 
 0.00515	 3.29367e+08	 3.6695e+08	 3.6695e+08	 2.87272e+07	 9.65652e+07	 9.65652e+07	 
  0.0052	 3.08983e+08	 3.44258e+08	 3.44258e+08	 2.68107e+07	 8.87436e+07	 8.87436e+07	 
 0.00525	 2.89713e+08	 3.22807e+08	 3.22807e+08	 2.4991e+07	 8.15495e+07	 8.15495e+07	 
  0.0053	 2.71705e+08	 3.02753e+08	 3.02753e+08	 2.33468e+07	 7.50805e+07	 7.50805e+07	 
 0.00535	 2.54839e+08	 2.83967e+08	 2.83967e+08	 2.18436e+07	 6.91644e+07	 6.91644e+07	 
  0.0054	 2.38999e+08	 2.6632e+08	 2.6632e+08	 2.04536e+07	 6.38118e+07	 6.38118e+07	 
 0.00545	 2.23967e+08	 2.49578e+08	 2.49578e+08	 1.90968e+07	 5.87414e+07	 5.87414e+07	 
  0.0055	 2.0975e+08	 2.33747e+08	 2.33747e+08	 1.77952e+07	 5.39711e+07	 5.39711e+07	 
 0.00555	 1.96414e+08	 2.18894e+08	 2.18894e+08	 1.65911e+07	 4.96697e+07	 4.96697e+07	 
  0.0056	 1.83861e+08	 2.04914e+08	 2.04914e+08	 1.54599e+07	 4.57149e+07	 4.57149e+07	 
 0.00565	 1.7201e+08	 1.91717e+08	 1.91717e+08	 1.43775e+07	 4.19933e+07	 4.19933e+07	 
  0.0057	 1.60866e+08	 1.79306e+08	 1.79306e+08	 1.33603e+07	 3.85785e+07	 3.85785e+07	 
 0.00575	 1.50471e+08	 1.67727e+08	 1.67727e+08	 1.24394e+07	 3.55124e+07	 3.55124e+07	 
  0.0058	 1.40722e+08	 1.56866e+08	 1.56866e+08	 1.1584e+07	 3.27159e+07	 3.27159e+07	 
 0.00585	 1.3162e+08	 1.46723e+08	 1.46723e+08	 1.08032e+07	 3.01062e+07	 3.01062e+07	 
  0.0059	 1.23051e+08	 1.37176e+08	 1.37176e+08	 1.00598e+07	 2.77617e+07	 2.77617e+07	 
 0.00595	 1.15046e+08	 1.28256e+08	 1.28256e+08	 9.37805e+06	 2.5612e+07	 2.5612e+07	 
   0.006	 1.07531e+08	 1.19881e+08	 1.19881e+08	 8.73827e+06	 2.36202e+07	 2.36202e+07	 
 0.00605	 1.00504e+08	 1.12049e+08	 1.12049e+08	 8.14917e+06	 2.18259e+07	 2.18259e+07	 
  0.0061	 9.38439e+07	 1.04629e+08	 1.04629e+08	 7.56811e+06	 2.01029e+07	 2.01029e+07	 
 0.00615	 8.75839e+07	 9.76556e+07	 9.76556e+07	 7.01835e+06	 1.84336e+07	 1.84336e+07	 
  0.0062	 8.1731e+07	 9.11348e+07	 9.11348e+07	 6.50861e+06	 1.69918e+07	 1.69918e+07	 
 0.00625	 7.63146e+07	 8.50973e+07	 8.50973e+07	 6.06058e+06	 1.57249e+07	 1.57249e+07	 
  0.0063	 7.1203e+07	 7.94008e+07	 7.94008e+07	 5.62682e+06	 1.45136e+07	 1.45136e+07	 
 0.00635	 6.64169e+07	 7.40672e+07	 7.40672e+07	 5.22074e+06	 1.34051e+07	 1.34051e+07	 
  0.0064	 6.19346e+07	 6.90722e+07	 6.90722e+07	 4.83943e+06	 1.23754e+07	 1.23754e+07	 
 0.00645	 5.77937e+07	 6.44555e+07	 6.44555e+07	 4.50521e+06	 1.1449e+07	 1.1449e+07	 
  0.0065	 5.39292e+07	 6.01463e+07	 6.01463e+07	 4.19749e+06	 1.06248e+07	 1.06248e+07	 
 0.00655	 5.03111e+07	 5.61121e+07	 5.61121e+07	 3.90756e+06	 9.85918e+06	 9.85918e+06	 
  0.0066	 4.68954e+07	 5.23047e+07	 5.23047e+07	 3.62525e+06	 9.12749e+06	 9.12749e+06	 
 0.00665	 4.36949e+07	 4.87374e+07	 4.87374e+07	 3.35871e+06	 8.44989e+06	 8.44989e+06	 
  0.0067	 4.07116e+07	 4.54118e+07	 4.54118e+07	 3.11366e+06	 7.83549e+06	 7.83549e+06	 
 0.00675	 3.79436e+07	 4.23253e+07	 4.23253e+07	 2.89357e+06	 7.27124e+06	 7.27124e+06	 
  0.0068	 3.53414e+07	 3.94243e+07	 3.94243e+07	 2.68159e+06	 6.7567e+06	 6.7567e+06	 
 0.00685	 3.28884e+07	 3.66904e+07	 3.66904e+07	 2.47492e+06	 6.26583e+06	 6.26583e+06	 
  0.0069	 3.06218e+07	 3.41633e+07	 3.41633e+07	 2.29226e+06	 5.8311e+06	 5.8311e+06	 
 0.00695	 2.85096e+07	 3.18082e+07	 3.18082e+07	 2.12366e+06	 5.43511e+06	 5.43511e+06	 
   0.007	 2.65615e+07	 2.9635e+07	 2.9635e+07	 1.976e+06	 5.08752e+06	 5.08752e+06	 
 0.00705	 2.4745e+07	 2.76085e+07	 2.76085e+07	 1.83907e+06	 4.7677e+06	 4.7677e+06	 
  0.0071	 2.30368e+07	 2.57034e+07	 2.57034e+07	 1.70637e+06	 4.45378e+06	 4.45378e+06	 
 0.00715	 2.14376e+07	 2.392e+07	 2.392e+07	 1.58044e+06	 4.17497e+06	 4.17497e+06	 
  0.0072	 1.99478e+07	 2.22584e+07	 2.22584e+07	 1.46435e+06	 3.92105e+06	 3.92105e+06	 
 0.00725	 1.85605e+07	 2.07111e+07	 2.07111e+07	 1.35724e+06	 3.68986e+06	 3.68986e+06	 
  0.0073	 1.72652e+07	 1.92664e+07	 1.92664e+07	 1.25688e+06	 3.47714e+06	 3.47714e+06	 
 0.00735	 1.60481e+07	 1.79093e+07	 1.79093e+07	 1.15962e+06	 3.27147e+06	 3.27147e+06	 
  0.0074	 1.49153e+07	 1.66462e+07	 1.66462e+07	 1.0699e+06	 3.08123e+06	 3.08123e+06	 
 0.00745	 1.38646e+07	 1.54742e+07	 1.54742e+07	   988585	 2.9197e+06	 2.9197e+06	 
  0.0075	 1.28909e+07	 1.4388e+07	 1.4388e+07	   915194	 2.7751e+06	 2.7751e+06	 
 0.00755	 1.1996e+07	 1.33892e+07	 1.33892e+07	   851891	 2.65118e+06	 2.65118e+06	 
  0.0076	 1.11571e+07	 1.2453e+07	 1.2453e+07	   790719	 2.5334e+06	 2.5334e+06	 
 0.00765	 1.03717e+07	 1.15767e+07	 1.15767e+07	   732320	 2.42275e+06	 2.42275e+06	 
  0.0077	 9.63945e+06	 1.07598e+07	 1.07598e+07	   677860	 2.32233e+06	 2.32233e+06	 
 0.00775	 8.95686e+06	 9.99822e+06	 9.99822e+06	   626866	 2.22767e+06	 2.22767e+06	 
  0.0078	 8.32603e+06	 9.29426e+06	 9.29426e+06	   580960	 2.14661e+06	 2.14661e+06	 
 0.00785	 7.73201e+06	 8.63161e+06	 8.63161e+06	   535967	 2.06778e+06	 2.06778e+06	 
  0.0079	 7.17616e+06	 8.01165e+06	 8.01165e+06	   492936	 1.99347e+06	 1.99347e+06	 
 0.00795	 6.66432e+06	 7.44052e+06	 7.44052e+06	   455352	 1.93043e+06	 1.93043e+06	 
   0.008	 6.18583e+06	 6.90671e+06	 6.90671e+06	   419315	 1.8697e+06	 1.8697e+06	 
 0.00805	 5.74858e+06	 6.41857e+06	 6.41857e+06	   389192	 1.82046e+06	 1.82046e+06	 
  0.0081	 5.34231e+06	 5.965e+06	 5.965e+06	   361318	 1.77581e+06	 1.77581e+06	 
 0.00815	 4.96207e+06	 5.54056e+06	 5.54056e+06	   334564	 1.73359e+06	 1.73359e+06	 
  0.0082	 4.60852e+06	 5.14592e+06	 5.14592e+06	   309745	 1.69405e+06	 1.69405e+06	 
 0.00825	 4.27877e+06	 4.77788e+06	 4.77788e+06	   286327	 1.65678e+06	 1.65678e+06	 
  0.0083	 3.97366e+06	 4.43726e+06	 4.43726e+06	   265246	 1.62346e+06	 1.62346e+06	 
 0.00835	 3.68848e+06	 4.11895e+06	 4.11895e+06	   245051	 1.59105e+06	 1.59105e+06	 
  0.0084	 3.42115e+06	 3.82066e+06	 3.82066e+06	   225418	 1.55794e+06	 1.55794e+06	 
 0.00845	 3.17285e+06	 3.54359e+06	 3.54359e+06	   207274	 1.52789e+06	 1.52789e+06	 
  0.0085	 2.9427e+06	 3.28673e+06	 3.28673e+06	   190722	 1.4996e+06	 1.4996e+06	 
 0.00855	 2.73016e+06	 3.04947e+06	 3.04947e+06	   175921	 1.47318e+06	 1.47318e+06	 
  0.0086	 2.53513e+06	 2.83165e+06	 2.83165e+06	   163178	 1.4498e+06	 1.4498e+06	 
 0.00865	 2.35366e+06	 2.62899e+06	 2.62899e+06	   151270	 1.42622e+06	 1.42622e+06	 
  0.0087	 2.18474e+06	 2.44035e+06	 2.44035e+06	   140107	 1.40345e+06	 1.40345e+06	 
 0.00875	 2.02725e+06	 2.26449e+06	 2.26449e+06	   129540	 1.38053e+06	 1.38053e+06	 
  0.0088	 1.88109e+06	 2.10127e+06	 2.10127e+06	   119807	 1.35764e+06	 1.35764e+06	 
 0.00885	 1.74532e+06	 1.94966e+06	 1.94966e+06	   110822	 1.33533e+06	 1.33533e+06	 
  0.0089	 1.6182e+06	 1.80774e+06	 1.80774e+06	   102062	 1.31216e+06	 1.31216e+06	 
 0.00895	 1.49912e+06	 1.67484e+06	 1.67484e+06	  93533.6	 1.28717e+06	 1.28717e+06	 
   0.009	 1.38953e+06	 1.55248e+06	 1.55248e+06	  86044.6	 1.26411e+06	 1.26411e+06	 
 0.00905	 1.28744e+06	 1.43851e+06	 1.43851e+06	  78969.6	 1.24077e+06	 1.24077e+06	 
  0.0091	 1.19353e+06	 1.33364e+06	 1.33364e+06	  72817.9	 1.21788e+06	 1.21788e+06	 
 0.00915	 1.10743e+06	 1.23743e+06	 1.23743e+06	  67530.7	 1.1955e+06	 1.1955e+06	 
  0.0092	 1.02734e+06	 1.14794e+06	 1.14794e+06	  62598.2	 1.17072e+06	 1.17072e+06	 
 0.00925	   952603	 1.06446e+06	 1.06446e+06	  57857.9	 1.1468e+06	 1.1468e+06	 
  0.0093	   883392	   987132	   987132	  53560.8	 1.12369e+06	 1.12369e+06	 
 0.00935	   819191	   915398	   915398	  49610.7	 1.10021e+06	 1.10021e+06	 
  0.0094	   758718	   847872	   847872	    45559	 1.07623e+06	 1.07623e+06	 
 0.00945	   702520	   785119	   785119	  41796.1	 1.05177e+06	 1.05177e+06	 
  0.0095	   650384	   726900	   726900	  38314.7	 1.02727e+06	 1.02727e+06	 
 0.00955	   602238	   673124	   673124	  35207.1	 1.0029e+06	 1.0029e+06	 
  0.0096	   557570	   623233	   623233	  32325.2	   977529	   977529	 
 0.00965	   515699	   576488	   576488	  29439.8	   953258	   953258	 
  0.0097	   477721	   534048	   534048	  27152.4	   929375	   929375	 
 0.00975	   442700	   494902	   494902	  25124.5	   903836	   903836	 
  0.0098	   410168	   458539	   458539	  23236.4	   879961	   879961	 
 0.00985	   380123	   424950	   424950	    21547	   856316	   856316	 
  0.0099	   352059	   393583	   393583	  19897.9	   831962	   831962	 
 0.00995	   325803	   364248	   364248	  18273.2	   808174	   808174	 
    0.01	   301268	   336844	   336844	  16690.4	   784431	   784431	 
 0.01005	   278464	   311377	   311377	  15186.7	   760572	   760572	 
  0.0101	   257575	   288035	   288035	  13918.7	   737387	   737387	 
 0.01015	   238308	   266501	   266501	  12784.9	   714181	   714181	 
  0.0102	   220011	   246075	   246075	  11522.2	   691849	   691849	 
 0.01025	   203815	   227957	   227957	  10699.6	   669958	   669958	 
  0.0103	   188718	   211073	   211073	  9900.45	   648286	   648286	 
 0.01035	   174493	   195175	   195175	  9053.89	   626895	   626895	 
  0.0104	   161546	   180693	   180693	  8377.87	   605917	   605917	 
 0.01045	   149447	   167166	   167166	  7709.94	   585054	   585054	 
  0.0105	   137894	   154265	   154265	  6937.21	   564564	   564564	 
 0.01055	   127486	   142629	   142629	  6356.05	   544406	   544406	 
  0.0106	   117651	   131642	   131642	  5731.99	   524801	   524801	 
 0.01065	   108738	   121676	   121676	  5242.99	   505536	   505536	 
  0.0107	   100568	   112537	   112537	  4826.44	   486668	   486668	 
 0.01075	  93110.5	   104190	   104190	  4486.44	   468504	   468504	 
  0.0108	  86178.1	  96431.5	  96431.5	  4159.52	   450660	   450660	 
 0.01085	  79759.5	    89248	    89248	  3859.29	   433212	   433212	 
  0.0109	    73819	  82599.6	  82599.6	  3581.43	   416163	   416163	 
 0.01095	  68218.8	  76336.8	  76336.8	  3281.92	   399646	   399646	 
   0.011	  62952.2	  70450.9	  70450.9	  2969.04	   383060	   383060	 
 0.01105	  58159.5	  65090.6	  65090.6	  2715.99	   367400	   367400	 
  0.0111	  53722.3	  60128.1	  60128.1	  2481.07	   352213	   352213	 
 0.01115	  49524.6	  55437.6	  55437.6	  2225.91	   337411	   337411	 
  0.0112	  45747.1	  51211.4	  51211.4	  2036.38	   322908	   322908	 
 0.01125	    42299	  47351.7	  47351.7	  1881.09	   308945	   308945	 
  0.0113	  39098.4	  43769.6	  43769.6	  1732.24	   295519	   295519	 
 0.01135	  36114.4	    40431	    40431	  1585.18	   281785	   281785	 
  0.0114	  33339.7	  37327.2	  37327.2	  1443.14	   269231	   269231	 
 0.01145	  30826.4	  34513.1	  34513.1	  1336.05	   257090	   257090	 
  0.0115	  28256.5	  31647.8	  31647.8	  1128.93	   245283	   245283	 
 0.01155	  26095.9	    29229	    29229	  1033.55	   233922	   233922	 
  0.0116	  24101.4	    26996	    26996	  947.279	   222953	   222953	 
 0.01165	  22258.8	  24932.8	  24932.8	  868.619	   212367	   212367	 
  0.0117	  20459.8	  22923.3	  22923.3	  754.238	   202144	   202144	 
 0.01175	  18894.3	  21169.9	  21169.9	  691.568	   192320	   192320	 
  0.0118	  17415.6	  19515.3	  19515.3	  619.546	   182878	   182878	 
 0.01185	  16054.3	  17991.9	  17991.9	  555.627	   173796	   173796	 
  0.0119	  14523.4	  16291.8	  16291.8	  377.565	   165003	   165003	 
 0.01195	  13423.9	  15058.1	  15058.1	  351.271	   156632	   156632	 
   0.012	  12402.8	  13912.6	  13912.6	   324.97	   148591	   148591	 
 0.01205	  11453.9	  12848.5	  12848.5	  298.659	   140879	   140879	 
  0.0121	  10572.6	  11860.3	  11860.3	  272.516	   133321	   133321	 
 0.01215	  9761.38	  10950.4	  10950.4	  249.844	   126261	   126261	 
  0.0122	  9007.23	  10104.9	  10104.9	  227.137	   119503	   119503	 
 0.01225	   8311.3	  9324.51	  9324.51	  206.446	   112988	   112988	 
  0.0123	   7673.5	  8609.05	  8609.05	  189.859	   106750	   106750	 
 0.01235	  7093.91	  7958.44	  7958.44	  178.414	   100887	   100887	 
  0.0124	  6556.46	   7355.2	   7355.2	  167.179	  95292.3	  95292.3	 
 0.01245	  6058.14	  6795.99	  6795.99	  155.941	  89961.7	  89961.7	 
  0.0125	  5595.43	  6276.84	  6276.84	  144.701	  84883.7	  84883.7	 
 0.01255	  5165.93	  5795.05	  5795.05	  133.455	  80052.8	  80052.8	 
  0.0126	  4767.14	  5347.82	  5347.82	  122.205	  75458.1	  75458.1	 
 0.01265	  4310.72	  4840.42	  4840.42	  73.5761	  71069.9	  71069.9	 
  0.0127	   3977.2	  4466.03	  4466.03	  66.8829	  66927.7	  66927.7	 
 0.01275	  3667.83	  4118.83	  4118.83	   60.189	  62999.8	  62999.8	 
  0.0128	  3300.81	  3711.05	  3711.05	  19.1732	  59252.4	  59252.4	 
 0.01285	  3046.01	  3424.63	  3424.63	  17.3289	  55695.8	  55695.8	 
  0.0129	  2812.43	  3161.97	  3161.97	  16.3721	  52357.9	  52357.9	 
 0.01295	  2596.56	  2919.24	  2919.24	  15.4153	  49199.1	  49199.1	 
   0.013	  2397.05	  2694.91	  2694.91	  14.4584	  46212.7	  46212.7	 
 0.01305	  2212.65	  2487.57	  2487.57	  13.5016	  43390.5	  43390.5	 
  0.0131	  2042.16	  2295.89	  2295.89	  12.5447	  40724.8	  40724.8	 
 0.01315	  1884.59	  2118.73	  2118.73	  11.5878	  38209.1	  38209.1	 
  0.0132	  1738.94	     1955	     1955	  10.6309	  35836.2	  35836.2	 
 0.01325	  1604.25	   1803.6	   1803.6	  9.67404	  33598.9	  33598.9	 
  0.0133	  1479.77	  1663.67	  1663.67	  8.71714	  31491.2	  31491.2	 
 0.01335	  1363.21	  1532.73	  1532.73	  7.15847	  29505.6	  29505.6	 
  0.0134	  1242.13	  1397.41	  1397.41	 1.42798e-33	  27634.3	  27634.3	 
 0.01345	  1145.97	  1289.23	  1289.23	 1.42798e-33	  25876.9	  25876.9	 
  0.0135	  1057.21	  1189.38	  1189.38	 1.42798e-33	    24225	    24225	 
 0.01355	  975.296	  1097.22	  1097.22	 1.42798e-33	  22671.9	  22671.9	 
  0.0136	  899.665	  1012.13	  1012.13	 1.42798e-33	  21212.7	  21212.7	 
 0.01365	  829.874	  933.619	  933.619	 1.42798e-33	  19843.1	  19843.1	 
  0.0137	  765.446	  861.136	  861.136	 1.42798e-33	  18556.9	  18556.9	 
 0.01375	  706.016	  794.277	  794.277	 1.42798e-33	  17349.8	  17349.8	 
  0.0138	  651.156	  732.559	  732.559	 1.42798e-33	  16217.4	  16217.4	 
 0.01385	   600.53	  675.604	  675.604	 1.42798e-33	  15155.8	  15155.8	 
  0.0139	  553.794	  623.026	  623.026	 1.42798e-33	  14160.1	  14160.1	 
 0.01395	  510.695	  574.538	  574.538	 1.42798e-33	  13227.6	  13227.6	 
   0.014	  470.921	  529.792	  529.792	 1.42798e-33	  12353.3	  12353.3	 
 0.01405	  434.226	   488.51	   488.51	 1.42798e-33	  11534.5	  11534.5	 
  0.0141	  400.369	   450.42	   450.42	 1.42798e-33	  10767.8	  10767.8	 
 0.01415	  369.149	  415.297	  415.297	 1.42798e-33	    10050	    10050	 
  0.0142	  340.338	  382.885	  382.885	 1.42798e-33	  9377.83	  9377.83	 
 0.01425	  313.762	  352.986	  352.986	 1.42798e-33	  8749.02	  8749.02	 
  0.0143	  289.249	  325.409	  325.409	 1.42798e-33	  8160.85	  8160.85	 
 0.01435	   266.64	  299.974	  299.974	 1.42798e-33	  7610.57	  7610.57	 
  0.0144	  245.788	  276.515	  276.515	 1.42798e-33	  7095.98	  7095.98	 
 0.01445	  226.555	  254.878	  254.878	 1.42798e-33	  6614.35	  6614.35	 
  0.0145	  208.819	  234.924	  234.924	 1.42798e-33	  6164.57	  6164.57	 
 0.01455	  192.464	  216.524	  216.524	 1.42798e-33	   5743.9	   5743.9	 
  0.0146	  177.381	  199.556	  199.556	 1.42798e-33	  5350.95	  5350.95	 
 0.01465	  163.474	  183.911	  183.911	 1.42798e-33	  4983.88	  4983.88	 
  0.0147	  150.652	  169.485	  169.485	 1.42798e-33	  4640.97	  4640.97	 
 0.01475	   138.83	  156.186	  156.186	 1.42798e-33	  4320.75	  4320.75	 
  0.0148	  127.929	  143.921	  143.921	 1.42798e-33	  4021.83	  4021.83	 
 0.01485	   117.88	  132.616	  132.616	 1.42798e-33	  3742.79	  3742.79	 
  0.0149	  108.618	  122.197	  122.197	 1.42798e-33	  3482.42	  3482.42	 
 0.01495	  100.078	  112.589	  112.589	 1.42798e-33	  3239.52	  3239.52	 
   0.015	  92.2058	  103.733	  103.733	 1.42798e-33	  3012.92	  3012.92	 
 0.01505	  84.9496	  95.5693	  95.5693	 1.42798e-33	  2801.65	  2801.65	 
  0.0151	  78.2618	  88.0455	  88.0455	 1.42798e-33	  2604.72	  2604.72	 
 0.01515	  72.0981	  81.1113	  81.1113	 1.42798e-33	  2421.12	  2421.12	 
  0.0152	  66.4184	  74.7216	  74.7216	 1.42798e-33	  2250.11	  2250.11	 
 0.01525	  61.1798	   68.828	   68.828	 1.42798e-33	  2090.79	  2090.79	 
  0.0153	  56.3565	  63.4018	  63.4018	 1.42798e-33	  1942.35	  1942.35	 
 0.01535	  51.9097	   58.399	   58.399	 1.42798e-33	  1804.23	  1804.23	 
  0.0154	  47.8113	  53.7883	  53.7883	 1.42798e-33	  1675.56	  1675.56	 
 0.01545	  44.0366	  49.5418	  49.5418	 1.42798e-33	  1555.83	  1555.83	 
  0.0155	  40.5584	  45.6287	  45.6287	 1.42798e-33	  1444.46	  1444.46	 
 0.01555	  37.3539	  42.0236	  42.0236	 1.42798e-33	  1340.83	  1340.83	 
  0.0156	  34.4008	  38.7014	  38.7014	 1.42798e-33	  1244.45	  1244.45	 
 0.01565	  31.6803	  35.6407	  35.6407	 1.42798e-33	  1154.82	  1154.82	 
  0.0157	  29.1737	  32.8208	  32.8208	 1.42798e-33	  1071.51	  1071.51	 
 0.01575	  26.8644	  30.2228	  30.2228	 1.42798e-33	  994.075	  994.075	 
  0.0158	  24.7373	  27.8298	  27.8298	 1.42798e-33	  922.132	  922.132	 
 0.01585	  22.7779	  25.6254	  25.6254	 1.42798e-33	  855.241	  855.241	 
  0.0159	  20.9729	  23.5947	  23.5947	 1.42798e-33	  793.129	  793.129	 
 0.01595	  19.3103	  21.7243	  21.7243	 1.42798e-33	   735.41	   735.41	 
   0.016	   17.779	  20.0016	  20.0016	 1.42798e-33	   681.81	   681.81	 
 0.01605	  16.3686	  18.4149	  18.4149	 1.42798e-33	  632.054	  632.054	 
  0.0161	  15.0695	  16.9534	  16.9534	 1.42798e-33	  585.867	  585.867	 
 0.01615	  13.8733	  15.6077	  15.6077	 1.42798e-33	   543.01	   543.01	 
  0.0162	  12.7715	  14.3682	  14.3682	 1.42798e-33	  503.221	  503.221	 
 0.01625	   11.757	  13.2268	  13.2268	 1.42798e-33	  466.294	  466.294	 
  0.0163	  10.8226	  12.1756	  12.1756	 1.42798e-33	  432.031	  432.031	 
 0.01635	  9.96219	  11.2076	  11.2076	 1.42798e-33	   400.25	   400.25	 
  0.0164	  9.16989	  10.3162	  10.3162	 1.42798e-33	  370.769	  370.769	 
 0.01645	  8.44037	  9.49553	  9.49553	 1.42798e-33	  343.426	  343.426	 
  0.0165	  7.76855	  8.73972	  8.73972	 1.42798e-33	   318.07	   318.07	 
 0.01655	  7.14999	  8.04383	  8.04383	 1.42798e-33	  294.559	  294.559	 
  0.0166	   6.5806	  7.40326	  7.40326	 1.42798e-33	  272.762	  272.762	 
 0.01665	  6.05647	  6.81361	  6.81361	 1.42798e-33	  252.558	  252.558	 
  0.0167	  5.57363	  6.27041	  6.27041	 1.42798e-33	  233.825	  233.825	 
 0.01675	  5.12919	   5.7704	   5.7704	 1.42798e-33	  216.466	  216.466	 
  0.0168	  4.72036	  5.31047	  5.31047	 1.42798e-33	  200.375	  200.375	 
 0.01685	  4.34361	  4.88662	  4.88662	 1.42798e-33	   185.47	   185.47	 
  0.0169	   3.9971	  4.49679	  4.49679	 1.42798e-33	  171.658	  171.658	 
 0.01695	  3.67801	   4.1378	   4.1378	 1.42798e-33	  158.862	  158.862	 
   0.017	  3.38429	  3.80737	  3.80737	 1.42798e-33	  147.011	  147.011	 
 0.01705	  3.11392	   3.5032	   3.5032	 1.42798e-33	  136.032	  136.032	 
  0.0171	  2.86515	  3.22333	  3.22333	 1.42798e-33	  125.862	  125.862	 
 0.01715	  2.63612	  2.96567	  2.96567	 1.42798e-33	  116.443	  116.443	 
  0.0172	  2.42534	  2.72854	  2.72854	 1.42798e-33	  107.722	  107.722	 
 0.01725	  2.23135	   2.5103	   2.5103	 1.42798e-33	  99.6491	  99.6491	 
  0.0173	  2.05283	  2.30946	  2.30946	 1.42798e-33	  92.1693	  92.1693	 
 0.01735	  1.88853	  2.12462	  2.12462	 1.42798e-33	  85.2495	  85.2495	 
  0.0174	  1.73736	  1.95455	  1.95455	 1.42798e-33	  78.8406	  78.8406	 
 0.01745	  1.59821	    1.798	    1.798	 1.42798e-33	   72.915	   72.915	 
  0.0175	  1.47018	  1.65397	  1.65397	 1.42798e-33	  67.4231	  67.4231	 
 0.01755	  1.35237	  1.52143	  1.52143	 1.42798e-33	  62.3432	  62.3432	 
  0.0176	  1.24397	  1.39948	  1.39948	 1.42798e-33	  57.6422	  57.6422	 
 0.01765	  1.14425	   1.2873	   1.2873	 1.42798e-33	  53.2916	  53.2916	 
  0.0177	  1.05247	  1.18404	  1.18404	 1.42798e-33	  49.2666	  49.2666	 
 0.01775	 0.968013	  1.08903	  1.08903	 1.42798e-33	  45.5431	  45.5431	 
  0.0178	 0.890324	  1.00163	  1.00163	 1.42798e-33	  42.0976	  42.0976	 
 0.01785	 0.818877	 0.921247	 0.921247	 1.42798e-33	  38.9107	  38.9107	 
  0.0179	 0.753121	  0.84727	  0.84727	 1.42798e-33	  35.9626	  35.9626	 
 0.01795	 0.692613	 0.779198	 0.779198	 1.42798e-33	   33.236	   33.236	 
   0.018	 0.636985	 0.716617	 0.716617	 1.42798e-33	  30.7141	  30.7141	 
 0.01805	 0.585768	 0.658997	 0.658997	 1.42798e-33	  28.3823	  28.3823	 
  0.0181	 0.538674	 0.606015	 0.606015	 1.42798e-33	  26.2257	  26.2257	 
 0.01815	 0.495379	 0.557308	 0.557308	 1.42798e-33	   24.231	   24.231	 
  0.0182	 0.455531	 0.512478	 0.512478	 1.42798e-33	  22.3874	  22.3874	 
 0.01825	 0.418852	 0.471214	 0.471214	 1.42798e-33	  20.6828	  20.6828	 
  0.0183	 0.385158	 0.433308	 0.433308	 1.42798e-33	  19.1066	  19.1066	 
 0.01835	  0.35415	 0.398424	 0.398424	 1.42798e-33	  17.6496	  17.6496	 
  0.0184	 0.325627	 0.366335	 0.366335	 1.42798e-33	  16.3025	  16.3025	 
 0.01845	 0.299402	 0.336831	 0.336831	 1.42798e-33	  15.0575	  15.0575	 
  0.0185	 0.275275	 0.309688	 0.309688	 1.42798e-33	  13.9069	  13.9069	 
 0.01855	 0.253092	 0.284731	 0.284731	 1.42798e-33	  12.8437	  12.8437	 
  0.0186	 0.232686	 0.261775	 0.261775	 1.42798e-33	  11.8612	  11.8612	 
 0.01865	 0.213924	 0.240667	 0.240667	 1.42798e-33	  10.9529	  10.9529	 
  0.0187	 0.196667	 0.221253	 0.221253	 1.42798e-33	  10.1137	  10.1137	 
 0.01875	   0.1808	 0.203403	 0.203403	 1.42798e-33	   9.3383	   9.3383	 
  0.0188	 0.166211	 0.186989	 0.186989	 1.42798e-33	  8.62216	  8.62216	 
 0.01885	 0.152791	 0.171892	 0.171892	 1.42798e-33	   7.9604	   7.9604	 
  0.0189	 0.140456	 0.158015	 0.158015	 1.42798e-33	  7.34861	  7.34861	 
 0.01895	 0.129111	 0.145251	 0.145251	 1.42798e-33	  6.78405	  6.78405	 
   0.019	 0.118679	 0.133515	 0.133515	 1.42798e-33	  6.26232	  6.26232	 
 0.01905	 0.109088	 0.122725	 0.122725	 1.42798e-33	  5.78015	  5.78015	 
  0.0191	 0.100272	 0.112808	 0.112808	 1.42798e-33	  5.33525	  5.33525	 
 0.01915	 0.0921636	 0.103685	 0.103685	 1.42798e-33	  4.92419	  4.92419	 
  0.0192	 0.0847106	 0.0953005	 0.0953005	 1.42798e-33	  4.54459	  4.54459	 
 0.01925	 0.0778586	 0.0875919	 0.0875919	 1.42798e-33	  4.19405	  4.19405	 
  0.0193	 0.0715591	 0.0805049	 0.0805049	 1.42798e-33	  3.87031	  3.87031	 
 0.01935	 0.0657682	 0.0739901	 0.0739901	 1.42798e-33	  3.57144	  3.57144	 
  0.0194	 0.0604424	 0.0679984	 0.0679984	 1.42798e-33	  3.29548	  3.29548	 
 0.01945	 0.0555484	 0.0624927	 0.0624927	 1.42798e-33	  3.04066	  3.04066	 
  0.0195	 0.0510475	 0.0574291	 0.0574291	 1.42798e-33	  2.80544	  2.80544	 
 0.01955	 0.0469143	 0.0527792	 0.0527792	 1.42798e-33	   2.5883	   2.5883	 
  0.0196	 0.0431106	   0.0485	   0.0485	 1.42798e-33	  2.38784	  2.38784	 
 0.01965	 0.0396179	 0.0445706	 0.0445706	 1.42798e-33	  2.20282	  2.20282	 
  0.0197	 0.0364056	 0.0409568	 0.0409568	 1.42798e-33	  2.03203	  2.03203	 
 0.01975	 0.0334532	 0.0376353	 0.0376353	 1.42798e-33	  1.87441	  1.87441	 
  0.0198	 0.0307398	 0.0345826	 0.0345826	 1.42798e-33	  1.72894	  1.72894	 
 0.01985	 0.0282457	 0.0317767	 0.0317767	 1.42798e-33	  1.59466	  1.59466	 
  0.0199	 0.0259536	 0.0291982	 0.0291982	 1.42798e-33	  1.47077	  1.47077	 
 0.01995	 0.0238468	 0.026828	 0.026828	 1.42798e-33	  1.35642	  1.35642	 
    0.02	 0.0219107	 0.0246498	 0.0246498	 1.42798e-33	  1.25093	  1.25093	 
 0.02005	 0.0201315	 0.0226482	 0.0226482	 1.42798e-33	  1.15356	  1.15356	 
  0.0201	 0.0184961	 0.0208084	 0.0208084	 1.42798e-33	  1.06377	  1.06377	 
 0.02015	 0.0169933	 0.0191177	 0.0191177	 1.42798e-33	 0.980895	 0.980895	 
  0.0202	 0.0156122	 0.017564	 0.017564	 1.42798e-33	 0.904448	 0.904448	 
 0.02025	 0.0143432	 0.0161363	 0.0161363	 1.42798e-33	 0.833878	 0.833878	 
  0.0203	 0.0131772	 0.0148245	 0.0148245	 1.42798e-33	 0.768855	 0.768855	 
 0.02035	 0.0121056	 0.013619	 0.013619	 1.42798e-33	  0.70883	  0.70883	 
  0.0204	 0.011121	 0.0125112	 0.0125112	 1.42798e-33	 0.653472	 0.653472	 
 0.02045	 0.0102161	 0.0114932	 0.0114932	 1.42798e-33	 0.602398	 0.602398	 
  0.0205	 0.00938476	 0.010558	 0.010558	 1.42798e-33	 0.555333	 0.555333	 
 0.02055	 0.00862078	 0.00969848	 0.00969848	 1.42798e-33	 0.511893	 0.511893	 
  0.0206	 0.00791888	 0.00890884	 0.00890884	 1.42798e-33	 0.471835	 0.471835	 
 0.02065	 0.00727419	 0.00818356	 0.00818356	 1.42798e-33	 0.434897	 0.434897	 
  0.0207	 0.00668162	 0.00751691	 0.00751691	 1.42798e-33	 0.400832	 0.400832	 
 0.02075	 0.00613741	 0.00690466	 0.00690466	 1.42798e-33	 0.369429	 0.369429	 
  0.0208	 0.00563734	 0.00634208	 0.00634208	 1.42798e-33	 0.340466	 0.340466	 
 0.02085	 0.00517772	 0.005825	 0.005825	 1.42798e-33	 0.313764	 0.313764	 
  0.0209	 0.00475568	 0.0053502	 0.0053502	 1.42798e-33	 0.289144	 0.289144	 
 0.02095	 0.00436774	 0.00491376	 0.00491376	 1.42798e-33	 0.266447	 0.266447	 
   0.021	 0.00401174	 0.00451326	 0.00451326	 1.42798e-33	 0.245517	 0.245517	 
 0.02105	 0.00368439	 0.00414499	 0.00414499	 1.42798e-33	  0.22623	  0.22623	 
  0.0211	 0.00338378	 0.0038068	 0.0038068	 1.42798e-33	 0.208442	 0.208442	 
 0.02115	 0.00310764	 0.00349613	 0.00349613	 1.42798e-33	 0.192049	 0.192049	 
  0.0212	 0.00285397	 0.00321075	 0.00321075	 1.42798e-33	 0.176941	 0.176941	 
 0.02125	 0.00262098	 0.00294864	 0.00294864	 1.42798e-33	 0.163014	 0.163014	 
  0.0213	 0.00240695	 0.00270785	 0.00270785	 1.42798e-33	 0.150174	 0.150174	 
 0.02135	 0.00221033	 0.00248665	 0.00248665	 1.42798e-33	 0.138345	 0.138345	 
  0.0214	 0.00202977	 0.00228351	 0.00228351	 1.42798e-33	 0.127443	 0.127443	 
 0.02145	 0.0018639	 0.00209691	 0.00209691	 1.42798e-33	 0.117393	 0.117393	 
  0.0215	 0.00171157	 0.00192554	 0.00192554	 1.42798e-33	 0.108134	 0.108134	 
 0.02155	 0.00157168	 0.00176816	 0.00176816	 1.42798e-33	 0.0995997	 0.0995997	 
  0.0216	 0.00144318	 0.00162359	 0.00162359	 1.42798e-33	 0.0917354	 0.0917354	 
 0.02165	 0.00132516	 0.00149082	 0.00149082	 1.42798e-33	 0.0844917	 0.0844917	 
  0.0217	 0.00121675	 0.00136886	 0.00136886	 1.42798e-33	 0.0778136	 0.0778136	 
 0.02175	 0.00111722	 0.00125689	 0.00125689	 1.42798e-33	 0.0716628	 0.0716628	 
  0.0218	 0.00102579	 0.00115403	 0.00115403	 1.42798e-33	 0.0660007	 0.0660007	 
 0.02185	 0.000941845	 0.00105959	 0.00105959	 1.42798e-33	 0.060778	 0.060778	 
  0.0219	 0.000864747	 0.000972852	 0.000972852	 1.42798e-33	 0.0559672	 0.0559672	 
 0.02195	 0.000793932	 0.000893184	 0.000893184	 1.42798e-33	 0.0515364	 0.0515364	 
   0.022	 0.000728923	 0.000820048	 0.000820048	 1.42798e-33	 0.0474548	 0.0474548	 
 0.02205	 0.000669237	 0.0007529	 0.0007529	 1.42798e-33	 0.0436946	 0.0436946	 
  0.0221	 0.000614397	 0.000691204	 0.000691204	 1.42798e-33	 0.0402314	 0.0402314	 
 0.02215	 0.000564041	 0.000634553	 0.000634553	 1.42798e-33	 0.0370412	 0.0370412	 
  0.0222	 0.000517843	 0.00058258	 0.00058258	 1.42798e-33	 0.0341026	 0.0341026	 
 0.02225	 0.000475378	 0.000534807	 0.000534807	 1.42798e-33	 0.0313968	 0.0313968	 
  0.0223	 0.000436426	 0.000490985	 0.000490985	 1.42798e-33	 0.028904	 0.028904	 
 0.02235	 0.000400643	 0.000450728	 0.000450728	 1.42798e-33	 0.026609	 0.026609	 
  0.0224	 0.00036777	 0.000413746	 0.000413746	 1.42798e-33	 0.0244946	 0.0244946	 
 0.02245	 0.000337601	 0.000379805	 0.000379805	 1.42798e-33	 0.0225483	 0.0225483	 
  0.0225	 0.000309905	 0.000348647	 0.000348647	 1.42798e-33	 0.0207558	 0.0207558	 
 0.02255	 0.000284474	 0.000320037	 0.000320037	 1.42798e-33	 0.0191049	 0.0191049	 
  0.0226	 0.000261125	 0.000293769	 0.000293769	 1.42798e-33	 0.0175848	 0.0175848	 
 0.02265	 0.000239688	 0.000269652	 0.000269652	 1.42798e-33	 0.016185	 0.016185	 
  0.0227	 0.000220009	 0.000247513	 0.000247513	 1.42798e-33	 0.0148966	 0.0148966	 
 0.02275	 0.00020194	 0.000227185	 0.000227185	 1.42798e-33	 0.0137098	 0.0137098	 
  0.0228	 0.000185355	 0.000208527	 0.000208527	 1.42798e-33	 0.0126175	 0.0126175	 
 0.02285	 0.00017013	 0.000191398	 0.000191398	 1.42798e-33	 0.0116119	 0.0116119	 
  0.0229	 0.000156151	 0.000175672	 0.000175672	 1.42798e-33	 0.010686	 0.010686	 
 0.02295	 0.00014332	 0.000161236	 0.000161236	 1.42798e-33	 0.00983366	 0.00983366	 
   0.023	 0.000131541	 0.000147986	 0.000147986	 1.42798e-33	 0.00904887	 0.00904887	 
 0.02305	 0.000120725	 0.000135817	 0.000135817	 1.42798e-33	 0.0083267	 0.0083267	 
  0.0231	 0.000110799	 0.000124651	 0.000124651	 1.42798e-33	 0.00766219	 0.00766219	 
 0.02315	 0.000101687	 0.0001144	 0.0001144	 1.42798e-33	 0.0070504	 0.0070504	 
  0.0232	 9.33238e-05	 0.00010499	 0.00010499	 1.42798e-33	 0.00648694	 0.00648694	 
 0.02325	 8.56481e-05	 9.63552e-05	 9.63552e-05	 1.42798e-33	 0.00596851	 0.00596851	 
  0.0233	 7.8601e-05	 8.84272e-05	 8.84272e-05	 1.42798e-33	 0.00549122	 0.00549122	 
 0.02335	 7.21343e-05	 8.1152e-05	 8.1152e-05	 1.42798e-33	 0.00505203	 0.00505203	 
  0.0234	 6.61994e-05	 7.44752e-05	 7.44752e-05	 1.42798e-33	 0.00464784	 0.00464784	 
 0.02345	 6.07496e-05	 6.8344e-05	 6.8344e-05	 1.42798e-33	 0.00427588	 0.00427588	 
  0.0235	 5.57512e-05	 6.27208e-05	 6.27208e-05	 1.42798e-33	 0.00393357	 0.00393357	 
 0.02355	 5.1158e-05	 5.75534e-05	 5.75534e-05	 1.42798e-33	 0.00361856	 0.00361856	 
  0.0236	 4.69481e-05	 5.28172e-05	 5.28172e-05	 1.42798e-33	 0.0033287	 0.0033287	 
 0.02365	 4.30826e-05	 4.84685e-05	 4.84685e-05	 1.42798e-33	 0.00306197	 0.00306197	 
  0.0237	 3.9533e-05	 4.44752e-05	 4.44752e-05	 1.42798e-33	 0.00281654	 0.00281654	 
 0.02375	 3.62768e-05	 4.08119e-05	 4.08119e-05	 1.42798e-33	 0.00259066	 0.00259066	 
  0.0238	 3.32883e-05	 3.74498e-05	 3.74498e-05	 1.42798e-33	 0.0023829	 0.0023829	 
 0.02385	 3.05461e-05	 3.43648e-05	 3.43648e-05	 1.42798e-33	 0.00219168	 0.00219168	 
  0.0239	 2.80294e-05	 3.15334e-05	 3.15334e-05	 1.42798e-33	 0.00201577	 0.00201577	 
 0.02395	 2.57198e-05	 2.89351e-05	 2.89351e-05	 1.42798e-33	 0.00185393	 0.00185393	 
   0.024	 2.36001e-05	 2.65504e-05	 2.65504e-05	 1.42798e-33	 0.00170505	 0.00170505	 
 0.02405	 2.16554e-05	 2.43626e-05	 2.43626e-05	 1.42798e-33	 0.00156808	 0.00156808	 
  0.0241	 1.98706e-05	 2.23547e-05	 2.23547e-05	 1.42798e-33	 0.00144204	 0.00144204	 
 0.02415	 1.8233e-05	 2.05124e-05	 2.05124e-05	 1.42798e-33	 0.00132617	 0.00132617	 
  0.0242	 1.67303e-05	 1.88218e-05	 1.88218e-05	 1.42798e-33	 0.00121951	 0.00121951	 
 0.02425	 1.53512e-05	 1.72703e-05	 1.72703e-05	 1.42798e-33	 0.00112143	 0.00112143	 
  0.0243	 1.40858e-05	 1.58467e-05	 1.58467e-05	 1.42798e-33	 0.0010312	 0.0010312	 
 0.02435	 1.29248e-05	 1.45406e-05	 1.45406e-05	 1.42798e-33	 0.000948218	 0.000948218	 
  0.0244	 1.18595e-05	 1.33421e-05	 1.33421e-05	 1.42798e-33	 0.000871881	 0.000871881	 
 0.02445	 1.08821e-05	 1.22425e-05	 1.22425e-05	 1.42798e-33	 0.000801697	 0.000801697	 
  0.0245	 9.98521e-06	 1.12335e-05	 1.12335e-05	 1.42798e-33	 0.000737113	 0.000737113	 
 0.02455	 9.16232e-06	 1.03077e-05	 1.03077e-05	 1.42798e-33	 0.000677691	 0.000677691	 
  0.0246	 8.40742e-06	 9.45846e-06	 9.45846e-06	 1.42798e-33	 0.000623102	 0.000623102	 
 0.02465	 7.71458e-06	 8.679e-06	 8.679e-06	 1.42798e-33	 0.000572852	 0.000572852	 
  0.0247	 7.07895e-06	 7.96391e-06	 7.96391e-06	 1.42798e-33	 0.000526666	 0.000526666	 
 0.02475	 6.49574e-06	 7.30779e-06	 7.30779e-06	 1.42798e-33	 0.000484181	 0.000484181	 
  0.0248	 5.96056e-06	 6.7057e-06	 6.7057e-06	 1.42798e-33	 0.000445118	 0.000445118	 
 0.02485	 5.46974e-06	 6.15353e-06	 6.15353e-06	 1.42798e-33	 0.00040919	 0.00040919	 
  0.0249	 5.01939e-06	 5.64687e-06	 5.64687e-06	 1.42798e-33	 0.000376157	 0.000376157	 
 0.02495	 4.60654e-06	 5.18242e-06	 5.18242e-06	 1.42798e-33	 0.000345782	 0.000345782	 
   0.025	 4.22772e-06	 4.75624e-06	 4.75624e-06	 1.42798e-33	 0.00031785	 0.00031785	 
       0	        0	        0	        0	        0	        0	        0	 
