       0	        0	        0	        0	        0	        0	        0	 
   5e-05	  882.333	 1.20665e+07	 1.20665e+07	 1.16403e+07	 2.58738e+06	 2.58738e+06	 
  0.0001	   223444	 5.01061e+07	 5.01061e+07	 4.94567e+07	 1.1164e+07	 1.1164e+07	 
 0.00015	 2.56918e+06	 1.28805e+08	 1.28805e+08	 1.37791e+08	 3.26182e+07	 3.26182e+07	 
  0.0002	 1.28283e+07	 2.87909e+08	 2.87909e+08	 3.40491e+08	 8.56415e+07	 8.56415e+07	 
 0.00025	 4.19323e+07	 5.8175e+08	 5.8175e+08	 7.44355e+08	 1.98025e+08	 1.98025e+08	 
  0.0003	 1.00216e+08	 1.02839e+09	 1.02839e+09	 1.37976e+09	 3.84555e+08	 3.84555e+08	 
 0.00035	 1.94138e+08	 1.62017e+09	 1.62017e+09	 2.22758e+09	 6.46008e+08	 6.46008e+08	 
  0.0004	 3.17993e+08	 2.31948e+09	 2.31948e+09	 3.22561e+09	 9.64124e+08	 9.64124e+08	 
 0.00045	 4.62922e+08	 3.09317e+09	 3.09317e+09	 4.32098e+09	 1.32026e+09	 1.32026e+09	 
  0.0005	 6.22942e+08	 3.91048e+09	 3.91048e+09	 5.46692e+09	 1.69937e+09	 1.69937e+09	 
 0.00055	 7.88427e+08	 4.73649e+09	 4.73649e+09	 6.62254e+09	 2.08488e+09	 2.08488e+09	 
  0.0006	 9.57543e+08	 5.55214e+09	 5.55214e+09	 7.75749e+09	 2.46863e+09	 2.46863e+09	 
 0.00065	 1.12806e+09	 6.34126e+09	 6.34126e+09	 8.84667e+09	 2.84329e+09	 2.84329e+09	 
  0.0007	 1.29592e+09	 7.08483e+09	 7.08483e+09	 9.86104e+09	 3.19926e+09	 3.19926e+09	 
 0.00075	 1.45597e+09	 7.77058e+09	 7.77058e+09	 1.07875e+10	 3.52961e+09	 3.52961e+09	 
  0.0008	 1.60584e+09	 8.39204e+09	 8.39204e+09	 1.16143e+10	 3.82991e+09	 3.82991e+09	 
 0.00085	 1.74395e+09	 8.95087e+09	 8.95087e+09	 1.23343e+10	 4.09734e+09	 4.09734e+09	 
  0.0009	 1.86758e+09	 9.43755e+09	 9.43755e+09	 1.2942e+10	 4.32853e+09	 4.32853e+09	 
 0.00095	 1.97506e+09	 9.85155e+09	 9.85155e+09	 1.3444e+10	 4.52368e+09	 4.52368e+09	 
   0.001	 2.06513e+09	 1.01903e+10	 1.01903e+10	 1.38417e+10	 4.68213e+09	 4.68213e+09	 
 0.00105	 2.13729e+09	 1.04642e+10	 1.04642e+10	 1.41501e+10	 4.80678e+09	 4.80678e+09	 
  0.0011	 2.19265e+09	 1.06693e+10	 1.06693e+10	 1.43743e+10	 4.89965e+09	 4.89965e+09	 
 0.00115	 2.23341e+09	 1.0814e+10	 1.0814e+10	 1.4522e+10	 4.96418e+09	 4.96418e+09	 
  0.0012	 2.25957e+09	 1.08978e+10	 1.08978e+10	 1.45958e+10	 5.00091e+09	 5.00091e+09	 
 0.00125	 2.27142e+09	 1.09237e+10	 1.09237e+10	 1.46056e+10	 5.01231e+09	 5.01231e+09	 
  0.0013	 2.27219e+09	 1.09089e+10	 1.09089e+10	 1.45578e+10	 5.0023e+09	 5.0023e+09	 
 0.00135	 2.26125e+09	 1.08492e+10	 1.08492e+10	 1.44553e+10	 4.97101e+09	 4.97101e+09	 
  0.0014	 2.23993e+09	 1.07503e+10	 1.07503e+10	 1.43066e+10	 4.92139e+09	 4.92139e+09	 
 0.00145	 2.20918e+09	 1.06158e+10	 1.06158e+10	 1.41155e+10	 4.85501e+09	 4.85501e+09	 
  0.0015	 2.17104e+09	 1.04505e+10	 1.04505e+10	 1.3888e+10	 4.77478e+09	 4.77478e+09	 
 0.00155	 2.12605e+09	 1.0257e+10	 1.0257e+10	 1.36266e+10	 4.6817e+09	 4.6817e+09	 
  0.0016	 2.07564e+09	 1.00395e+10	 1.00395e+10	 1.33363e+10	 4.57798e+09	 4.57798e+09	 
 0.00165	 2.02001e+09	 9.80173e+09	 9.80173e+09	 1.30187e+10	 4.46414e+09	 4.46414e+09	 
  0.0017	 1.96008e+09	 9.54671e+09	 9.54671e+09	 1.26777e+10	 4.34175e+09	 4.34175e+09	 
 0.00175	 1.89727e+09	 9.27813e+09	 9.27813e+09	 1.23172e+10	 4.21278e+09	 4.21278e+09	 
  0.0018	 1.83228e+09	 8.99841e+09	 8.99841e+09	 1.19403e+10	 4.07848e+09	 4.07848e+09	 
 0.00185	 1.7653e+09	 8.70809e+09	 8.70809e+09	 1.15479e+10	 3.93919e+09	 3.93919e+09	 
  0.0019	 1.69728e+09	 8.41053e+09	 8.41053e+09	 1.11429e+10	 3.79629e+09	 3.79629e+09	 
 0.00195	 1.62902e+09	 8.11051e+09	 8.11051e+09	 1.07299e+10	 3.65143e+09	 3.65143e+09	 
   0.002	 1.56022e+09	 7.80624e+09	 7.80624e+09	 1.03071e+10	 3.50395e+09	 3.50395e+09	 
 0.00205	 1.49133e+09	 7.50033e+09	 7.50033e+09	 9.87781e+09	 3.35497e+09	 3.35497e+09	 
  0.0021	 1.42292e+09	 7.19292e+09	 7.19292e+09	 9.44341e+09	 3.20523e+09	 3.20523e+09	 
 0.00215	 1.35622e+09	 6.88996e+09	 6.88996e+09	 9.01203e+09	 3.05749e+09	 3.05749e+09	 
  0.0022	 1.29054e+09	 6.58898e+09	 6.58898e+09	 8.58029e+09	 2.91047e+09	 2.91047e+09	 
 0.00225	 1.22688e+09	 6.29488e+09	 6.29488e+09	 8.15454e+09	 2.76634e+09	 2.76634e+09	 
  0.0023	 1.16502e+09	 6.00723e+09	 6.00723e+09	 7.73395e+09	 2.62476e+09	 2.62476e+09	 
 0.00235	 1.10465e+09	 5.72437e+09	 5.72437e+09	 7.31833e+09	 2.48545e+09	 2.48545e+09	 
  0.0024	 1.04653e+09	 5.44938e+09	 5.44938e+09	 6.91203e+09	 2.34996e+09	 2.34996e+09	 
 0.00245	 9.90228e+08	 5.18115e+09	 5.18115e+09	 6.51441e+09	 2.21781e+09	 2.21781e+09	 
  0.0025	 9.35599e+08	 4.91945e+09	 4.91945e+09	 6.12615e+09	 2.08904e+09	 2.08904e+09	 
 0.00255	 8.83189e+08	 4.66624e+09	 4.66624e+09	 5.74983e+09	 1.96465e+09	 1.96465e+09	 
  0.0026	 8.32789e+08	 4.42104e+09	 4.42104e+09	 5.38588e+09	 1.84458e+09	 1.84458e+09	 
 0.00265	 7.84844e+08	 4.18563e+09	 4.18563e+09	 5.03676e+09	 1.7297e+09	 1.7297e+09	 
  0.0027	 7.38314e+08	 3.9562e+09	 3.9562e+09	 4.69879e+09	 1.61841e+09	 1.61841e+09	 
 0.00275	 6.94074e+08	 3.73627e+09	 3.73627e+09	 4.37587e+09	 1.51224e+09	 1.51224e+09	 
  0.0028	 6.51743e+08	 3.52461e+09	 3.52461e+09	 4.06725e+09	 1.41074e+09	 1.41074e+09	 
 0.00285	 6.11734e+08	 3.32304e+09	 3.32304e+09	 3.77518e+09	 1.31471e+09	 1.31471e+09	 
  0.0029	 5.74629e+08	 3.13367e+09	 3.13367e+09	 3.50257e+09	 1.22528e+09	 1.22528e+09	 
 0.00295	 5.39331e+08	 2.95265e+09	 2.95265e+09	 3.24474e+09	 1.14053e+09	 1.14053e+09	 
   0.003	 5.05722e+08	 2.77946e+09	 2.77946e+09	 3.0015e+09	 1.06033e+09	 1.06033e+09	 
 0.00305	 4.73562e+08	 2.61344e+09	 2.61344e+09	 2.77168e+09	 9.8425e+08	 9.8425e+08	 
  0.0031	 4.42108e+08	 2.45202e+09	 2.45202e+09	 2.55312e+09	 9.11216e+08	 9.11216e+08	 
 0.00315	 4.1231e+08	 2.29827e+09	 2.29827e+09	 2.34884e+09	 8.42646e+08	 8.42646e+08	 
  0.0032	 3.84786e+08	 2.15405e+09	 2.15405e+09	 2.16072e+09	 7.79435e+08	 7.79435e+08	 
 0.00325	 3.59024e+08	 2.01795e+09	 2.01795e+09	 1.98609e+09	 7.20591e+08	 7.20591e+08	 
  0.0033	 3.35301e+08	 1.89099e+09	 1.89099e+09	 1.8256e+09	 6.66474e+08	 6.66474e+08	 
 0.00335	 3.1309e+08	 1.77139e+09	 1.77139e+09	 1.67692e+09	 6.1616e+08	 6.1616e+08	 
  0.0034	 2.91776e+08	 1.6571e+09	 1.6571e+09	 1.5376e+09	 5.68624e+08	 5.68624e+08	 
 0.00345	 2.71321e+08	 1.54786e+09	 1.54786e+09	 1.40702e+09	 5.23697e+08	 5.23697e+08	 
  0.0035	 2.52041e+08	 1.44457e+09	 1.44457e+09	 1.28616e+09	 4.81843e+08	 4.81843e+08	 
 0.00355	 2.34177e+08	 1.34791e+09	 1.34791e+09	 1.17563e+09	 4.43386e+08	 4.43386e+08	 
  0.0036	 2.17559e+08	 1.25731e+09	 1.25731e+09	 1.07445e+09	 4.07978e+08	 4.07978e+08	 
 0.00365	 2.02055e+08	 1.17215e+09	 1.17215e+09	 9.81876e+08	 3.75346e+08	 3.75346e+08	 
  0.0037	 1.8777e+08	 1.09284e+09	 1.09284e+09	 8.97543e+08	 3.45496e+08	 3.45496e+08	 
 0.00375	 1.74525e+08	 1.01874e+09	 1.01874e+09	 8.20436e+08	 3.18059e+08	 3.18059e+08	 
  0.0038	 1.61572e+08	 9.47329e+08	 9.47329e+08	 7.47712e+08	 2.91824e+08	 2.91824e+08	 
 0.00385	 1.49543e+08	 8.80655e+08	 8.80655e+08	 6.81136e+08	 2.67674e+08	 2.67674e+08	 
  0.0039	 1.38189e+08	 8.17759e+08	 8.17759e+08	 6.19723e+08	 2.45195e+08	 2.45195e+08	 
 0.00395	 1.27814e+08	 7.59589e+08	 7.59589e+08	 5.64166e+08	 2.2478e+08	 2.2478e+08	 
   0.004	 1.18204e+08	 7.05377e+08	 7.05377e+08	 5.13449e+08	 2.06035e+08	 2.06035e+08	 
 0.00405	 1.0931e+08	 6.54822e+08	 6.54822e+08	 4.6723e+08	 1.88847e+08	 1.88847e+08	 
  0.0041	 1.01323e+08	 6.08492e+08	 6.08492e+08	 4.26082e+08	 1.73491e+08	 1.73491e+08	 
 0.00415	 9.38083e+07	 5.64924e+08	 5.64924e+08	 3.88319e+08	 1.59254e+08	 1.59254e+08	 
  0.0042	 8.66224e+07	 5.23626e+08	 5.23626e+08	 3.53187e+08	 1.45858e+08	 1.45858e+08	 
 0.00425	 7.98571e+07	 4.84822e+08	 4.84822e+08	 3.20831e+08	 1.33406e+08	 1.33406e+08	 
  0.0043	 7.35483e+07	 4.48571e+08	 4.48571e+08	 2.91268e+08	 1.2193e+08	 1.2193e+08	 
 0.00435	 6.766e+07	 4.14684e+08	 4.14684e+08	 2.6424e+08	 1.11344e+08	 1.11344e+08	 
  0.0044	 6.22428e+07	 3.83306e+08	 3.83306e+08	 2.39669e+08	 1.01671e+08	 1.01671e+08	 
 0.00445	 5.7312e+07	 3.54406e+08	 3.54406e+08	 2.176e+08	 9.29311e+07	 9.29311e+07	 
  0.0045	 5.29195e+07	 3.28121e+08	 3.28121e+08	 1.9805e+08	 8.51704e+07	 8.51704e+07	 
 0.00455	 4.88757e+07	 3.03771e+08	 3.03771e+08	 1.80342e+08	 7.80902e+07	 7.80902e+07	 
  0.0046	 4.50822e+07	 2.8099e+08	 2.8099e+08	 1.64048e+08	 7.15189e+07	 7.15189e+07	 
 0.00465	 4.14066e+07	 2.59287e+08	 2.59287e+08	 1.48783e+08	 6.52678e+07	 6.52678e+07	 
  0.0047	 3.80582e+07	 2.39315e+08	 2.39315e+08	 1.35039e+08	 5.96093e+07	 5.96093e+07	 
 0.00475	 3.49137e+07	 2.20614e+08	 2.20614e+08	 1.2138e+08	 5.41282e+07	 5.41282e+07	 
  0.0048	 3.19763e+07	 2.03174e+08	 2.03174e+08	 1.1012e+08	 4.93413e+07	 4.93413e+07	 
 0.00485	 2.93464e+07	 1.87281e+08	 1.87281e+08	 1.00103e+08	 4.507e+07	 4.507e+07	 
  0.0049	 2.69406e+07	 1.72625e+08	 1.72625e+08	 9.04401e+07	 4.10515e+07	 4.10515e+07	 
 0.00495	 2.47962e+07	 1.59313e+08	 1.59313e+08	 8.2547e+07	 3.76296e+07	 3.76296e+07	 
   0.005	 2.28182e+07	 1.47007e+08	 1.47007e+08	 7.52981e+07	 3.44803e+07	 3.44803e+07	 
 0.00505	 2.09533e+07	 1.3548e+08	 1.3548e+08	 6.85639e+07	 3.15334e+07	 3.15334e+07	 
  0.0051	 1.92215e+07	 1.24776e+08	 1.24776e+08	 6.24031e+07	 2.88173e+07	 2.88173e+07	 
 0.00515	 1.76222e+07	 1.14863e+08	 1.14863e+08	 5.67824e+07	 2.63243e+07	 2.63243e+07	 
  0.0052	 1.61007e+07	 1.05537e+08	 1.05537e+08	 5.14511e+07	 2.39563e+07	 2.39563e+07	 
 0.00525	 1.47167e+07	 9.6972e+07	 9.6972e+07	 4.67393e+07	 2.18327e+07	 2.18327e+07	 
  0.0053	 1.34732e+07	 8.91659e+07	 8.91659e+07	 4.2526e+07	 1.99293e+07	 1.99293e+07	 
 0.00535	 1.23276e+07	 8.19506e+07	 8.19506e+07	 3.86314e+07	 1.81728e+07	 1.81728e+07	 
  0.0054	 1.13127e+07	 7.54255e+07	 7.54255e+07	 3.52298e+07	 1.66276e+07	 1.66276e+07	 
 0.00545	 1.03752e+07	 6.93978e+07	 6.93978e+07	 3.20965e+07	 1.52021e+07	 1.52021e+07	 
  0.0055	 9.50135e+06	 6.37981e+07	 6.37981e+07	 2.9179e+07	 1.38741e+07	 1.38741e+07	 
 0.00555	 8.71512e+06	 5.86898e+07	 5.86898e+07	 2.66043e+07	 1.26905e+07	 1.26905e+07	 
  0.0056	 7.97014e+06	 5.39011e+07	 5.39011e+07	 2.42087e+07	 1.15787e+07	 1.15787e+07	 
 0.00565	 7.25707e+06	 4.93924e+07	 4.93924e+07	 2.19272e+07	 1.05171e+07	 1.05171e+07	 
  0.0057	 6.61969e+06	 4.52933e+07	 4.52933e+07	 1.9923e+07	 9.57594e+06	 9.57594e+06	 
 0.00575	 6.05163e+06	 4.15738e+07	 4.15738e+07	 1.8149e+07	 8.7399e+06	 8.7399e+06	 
  0.0058	 5.52527e+06	 3.81322e+07	 3.81322e+07	 1.65124e+07	 7.96683e+06	 7.96683e+06	 
 0.00585	 5.04558e+06	 3.49783e+07	 3.49783e+07	 1.50009e+07	 7.25786e+06	 7.25786e+06	 
  0.0059	 4.61316e+06	 3.21031e+07	 3.21031e+07	 1.36652e+07	 6.62471e+06	 6.62471e+06	 
 0.00595	 4.23442e+06	 2.95166e+07	 2.95166e+07	 1.24931e+07	 6.06966e+06	 6.06966e+06	 
   0.006	 3.87585e+06	 2.7099e+07	 2.7099e+07	 1.13921e+07	 5.54612e+06	 5.54612e+06	 
 0.00605	 3.52827e+06	 2.48124e+07	 2.48124e+07	 1.03444e+07	 5.04296e+06	 5.04296e+06	 
  0.0061	 3.2119e+06	 2.27157e+07	 2.27157e+07	 9.40104e+06	 4.58725e+06	 4.58725e+06	 
 0.00615	 2.92674e+06	 2.08025e+07	 2.08025e+07	 8.55028e+06	 4.1764e+06	 4.1764e+06	 
  0.0062	 2.66784e+06	 1.90518e+07	 1.90518e+07	 7.79126e+06	 3.80636e+06	 3.80636e+06	 
 0.00625	 2.42761e+06	 1.74337e+07	 1.74337e+07	 7.0891e+06	 3.46348e+06	 3.46348e+06	 
  0.0063	 2.21288e+06	 1.59641e+07	 1.59641e+07	 6.46301e+06	 3.15734e+06	 3.15734e+06	 
 0.00635	 2.02347e+06	 1.46397e+07	 1.46397e+07	 5.9086e+06	 2.88682e+06	 2.88682e+06	 
  0.0064	 1.85585e+06	 1.3443e+07	 1.3443e+07	 5.41874e+06	 2.6476e+06	 2.6476e+06	 
 0.00645	 1.69267e+06	 1.23116e+07	 1.23116e+07	 4.94406e+06	 2.41519e+06	 2.41519e+06	 
  0.0065	 1.53806e+06	 1.12548e+07	 1.12548e+07	 4.50441e+06	 2.19724e+06	 2.19724e+06	 
 0.00655	 1.39913e+06	 1.02927e+07	 1.02927e+07	 4.11477e+06	 2.0026e+06	 2.0026e+06	 
  0.0066	 1.27396e+06	 9.41533e+06	 9.41533e+06	 3.76079e+06	 1.82658e+06	 1.82658e+06	 
 0.00665	 1.15774e+06	 8.60479e+06	 8.60479e+06	 3.43635e+06	 1.6641e+06	 1.6641e+06	 
  0.0067	 1.05352e+06	 7.86762e+06	 7.86762e+06	 3.15294e+06	 1.52005e+06	 1.52005e+06	 
 0.00675	   956255	 7.1857e+06	 7.1857e+06	 2.883e+06	 1.38442e+06	 1.38442e+06	 
  0.0068	   875562	 6.58796e+06	 6.58796e+06	 2.66537e+06	 1.27329e+06	 1.27329e+06	 
 0.00685	   800796	 6.03687e+06	 6.03687e+06	 2.4655e+06	 1.17073e+06	 1.17073e+06	 
  0.0069	   727822	 5.5166e+06	 5.5166e+06	 2.27409e+06	 1.07143e+06	 1.07143e+06	 
 0.00695	   661010	 5.03849e+06	 5.03849e+06	 2.1021e+06	   981250	   981250	 
   0.007	   600363	 4.60126e+06	 4.60126e+06	 1.94666e+06	   899536	   899536	 
 0.00705	   547226	 4.20789e+06	 4.20789e+06	 1.81303e+06	   828513	   828513	 
  0.0071	   496391	 3.83978e+06	 3.83978e+06	 1.6846e+06	   760434	   760434	 
 0.00715	   449668	 3.50206e+06	 3.50206e+06	 1.57009e+06	   698649	   698649	 
  0.0072	   408606	 3.19776e+06	 3.19776e+06	 1.47153e+06	   644810	   644810	 
 0.00725	   373534	 2.92742e+06	 2.92742e+06	 1.38839e+06	   599055	   599055	 
  0.0073	   340743	 2.67755e+06	 2.67755e+06	 1.31142e+06	   556447	   556447	 
 0.00735	   310039	 2.44594e+06	 2.44594e+06	 1.23992e+06	   516677	   516677	 
  0.0074	   281447	 2.23208e+06	 2.23208e+06	 1.17595e+06	   480222	   480222	 
 0.00745	   256054	 2.03839e+06	 2.03839e+06	 1.12115e+06	   448296	   448296	 
  0.0075	   232998	 1.86153e+06	 1.86153e+06	 1.07243e+06	   419537	   419537	 
 0.00755	   210113	 1.69369e+06	 1.69369e+06	 1.02393e+06	   390960	   390960	 
  0.0076	   190536	 1.54441e+06	 1.54441e+06	   983883	   366833	   366833	 
 0.00765	   173044	 1.40903e+06	 1.40903e+06	   944050	   344377	   344377	 
  0.0077	   157708	 1.28744e+06	 1.28744e+06	   914138	   325802	   325802	 
 0.00775	   143977	 1.17698e+06	 1.17698e+06	   887440	   309189	   309189	 
  0.0078	   130781	 1.07376e+06	 1.07376e+06	   862535	   293391	   293391	 
 0.00785	   119033	   980203	   980203	   840907	   279448	   279448	 
  0.0079	   108166	   894208	   894208	   819386	   266213	   266213	 
 0.00795	  97877.3	   814368	   814368	   799611	   253816	   253816	 
   0.008	  87365.9	   737857	   737857	   780138	   241313	   241313	 
 0.00805	    79322	   672809	   672809	   762489	   231135	   231135	 
  0.0081	  71778.2	   612640	   612640	   747450	   221926	   221926	 
 0.00815	  65546.6	   559760	   559760	   731047	   213434	   213434	 
  0.0082	  59665.4	   510839	   510839	   717770	   205909	   205909	 
 0.00825	  54121.5	   465574	   465574	   704699	   198693	   198693	 
  0.0083	  49113.9	   424327	   424327	   691325	   191826	   191826	 
 0.00835	  44561.8	   386675	   386675	   676391	   184967	   184967	 
  0.0084	  39975.2	   350919	   350919	   662704	   178358	   178358	 
 0.00845	  35920.4	   318608	   318608	   648374	   172020	   172020	 
  0.0085	  32271.4	   289375	   289375	   633676	   165915	   165915	 
 0.00855	  29234.3	   263465	   263465	   619814	   160473	   160473	 
  0.0086	  26630.1	   240370	   240370	   603864	   154903	   154903	 
 0.00865	  24246.6	   219260	   219260	   589002	   149746	   149746	 
  0.0087	  22055.3	   199924	   199924	   574609	   144844	   144844	 
 0.00875	  19779.3	   181408	   181408	   558549	   139505	   139505	 
  0.0088	  17974.3	   165325	   165325	   542343	   134499	   134499	 
 0.00885	  16004.6	   149658	   149658	   526280	   129398	   129398	 
  0.0089	  13843.4	   134291	   134291	   508782	   123829	   123829	 
 0.00895	  12607.5	   122454	   122454	   492613	   119274	   119274	 
   0.009	  11106.4	   110519	   110519	   476487	   114523	   114523	 
 0.00905	  10006.3	   100446	   100446	   458359	   109639	   109639	 
  0.0091	  9131.11	  91648.7	  91648.7	   442421	   105417	   105417	 
 0.00915	  8173.01	  83126.3	  83126.3	   426303	   101090	   101090	 
  0.0092	  7419.28	  75709.6	  75709.6	   410154	  96914.9	  96914.9	 
 0.00925	  6732.66	  68943.8	  68943.8	   394030	  92797.8	  92797.8	 
  0.0093	   5991.4	  62413.3	  62413.3	   375534	    88111	    88111	 
 0.00935	  5339.96	    56529	    56529	   359735	  84093.6	  84093.6	 
  0.0094	  4857.16	  51505.3	  51505.3	   344206	  80267.2	  80267.2	 
 0.00945	  4337.98	  46673.9	  46673.9	   328779	  76435.2	  76435.2	 
  0.0095	  3683.98	  41724.7	  41724.7	   313620	    72558	    72558	 
 0.00955	  3365.39	  38064.1	  38064.1	   298824	    69022	    69022	 
  0.0096	  3065.81	  34695.5	  34695.5	   284313	  65564.6	  65564.6	 
 0.00965	  2787.58	    31606	    31606	   270141	  62198.9	  62198.9	 
  0.0097	  2487.96	  28646.2	  28646.2	   256325	  58895.5	  58895.5	 
 0.00975	  1928.29	  25059.9	  25059.9	   242767	  55447.3	  55447.3	 
  0.0098	  1743.84	  22795.7	  22795.7	   229744	  52409.9	  52409.9	 
 0.00985	  1584.69	  20759.9	  20759.9	   217177	  49493.6	  49493.6	 
  0.0099	  1427.63	  18864.9	  18864.9	   205017	  46669.1	  46669.1	 
 0.00995	  1301.49	  17193.4	  17193.4	   193265	  43959.6	  43959.6	 
    0.01	   1189.4	  15679.6	  15679.6	   181915	  41350.3	  41350.3	 
 0.01005	  1083.34	  14286.4	  14286.4	   170977	    38837	    38837	 
  0.0101	   989.11	  13023.8	  13023.8	   160063	  36338.5	  36338.5	 
 0.01015	  899.452	  11860.6	  11860.6	   150299	    34099	    34099	 
  0.0102	  809.633	  10774.2	  10774.2	   140965	    31955	    31955	 
 0.01025	  733.352	  9801.97	  9801.97	   131466	  29784.7	  29784.7	 
  0.0103	  665.095	  8919.45	  8919.45	   123082	  27868.6	  27868.6	 
 0.01035	  598.034	  8099.81	  8099.81	   114940	  26007.2	  26007.2	 
  0.0104	  519.764	  7301.36	  7301.36	   107409	  24272.6	  24272.6	 
 0.01045	   429.57	  6515.38	  6515.38	   100277	  22617.6	  22617.6	 
  0.0105	  390.591	  5932.71	  5932.71	  93549.4	  21092.3	  21092.3	 
 0.01055	  250.162	  5074.65	  5074.65	  87164.2	  19564.2	  19564.2	 
  0.0106	  226.305	  4617.21	  4617.21	  81184.5	  18216.8	  18216.8	 
 0.01065	  202.422	  4193.33	  4193.33	  75551.6	  16946.5	  16946.5	 
  0.0107	  74.6653	  3472.23	  3472.23	  70226.1	  15663.7	  15663.7	 
 0.01075	  66.3338	  3156.79	  3156.79	  65257.3	    14553	    14553	 
  0.0108	  26.6104	  2766.52	  2766.52	  60587.6	  13484.4	  13484.4	 
 0.01085	  23.6334	  2517.29	  2517.29	  56174.9	  12501.5	  12501.5	 
  0.0109	  22.0816	  2293.98	  2293.98	  52100.3	  11594.9	  11594.9	 
 0.01095	  20.5299	  2090.08	  2090.08	  48292.6	  10747.5	  10747.5	 
   0.011	  18.9782	  1903.83	  1903.83	  44736.4	  9956.07	  9956.07	 
 0.01105	  17.4264	  1733.68	  1733.68	  41416.5	  9217.11	  9217.11	 
  0.0111	  15.8747	  1578.23	  1578.23	  38325.2	  8528.96	  8528.96	 
 0.01115	  14.3229	  1436.13	  1436.13	  35443.6	   7887.4	   7887.4	 
  0.0112	  12.7711	  1306.25	  1306.25	  32763.1	  7290.55	  7290.55	 
 0.01125	  11.2192	  1187.48	  1187.48	    30271	  6735.54	  6735.54	 
  0.0113	 7.7001e-33	  1047.78	  1047.78	  27951.9	  6211.47	  6211.47	 
 0.01135	 7.7001e-33	  953.401	  953.401	  25802.1	  5733.74	  5733.74	 
  0.0114	 7.7001e-33	  867.478	  867.478	    23807	  5290.39	  5290.39	 
 0.01145	 7.7001e-33	  789.212	  789.212	  21957.1	   4879.3	   4879.3	 
  0.0115	 7.7001e-33	  717.948	  717.948	  20242.5	  4498.28	  4498.28	 
 0.01155	 7.7001e-33	  653.059	  653.059	  18654.8	  4145.47	  4145.47	 
  0.0116	 7.7001e-33	  594.003	  594.003	  17184.9	  3818.82	  3818.82	 
 0.01165	 7.7001e-33	  540.212	  540.212	  15825.5	  3516.73	  3516.73	 
  0.0117	 7.7001e-33	  491.258	  491.258	  14568.2	  3237.34	  3237.34	 
 0.01175	 7.7001e-33	  446.713	  446.713	  13406.2	  2979.12	  2979.12	 
  0.0118	 7.7001e-33	  406.151	  406.151	    12333	  2740.64	  2740.64	 
 0.01185	 7.7001e-33	  369.259	  369.259	  11342.5	  2520.53	  2520.53	 
  0.0119	 7.7001e-33	  335.693	  335.693	  10428.2	  2317.36	  2317.36	 
 0.01195	 7.7001e-33	  305.143	  305.143	  9584.85	  2129.94	  2129.94	 
   0.012	 7.7001e-33	  277.352	  277.352	  8807.39	  1957.18	  1957.18	 
 0.01205	 7.7001e-33	  252.074	  252.074	   8090.9	  1797.96	  1797.96	 
  0.0121	 7.7001e-33	  229.082	  229.082	  7430.83	  1651.28	  1651.28	 
 0.01215	 7.7001e-33	  208.171	  208.171	  6822.96	   1516.2	   1516.2	 
  0.0122	 7.7001e-33	  189.156	  189.156	   6263.5	  1391.87	  1391.87	 
 0.01225	 7.7001e-33	  171.864	  171.864	  5748.62	  1277.46	  1277.46	 
  0.0123	 7.7001e-33	  156.141	  156.141	   5274.9	  1172.19	  1172.19	 
 0.01235	 7.7001e-33	  141.848	  141.848	   4839.3	  1075.39	  1075.39	 
  0.0124	 7.7001e-33	  128.856	  128.856	  4438.76	  986.379	  986.379	 
 0.01245	 7.7001e-33	  117.044	  117.044	  4070.99	  904.654	  904.654	 
  0.0125	 7.7001e-33	  106.306	  106.306	  3732.79	    829.5	    829.5	 
 0.01255	 7.7001e-33	  96.5482	  96.5482	  3422.15	   760.47	   760.47	 
  0.0126	 7.7001e-33	  87.6826	  87.6826	  3136.89	  697.079	  697.079	 
 0.01265	 7.7001e-33	  79.6239	  79.6239	     2875	  638.881	  638.881	 
  0.0127	 7.7001e-33	  72.3011	  72.3011	  2634.56	   585.45	   585.45	 
 0.01275	 7.7001e-33	  65.6487	  65.6487	  2413.89	  536.415	  536.415	 
  0.0128	 7.7001e-33	  59.6041	  59.6041	  2211.37	  491.411	  491.411	 
 0.01285	 7.7001e-33	  54.1135	  54.1135	  2025.62	  450.133	  450.133	 
  0.0129	 7.7001e-33	  49.1257	  49.1257	  1855.19	   412.26	   412.26	 
 0.01295	 7.7001e-33	  44.5951	  44.5951	   1698.9	  377.529	  377.529	 
   0.013	 7.7001e-33	  40.4792	  40.4792	  1555.53	  345.669	  345.669	 
 0.01305	 7.7001e-33	   36.741	   36.741	  1424.08	  316.459	  316.459	 
  0.0131	 7.7001e-33	  33.3491	  33.3491	  1303.58	  289.681	  289.681	 
 0.01315	 7.7001e-33	  30.2669	  30.2669	  1193.13	  265.137	  265.137	 
  0.0132	 7.7001e-33	  27.4663	  27.4663	  1091.87	  242.635	  242.635	 
 0.01325	 7.7001e-33	  24.9249	  24.9249	  999.073	  222.014	  222.014	 
  0.0133	 7.7001e-33	  22.6172	  22.6172	  914.009	  203.111	  203.111	 
 0.01335	 7.7001e-33	  20.5225	  20.5225	  836.111	    185.8	    185.8	 
  0.0134	 7.7001e-33	  18.6205	  18.6205	   764.73	  169.938	  169.938	 
 0.01345	 7.7001e-33	  16.8939	  16.8939	  699.332	  155.405	  155.405	 
  0.0135	 7.7001e-33	  15.3266	  15.3266	  639.422	  142.092	  142.092	 
 0.01355	 7.7001e-33	   13.904	   13.904	   584.58	  129.905	  129.905	 
  0.0136	 7.7001e-33	  12.6128	  12.6128	   534.35	  118.743	  118.743	 
 0.01365	 7.7001e-33	  11.4412	  11.4412	  488.389	   108.53	   108.53	 
  0.0137	 7.7001e-33	  10.3777	  10.3777	  446.315	  99.1799	  99.1799	 
 0.01375	 7.7001e-33	  9.41263	  9.41263	  407.785	  90.6178	  90.6178	 
  0.0138	 7.7001e-33	  8.53697	  8.53697	  372.525	  82.7823	  82.7823	 
 0.01385	 7.7001e-33	  7.74219	  7.74219	  340.272	  75.6151	  75.6151	 
  0.0139	 7.7001e-33	  7.02119	  7.02119	  310.766	  69.0584	  69.0584	 
 0.01395	 7.7001e-33	  6.36714	  6.36714	   283.78	  63.0615	  63.0615	 
   0.014	 7.7001e-33	  5.77353	  5.77353	    259.1	   57.577	   57.577	 
 0.01405	 7.7001e-33	  5.23498	  5.23498	  236.534	  52.5626	  52.5626	 
  0.0141	 7.7001e-33	  4.74663	  4.74663	  215.901	  47.9775	  47.9775	 
 0.01415	 7.7001e-33	  4.30367	  4.30367	  197.044	   43.787	   43.787	 
  0.0142	 7.7001e-33	  3.90158	  3.90158	  179.814	  39.9582	  39.9582	 
 0.01425	 7.7001e-33	   3.5372	   3.5372	  164.067	  36.4588	  36.4588	 
  0.0143	 7.7001e-33	  3.20658	  3.20658	   149.68	  33.2618	  33.2618	 
 0.01435	 7.7001e-33	  2.90688	  2.90688	  136.535	  30.3409	  30.3409	 
  0.0144	 7.7001e-33	  2.63484	  2.63484	  124.534	   27.674	   27.674	 
 0.01445	 7.7001e-33	  2.38823	  2.38823	  113.574	  25.2383	  25.2383	 
  0.0145	 7.7001e-33	  2.16464	  2.16464	  103.566	  23.0144	  23.0144	 
 0.01455	 7.7001e-33	  1.96191	  1.96191	  94.4269	  20.9835	  20.9835	 
  0.0146	 7.7001e-33	  1.77804	  1.77804	  86.0883	  19.1305	  19.1305	 
 0.01465	 7.7001e-33	  1.61135	  1.61135	  78.4776	  17.4393	  17.4393	 
  0.0147	 7.7001e-33	  1.46024	  1.46024	    71.53	  15.8954	  15.8954	 
 0.01475	 7.7001e-33	  1.32325	  1.32325	  65.1922	   14.487	   14.487	 
  0.0148	 7.7001e-33	  1.19904	  1.19904	   59.407	  13.2014	  13.2014	 
 0.01485	 7.7001e-33	  1.08643	  1.08643	  54.1325	  12.0293	  12.0293	 
  0.0149	 7.7001e-33	 0.984396	 0.984396	  49.3229	  10.9605	  10.9605	 
 0.01495	 7.7001e-33	 0.891889	 0.891889	  44.9325	   9.9849	   9.9849	 
   0.015	 7.7001e-33	 0.808029	 0.808029	  40.9309	  9.09566	  9.09566	 
 0.01505	 7.7001e-33	 0.732023	 0.732023	  37.2822	  8.28484	  8.28484	 
  0.0151	 7.7001e-33	 0.663159	 0.663159	  33.9555	  7.54558	  7.54558	 
 0.01515	 7.7001e-33	 0.600731	 0.600731	   30.923	  6.87171	  6.87171	 
  0.0152	 7.7001e-33	 0.544171	 0.544171	  28.1589	  6.25746	  6.25746	 
 0.01525	 7.7001e-33	 0.492911	 0.492911	  25.6394	  5.69757	  5.69757	 
  0.0153	 7.7001e-33	  0.44647	  0.44647	  23.3436	   5.1874	   5.1874	 
 0.01535	 7.7001e-33	 0.404394	 0.404394	  21.2513	  4.72246	  4.72246	 
  0.0154	 7.7001e-33	 0.366258	 0.366258	   19.345	  4.29884	  4.29884	 
 0.01545	 7.7001e-33	 0.331693	 0.331693	  17.6083	  3.91291	  3.91291	 
  0.0155	 7.7001e-33	 0.300387	 0.300387	  16.0259	  3.56128	  3.56128	 
 0.01555	 7.7001e-33	 0.272031	 0.272031	   14.585	  3.24107	  3.24107	 
  0.0156	 7.7001e-33	 0.246339	 0.246339	  13.2721	  2.94931	  2.94931	 
 0.01565	 7.7001e-33	 0.223064	 0.223064	  12.0769	  2.68373	  2.68373	 
  0.0157	 7.7001e-33	 0.201983	 0.201983	  10.9881	  2.44177	  2.44177	 
 0.01575	 7.7001e-33	 0.182884	 0.182884	  9.99683	  2.22149	  2.22149	 
  0.0158	 7.7001e-33	 0.165588	 0.165588	  9.09436	  2.02095	  2.02095	 
 0.01585	 7.7001e-33	 0.149922	 0.149922	   8.2727	  1.83836	  1.83836	 
  0.0159	 7.7001e-33	 0.135731	 0.135731	  7.52458	  1.67211	  1.67211	 
 0.01595	 7.7001e-33	 0.122881	 0.122881	  6.84392	  1.52085	  1.52085	 
   0.016	 7.7001e-33	 0.111241	 0.111241	  6.22424	  1.38315	  1.38315	 
 0.01605	 7.7001e-33	 0.100702	 0.100702	   5.6602	  1.25781	  1.25781	 
  0.0161	 7.7001e-33	 0.091158	 0.091158	  5.14685	  1.14373	  1.14373	 
 0.01615	 7.7001e-33	 0.0825147	 0.0825147	  4.67962	   1.0399	   1.0399	 
  0.0162	 7.7001e-33	 0.0746874	 0.0746874	  4.25468	 0.945474	 0.945474	 
 0.01625	 7.7001e-33	 0.0676021	 0.0676021	  3.86824	 0.859599	 0.859599	 
  0.0163	 7.7001e-33	 0.0611853	 0.0611853	   3.5164	 0.781413	 0.781413	 
 0.01635	 7.7001e-33	 0.0553775	 0.0553775	  3.19642	 0.710308	 0.710308	 
  0.0164	 7.7001e-33	 0.0501165	 0.0501165	  2.90537	 0.645631	 0.645631	 
 0.01645	 7.7001e-33	 0.0453567	 0.0453567	  2.64062	 0.586797	 0.586797	 
  0.0165	 7.7001e-33	 0.0410445	 0.0410445	  2.39987	 0.533298	 0.533298	 
 0.01655	 7.7001e-33	 0.0371428	 0.0371428	  2.18092	 0.484644	 0.484644	 
  0.0166	 7.7001e-33	 0.0336122	 0.0336122	   1.9818	 0.440394	 0.440394	 
 0.01665	 7.7001e-33	 0.030413	 0.030413	  1.80073	 0.400158	 0.400158	 
  0.0167	 7.7001e-33	 0.0275199	 0.0275199	  1.63613	 0.363581	 0.363581	 
 0.01675	 7.7001e-33	 0.0249006	 0.0249006	  1.48647	 0.330323	 0.330323	 
  0.0168	 7.7001e-33	 0.0225296	 0.0225296	  1.35042	 0.300089	 0.300089	 
 0.01685	 7.7001e-33	 0.0203835	 0.0203835	  1.22675	 0.272607	 0.272607	 
  0.0169	 7.7001e-33	 0.0184416	 0.0184416	  1.11432	 0.247624	 0.247624	 
 0.01695	 7.7001e-33	 0.016684	 0.016684	  1.01214	 0.224918	 0.224918	 
   0.017	 7.7001e-33	 0.0150931	 0.0150931	 0.919269	  0.20428	  0.20428	 
 0.01705	 7.7001e-33	 0.0136541	 0.0136541	 0.834891	 0.185529	 0.185529	 
  0.0171	 7.7001e-33	 0.0123515	 0.0123515	 0.758212	  0.16849	  0.16849	 
 0.01715	 7.7001e-33	 0.0111729	 0.0111729	 0.688508	    0.153	    0.153	 
  0.0172	 7.7001e-33	 0.0101064	 0.0101064	 0.625168	 0.138925	 0.138925	 
 0.01725	 7.7001e-33	 0.00914127	 0.00914127	 0.567659	 0.126145	 0.126145	 
  0.0173	 7.7001e-33	 0.00826814	 0.00826814	 0.515409	 0.114534	 0.114534	 
 0.01735	 7.7001e-33	 0.00747824	 0.00747824	 0.467923	 0.103982	 0.103982	 
  0.0174	 7.7001e-33	 0.00676365	 0.00676365	 0.424782	 0.094395	 0.094395	 
 0.01745	 7.7001e-33	 0.00611699	 0.00611699	 0.385604	 0.0856889	 0.0856889	 
  0.0175	 7.7001e-33	 0.00553205	 0.00553205	 0.350024	 0.0777823	 0.0777823	 
 0.01755	 7.7001e-33	 0.00500313	 0.00500313	 0.317706	 0.0706006	 0.0706006	 
  0.0176	 7.7001e-33	 0.00452433	 0.00452433	 0.288361	 0.0640795	 0.0640795	 
 0.01765	 7.7001e-33	 0.00409138	 0.00409138	  0.26171	 0.0581571	 0.0581571	 
  0.0177	 7.7001e-33	 0.00369976	 0.00369976	 0.237506	 0.0527785	 0.0527785	 
 0.01775	 7.7001e-33	 0.00334549	 0.00334549	 0.215531	 0.0478953	 0.0478953	 
  0.0178	 7.7001e-33	 0.00302491	 0.00302491	  0.19558	 0.0434618	 0.0434618	 
 0.01785	 7.7001e-33	 0.00273514	 0.00273514	 0.177466	 0.0394365	 0.0394365	 
  0.0179	 7.7001e-33	 0.00247303	 0.00247303	 0.161022	 0.0357822	 0.0357822	 
 0.01795	 7.7001e-33	 0.00223593	 0.00223593	  0.14609	 0.032464	 0.032464	 
   0.018	 7.7001e-33	 0.00202153	 0.00202153	 0.132538	 0.0294525	 0.0294525	 
 0.01805	 7.7001e-33	 0.00182764	 0.00182764	 0.120239	 0.0267195	 0.0267195	 
  0.0181	 7.7001e-33	 0.00165229	 0.00165229	 0.109073	 0.0242381	 0.0242381	 
 0.01815	 7.7001e-33	 0.00149372	 0.00149372	 0.0989392	 0.0219862	 0.0219862	 
  0.0182	 7.7001e-33	 0.00135035	 0.00135035	 0.0897431	 0.0199427	 0.0199427	 
 0.01825	 7.7001e-33	 0.0012207	 0.0012207	 0.0814007	 0.0180888	 0.0180888	 
  0.0183	 7.7001e-33	 0.00110344	 0.00110344	 0.0738281	 0.0164061	 0.0164061	 
 0.01835	 7.7001e-33	 0.000997445	 0.000997445	 0.0669567	 0.0148791	 0.0148791	 
  0.0184	 7.7001e-33	 0.000901607	 0.000901607	 0.0607218	 0.0134936	 0.0134936	 
 0.01845	 7.7001e-33	 0.000814936	 0.000814936	 0.0550624	 0.0122359	 0.0122359	 
  0.0185	 7.7001e-33	 0.000736584	 0.000736584	 0.0499289	 0.0110952	 0.0110952	 
 0.01855	 7.7001e-33	 0.000665757	 0.000665757	 0.0452755	 0.0100611	 0.0100611	 
  0.0186	 7.7001e-33	 0.000601719	 0.000601719	 0.0410491	 0.00912191	 0.00912191	 
 0.01865	 7.7001e-33	 0.000543821	 0.000543821	 0.0372189	 0.00827078	 0.00827078	 
  0.0187	 7.7001e-33	 0.000491496	 0.000491496	 0.0337432	 0.00749841	 0.00749841	 
 0.01875	 7.7001e-33	 0.000444178	 0.000444178	 0.0305911	 0.00679794	 0.00679794	 
  0.0188	 7.7001e-33	 0.000401415	 0.000401415	 0.027732	 0.0061626	 0.0061626	 
 0.01885	 7.7001e-33	 0.000362753	 0.000362753	 0.025139	 0.00558638	 0.00558638	 
  0.0189	 7.7001e-33	 0.000327825	 0.000327825	 0.0227872	 0.00506376	 0.00506376	 
 0.01895	 7.7001e-33	 0.000296236	 0.000296236	 0.0206549	 0.00458992	 0.00458992	 
   0.019	 7.7001e-33	 0.000267681	 0.000267681	 0.0187208	 0.00416012	 0.00416012	 
 0.01905	 7.7001e-33	 0.000241882	 0.000241882	 0.0169673	 0.00377046	 0.00377046	 
  0.0191	 7.7001e-33	 0.00021856	 0.00021856	 0.0153773	 0.00341714	 0.00341714	 
 0.01915	 7.7001e-33	 0.000197484	 0.000197484	 0.0139359	 0.00309684	 0.00309684	 
  0.0192	 7.7001e-33	 0.000178436	 0.000178436	 0.0126287	 0.00280636	 0.00280636	 
 0.01925	 7.7001e-33	 0.000161221	 0.000161221	 0.0114439	 0.00254306	 0.00254306	 
  0.0193	 7.7001e-33	 0.000145666	 0.000145666	 0.0103699	 0.0023044	 0.0023044	 
 0.01935	 7.7001e-33	 0.000131607	 0.000131607	 0.0093962	 0.00208802	 0.00208802	 
  0.0194	 7.7001e-33	 0.000118903	 0.000118903	 0.00851355	 0.00189188	 0.00189188	 
 0.01945	 7.7001e-33	 0.000107423	 0.000107423	 0.00771323	 0.00171403	 0.00171403	 
  0.0195	 7.7001e-33	 9.70491e-05	 9.70491e-05	 0.00698798	 0.00155287	 0.00155287	 
 0.01955	 7.7001e-33	 8.76762e-05	 8.76762e-05	 0.00633095	 0.00140686	 0.00140686	 
  0.0196	 7.7001e-33	 7.92083e-05	 7.92083e-05	 0.00573528	 0.00127449	 0.00127449	 
 0.01965	 7.7001e-33	 7.15549e-05	 7.15549e-05	 0.00519525	 0.00115449	 0.00115449	 
  0.0197	 7.7001e-33	 6.46422e-05	 6.46422e-05	 0.00470629	 0.00104583	 0.00104583	 
 0.01975	 7.7001e-33	 5.83942e-05	 5.83942e-05	 0.00426306	 0.000947337	 0.000947337	 
  0.0198	 7.7001e-33	 5.27513e-05	 5.27513e-05	 0.003861	 0.00085799	 0.00085799	 
 0.01985	 7.7001e-33	 4.7654e-05	 4.7654e-05	 0.00349715	 0.000777137	 0.000777137	 
  0.0199	 7.7001e-33	 4.30487e-05	 4.30487e-05	 0.00316738	 0.000703855	 0.000703855	 
 0.01995	 7.7001e-33	 3.88874e-05	 3.88874e-05	 0.00286852	 0.000637441	 0.000637441	 
    0.02	 7.7001e-33	 3.51276e-05	 3.51276e-05	 0.00259782	 0.000577286	 0.000577286	 
 0.02005	 7.7001e-33	 3.17325e-05	 3.17325e-05	 0.00235254	 0.00052278	 0.00052278	 
  0.0201	 7.7001e-33	 2.86654e-05	 2.86654e-05	 0.00213035	 0.000473406	 0.000473406	 
 0.02015	 7.7001e-33	 2.58946e-05	 2.58946e-05	 0.00192909	 0.000428681	 0.000428681	 
  0.0202	 7.7001e-33	 2.33921e-05	 2.33921e-05	 0.00174677	 0.000388166	 0.000388166	 
 0.02025	 7.7001e-33	 2.11319e-05	 2.11319e-05	 0.00158159	 0.000351462	 0.000351462	 
  0.0203	 7.7001e-33	 1.90924e-05	 1.90924e-05	 0.00143201	 0.000318221	 0.000318221	 
 0.02035	 7.7001e-33	 1.72489e-05	 1.72489e-05	 0.00129653	 0.000288114	 0.000288114	 
  0.0204	 7.7001e-33	 1.55841e-05	 1.55841e-05	 0.00117381	 0.000260844	 0.000260844	 
 0.02045	 7.7001e-33	 1.40806e-05	 1.40806e-05	 0.00106264	 0.00023614	 0.00023614	 
  0.0205	 7.7001e-33	 1.27228e-05	 1.27228e-05	 0.00096199	 0.000213773	 0.000213773	 
 0.02055	 7.7001e-33	 1.1497e-05	 1.1497e-05	 0.000870868	 0.000193524	 0.000193524	 
  0.0206	 7.7001e-33	 1.03899e-05	 1.03899e-05	 0.00078832	 0.00017518	 0.00017518	 
 0.02065	 7.7001e-33	 9.39016e-06	 9.39016e-06	 0.000713585	 0.000158573	 0.000158573	 
  0.0207	 7.7001e-33	 8.48744e-06	 8.48744e-06	 0.0006459	 0.000143532	 0.000143532	 
 0.02075	 7.7001e-33	 7.67261e-06	 7.67261e-06	 0.000584618	 0.000129914	 0.000129914	 
  0.0208	 7.7001e-33	 6.93666e-06	 6.93666e-06	 0.000529129	 0.000117583	 0.000117583	 
 0.02085	 7.7001e-33	 6.27221e-06	 6.27221e-06	 0.000478899	 0.000106421	 0.000106421	 
  0.0209	 7.7001e-33	 5.67249e-06	 5.67249e-06	 0.000433395	 9.63089e-05	 9.63089e-05	 
 0.02095	 7.7001e-33	 5.131e-06	 5.131e-06	 0.000392236	 8.71625e-05	 8.71625e-05	 
   0.021	 7.7001e-33	 4.64235e-06	 4.64235e-06	 0.000354956	 7.88781e-05	 7.88781e-05	 
 0.02105	 7.7001e-33	 4.20092e-06	 4.20092e-06	 0.000321212	 7.13797e-05	 7.13797e-05	 
  0.0211	 7.7001e-33	 3.80244e-06	 3.80244e-06	 0.000290667	 6.45919e-05	 6.45919e-05	 
 0.02115	 7.7001e-33	 3.44242e-06	 3.44242e-06	 0.000263017	 5.84476e-05	 5.84476e-05	 
  0.0212	 7.7001e-33	 3.11771e-06	 3.11771e-06	 0.00023799	 5.28861e-05	 5.28861e-05	 
 0.02125	 7.7001e-33	 2.82438e-06	 2.82438e-06	 0.000215337	 4.78521e-05	 4.78521e-05	 
  0.0213	 7.7001e-33	 2.55952e-06	 2.55952e-06	 0.000194833	 4.32958e-05	 4.32958e-05	 
 0.02135	 7.7001e-33	 2.32031e-06	 2.32031e-06	 0.000176274	 3.91714e-05	 3.91714e-05	 
  0.0214	 7.7001e-33	 2.10432e-06	 2.10432e-06	 0.000159482	 3.544e-05	 3.544e-05	 
 0.02145	 7.7001e-33	 1.90921e-06	 1.90921e-06	 0.00014428	 3.20618e-05	 3.20618e-05	 
  0.0215	 7.7001e-33	 1.73298e-06	 1.73298e-06	 0.000130525	 2.90053e-05	 2.90053e-05	 
 0.02155	 7.7001e-33	 1.57374e-06	 1.57374e-06	 0.000118078	 2.62394e-05	 2.62394e-05	 
  0.0216	 7.7001e-33	 1.42987e-06	 1.42987e-06	 0.000106817	 2.37368e-05	 2.37368e-05	 
 0.02165	 7.7001e-33	 1.29986e-06	 1.29986e-06	 9.66221e-05	 2.14713e-05	 2.14713e-05	 
  0.0217	 7.7001e-33	 1.18236e-06	 1.18236e-06	 8.73993e-05	 1.94218e-05	 1.94218e-05	 
 0.02175	 7.7001e-33	 1.07612e-06	 1.07612e-06	 7.90569e-05	 1.7568e-05	 1.7568e-05	 
  0.0218	 7.7001e-33	 9.80049e-07	 9.80049e-07	 7.15071e-05	 1.58903e-05	 1.58903e-05	 
 0.02185	 7.7001e-33	 8.94158e-07	 8.94158e-07	 6.46739e-05	 1.43718e-05	 1.43718e-05	 
  0.0219	 7.7001e-33	 8.15722e-07	 8.15722e-07	 5.84923e-05	 1.29981e-05	 1.29981e-05	 
 0.02195	 7.7001e-33	 7.44804e-07	 7.44804e-07	 5.29015e-05	 1.17558e-05	 1.17558e-05	 
   0.022	 7.7001e-33	 6.80641e-07	 6.80641e-07	 4.78442e-05	 1.06319e-05	 1.06319e-05	 
 0.02205	 7.7001e-33	 6.22555e-07	 6.22555e-07	 4.32671e-05	 9.6148e-06	 9.6148e-06	 
  0.0221	 7.7001e-33	 5.70008e-07	 5.70008e-07	 3.91283e-05	 8.69508e-06	 8.69508e-06	 
 0.02215	 7.7001e-33	 5.2238e-07	 5.2238e-07	 3.53843e-05	 7.86308e-06	 7.86308e-06	 
  0.0222	 7.7001e-33	 4.79272e-07	 4.79272e-07	 3.19974e-05	 7.11045e-06	 7.11045e-06	 
 0.02225	 7.7001e-33	 4.40179e-07	 4.40179e-07	 2.89337e-05	 6.42963e-06	 6.42963e-06	 
  0.0223	 7.7001e-33	 4.04732e-07	 4.04732e-07	 2.61622e-05	 5.81377e-06	 5.81377e-06	 
 0.02235	 7.7001e-33	 3.72591e-07	 3.72591e-07	 2.36557e-05	 5.25676e-06	 5.25676e-06	 
  0.0224	 7.7001e-33	 3.43418e-07	 3.43418e-07	 2.13889e-05	 4.75303e-06	 4.75303e-06	 
 0.02245	 7.7001e-33	 3.16929e-07	 3.16929e-07	 1.93385e-05	 4.2974e-06	 4.2974e-06	 
  0.0225	 7.7001e-33	 2.92843e-07	 2.92843e-07	 1.74844e-05	 3.88539e-06	 3.88539e-06	 
 0.02255	 7.7001e-33	 2.70936e-07	 2.70936e-07	 1.58076e-05	 3.51275e-06	 3.51275e-06	 
  0.0226	 7.7001e-33	 2.51002e-07	 2.51002e-07	 1.42911e-05	 3.17577e-06	 3.17577e-06	 
 0.02265	 7.7001e-33	 2.3284e-07	 2.3284e-07	 1.29199e-05	 2.87106e-06	 2.87106e-06	 
  0.0227	 7.7001e-33	 2.16285e-07	 2.16285e-07	 1.16798e-05	 2.59548e-06	 2.59548e-06	 
 0.02275	 7.7001e-33	 2.01175e-07	 2.01175e-07	 1.05582e-05	 2.34624e-06	 2.34624e-06	 
  0.0228	 7.7001e-33	 1.87374e-07	 1.87374e-07	 9.54445e-06	 2.12096e-06	 2.12096e-06	 
 0.02285	 7.7001e-33	 1.74753e-07	 1.74753e-07	 8.62751e-06	 1.9172e-06	 1.9172e-06	 
  0.0229	 7.7001e-33	 1.632e-07	 1.632e-07	 7.7986e-06	 1.733e-06	 1.733e-06	 
 0.02295	 7.7001e-33	 1.52617e-07	 1.52617e-07	 7.04896e-06	 1.56642e-06	 1.56642e-06	 
   0.023	 7.7001e-33	 1.42909e-07	 1.42909e-07	 6.37135e-06	 1.41584e-06	 1.41584e-06	 
 0.02305	 7.7001e-33	 1.33992e-07	 1.33992e-07	 5.75891e-06	 1.27974e-06	 1.27974e-06	 
  0.0231	 7.7001e-33	 1.25798e-07	 1.25798e-07	 5.20478e-06	 1.1566e-06	 1.1566e-06	 
 0.02315	 7.7001e-33	 1.1826e-07	 1.1826e-07	 4.70401e-06	 1.04532e-06	 1.04532e-06	 
  0.0232	 7.7001e-33	 1.11314e-07	 1.11314e-07	 4.25163e-06	 9.44796e-07	 9.44796e-07	 
 0.02325	 7.7001e-33	 1.0491e-07	 1.0491e-07	 3.84232e-06	 8.5384e-07	 8.5384e-07	 
  0.0233	 7.7001e-33	 9.89965e-08	 9.89965e-08	 3.47234e-06	 7.71623e-07	 7.71623e-07	 
 0.02335	 7.7001e-33	 9.35347e-08	 9.35347e-08	 3.13796e-06	 6.97317e-07	 6.97317e-07	 
  0.0234	 7.7001e-33	 9.18729e-08	 9.18729e-08	 2.8357e-06	 6.30149e-07	 6.30149e-07	 
 0.02345	 7.7001e-33	 8.78859e-08	 8.78859e-08	 2.56249e-06	 5.69436e-07	 5.69436e-07	 
  0.0235	 7.7001e-33	 8.4306e-08	 8.4306e-08	 2.31557e-06	 5.14565e-07	 5.14565e-07	 
 0.02355	 7.7001e-33	 8.11021e-08	 8.11021e-08	 2.09235e-06	 4.64963e-07	 4.64963e-07	 
  0.0236	 7.7001e-33	 7.82516e-08	 7.82516e-08	 1.8906e-06	 4.20128e-07	 4.20128e-07	 
 0.02365	 7.7001e-33	 7.57262e-08	 7.57262e-08	 1.70828e-06	 3.79612e-07	 3.79612e-07	 
  0.0237	 7.7001e-33	 7.35033e-08	 7.35033e-08	 1.54348e-06	 3.42993e-07	 3.42993e-07	 
 0.02375	 7.7001e-33	 7.15632e-08	 7.15632e-08	 1.39459e-06	 3.09904e-07	 3.09904e-07	 
  0.0238	 7.7001e-33	 6.98834e-08	 6.98834e-08	 1.25998e-06	 2.79992e-07	 2.79992e-07	 
 0.02385	 7.7001e-33	 6.84497e-08	 6.84497e-08	 1.13837e-06	 2.52968e-07	 2.52968e-07	 
  0.0239	 7.7001e-33	 6.72424e-08	 6.72424e-08	 1.02846e-06	 2.28543e-07	 2.28543e-07	 
 0.02395	 7.7001e-33	 6.62448e-08	 6.62448e-08	 9.2914e-07	 2.06473e-07	 2.06473e-07	 
   0.024	 7.7001e-33	 6.54453e-08	 6.54453e-08	 8.39389e-07	 1.86529e-07	 1.86529e-07	 
 0.02405	 7.7001e-33	 6.48274e-08	 6.48274e-08	 7.58289e-07	 1.68507e-07	 1.68507e-07	 
  0.0241	 7.7001e-33	 6.43769e-08	 6.43769e-08	 6.85002e-07	 1.52221e-07	 1.52221e-07	 
 0.02415	 7.7001e-33	 6.4088e-08	 6.4088e-08	 6.18804e-07	 1.3751e-07	 1.3751e-07	 
  0.0242	 7.7001e-33	 6.39443e-08	 6.39443e-08	 5.5897e-07	 1.24214e-07	 1.24214e-07	 
 0.02425	 7.7001e-33	 6.39371e-08	 6.39371e-08	 5.04891e-07	 1.12197e-07	 1.12197e-07	 
  0.0243	 7.7001e-33	 6.40608e-08	 6.40608e-08	 4.56071e-07	 1.01348e-07	 1.01348e-07	 
 0.02435	 7.7001e-33	 6.43014e-08	 6.43014e-08	 4.11939e-07	 9.15409e-08	 9.15409e-08	 
  0.0244	 7.7001e-33	 6.46507e-08	 6.46507e-08	 3.72086e-07	 8.26849e-08	 8.26849e-08	 
 0.02445	 7.7001e-33	 6.51056e-08	 6.51056e-08	 3.36072e-07	 7.46818e-08	 7.46818e-08	 
  0.0245	 7.7001e-33	 6.56524e-08	 6.56524e-08	 3.03537e-07	 6.74518e-08	 6.74518e-08	 
 0.02455	 7.7001e-33	 6.62882e-08	 6.62882e-08	 2.74146e-07	 6.09206e-08	 6.09206e-08	 
  0.0246	 7.7001e-33	 6.70018e-08	 6.70018e-08	 2.47594e-07	 5.50202e-08	 5.50202e-08	 
 0.02465	 7.7001e-33	 6.77878e-08	 6.77878e-08	 2.23611e-07	 4.96907e-08	 4.96907e-08	 
  0.0247	 7.7001e-33	 6.86377e-08	 6.86377e-08	 2.01945e-07	 4.48761e-08	 4.48761e-08	 
 0.02475	 7.7001e-33	 6.95433e-08	 6.95433e-08	 1.82371e-07	 4.05265e-08	 4.05265e-08	 
  0.0248	 7.7001e-33	 7.04934e-08	 7.04934e-08	 1.64695e-07	 3.65986e-08	 3.65986e-08	 
 0.02485	 7.7001e-33	 7.14799e-08	 7.14799e-08	 1.48727e-07	 3.30501e-08	 3.30501e-08	 
  0.0249	 7.7001e-33	 7.24915e-08	 7.24915e-08	 1.34302e-07	 2.98446e-08	 2.98446e-08	 
 0.02495	 7.7001e-33	 7.43155e-08	 7.43155e-08	 1.2128e-07	 2.69507e-08	 2.69507e-08	 
   0.025	 7.7001e-33	 7.55096e-08	 7.55096e-08	 1.09511e-07	 2.43355e-08	 2.43355e-08	 
       0	        0	        0	        0	        0	        0	        0	 
