0.000000e+00 0.000000e+00 0.000000e+00 0.000000e+00 0.000000e+00 0.000000e+00 0.000000e+00 
5.000000e-05 9.654270e+04 2.654645e+03 2.654645e+03 1.070691e+05 3.500357e+03 3.500357e+03 
1.000000e-04 9.192316e+06 3.493625e+05 3.493625e+05 1.154186e+07 4.874032e+05 4.874032e+05 
1.500000e-04 1.701315e+08 7.740604e+06 7.740604e+06 2.117720e+08 1.017268e+07 1.017268e+07 
2.000000e-04 1.280854e+09 6.824167e+07 6.824167e+07 1.536759e+09 8.318018e+07 8.318018e+07 
2.500000e-04 5.230886e+09 3.515097e+08 3.515097e+08 6.173333e+09 4.065261e+08 4.065261e+08 
3.000000e-04 1.144257e+10 8.700367e+08 8.700367e+08 1.355490e+10 9.936475e+08 9.936475e+08 
3.500000e-04 1.865764e+10 1.519834e+09 1.519834e+09 2.225517e+10 1.730449e+09 1.730449e+09 
4.000000e-04 2.706192e+10 2.303191e+09 2.303191e+09 3.231053e+10 2.610444e+09 2.610444e+09 
4.500000e-04 3.670593e+10 3.255981e+09 3.255981e+09 4.363388e+10 3.662336e+09 3.662336e+09 
5.000000e-04 4.709085e+10 4.397462e+09 4.397462e+09 5.559288e+10 4.894040e+09 4.894040e+09 
5.500000e-04 5.692564e+10 5.591628e+09 5.591628e+09 6.672985e+10 6.166086e+09 6.166086e+09 
6.000000e-04 6.549385e+10 6.767857e+09 6.767857e+09 7.632606e+10 7.400264e+09 7.400264e+09 
6.500000e-04 7.270566e+10 7.874714e+09 7.874714e+09 8.408471e+10 8.540911e+09 8.540911e+09 
7.000000e-04 7.837867e+10 8.864590e+09 8.864590e+09 8.994516e+10 9.540196e+09 9.540196e+09 
7.500000e-04 8.233870e+10 9.692222e+09 9.692222e+09 9.361785e+10 1.035441e+10 1.035441e+10 
8.000000e-04 8.456517e+10 1.034323e+10 1.034323e+10 9.541491e+10 1.097499e+10 1.097499e+10 
8.500000e-04 8.578957e+10 1.082395e+10 1.082395e+10 9.583411e+10 1.141129e+10 1.141129e+10 
9.000000e-04 8.559052e+10 1.113143e+10 1.113143e+10 9.471453e+10 1.166093e+10 1.166093e+10 
9.500000e-04 8.454571e+10 1.129584e+10 1.129584e+10 9.253599e+10 1.176389e+10 1.176389e+10 
1.000000e-03 8.241664e+10 1.130306e+10 1.130306e+10 8.912260e+10 1.170334e+10 1.170334e+10 
1.050000e-03 8.025418e+10 1.123011e+10 1.123011e+10 8.577335e+10 1.155710e+10 1.155710e+10 
1.100000e-03 7.773415e+10 1.106573e+10 1.106573e+10 8.201849e+10 1.131912e+10 1.131912e+10 
1.150000e-03 7.488548e+10 1.082558e+10 1.082558e+10 7.792134e+10 1.100446e+10 1.100446e+10 
1.200000e-03 7.173997e+10 1.051925e+10 1.051925e+10 7.356590e+10 1.063039e+10 1.063039e+10 
1.250000e-03 6.847066e+10 1.016908e+10 1.016908e+10 6.915106e+10 1.021064e+10 1.021064e+10 
1.300000e-03 6.513133e+10 9.785672e+09 9.785672e+09 6.473524e+10 9.763354e+09 9.763354e+09 
1.350000e-03 6.179555e+10 9.381553e+09 9.381553e+09 6.041613e+10 9.299973e+09 9.299973e+09 
1.400000e-03 5.847635e+10 8.959270e+09 8.959270e+09 5.619011e+10 8.824378e+09 8.824378e+09 
1.450000e-03 5.515308e+10 8.522026e+09 8.522026e+09 5.207702e+10 8.341276e+09 8.341276e+09 
1.500000e-03 5.191911e+10 8.085277e+09 8.085277e+09 4.814605e+10 7.860777e+09 7.860777e+09 
1.550000e-03 4.874905e+10 7.643503e+09 7.643503e+09 4.439000e+10 7.386391e+09 7.386391e+09 
1.600000e-03 4.573485e+10 7.212552e+09 7.212552e+09 4.089241e+10 6.926307e+09 6.926307e+09 
1.650000e-03 4.278988e+10 6.783202e+09 6.783202e+09 3.758998e+10 6.477263e+09 6.477263e+09 
1.700000e-03 3.995503e+10 6.362772e+09 6.362772e+09 3.448086e+10 6.041304e+09 6.041304e+09 
1.750000e-03 3.720609e+10 5.947932e+09 5.947932e+09 3.154861e+10 5.618866e+09 5.618866e+09 
1.800000e-03 3.463837e+10 5.555764e+09 5.555764e+09 2.887704e+10 5.221054e+09 5.221054e+09 
1.850000e-03 3.218713e+10 5.177363e+09 5.177363e+09 2.640091e+10 4.841087e+09 4.841087e+09 
1.900000e-03 2.983827e+10 4.812785e+09 4.812785e+09 2.409349e+10 4.478334e+09 4.478334e+09 
1.950000e-03 2.759630e+10 4.464768e+09 4.464768e+09 2.194011e+10 4.133028e+09 4.133028e+09 
2.000000e-03 2.549471e+10 4.138302e+09 4.138302e+09 1.997385e+10 3.810395e+09 3.810395e+09 
2.050000e-03 2.353924e+10 3.831417e+09 3.831417e+09 1.817795e+10 3.510254e+09 3.510254e+09 
2.100000e-03 2.169716e+10 3.538543e+09 3.538543e+09 1.650752e+10 3.227398e+09 3.227398e+09 
2.150000e-03 1.996921e+10 3.261743e+09 3.261743e+09 1.498392e+10 2.963800e+09 2.963800e+09 
2.200000e-03 1.833414e+10 2.998871e+09 2.998871e+09 1.358043e+10 2.716139e+09 2.716139e+09 
2.250000e-03 1.681823e+10 2.754247e+09 2.754247e+09 1.231164e+10 2.487435e+09 2.487435e+09 
2.300000e-03 1.538544e+10 2.523645e+09 2.523645e+09 1.115018e+10 2.273411e+09 2.273411e+09 
2.350000e-03 1.405462e+10 2.308873e+09 2.308873e+09 1.008904e+10 2.074913e+09 2.074913e+09 
2.400000e-03 1.279670e+10 2.105383e+09 2.105383e+09 9.093364e+09 1.887057e+09 1.887057e+09 
2.450000e-03 1.166712e+10 1.921886e+09 1.921886e+09 8.214900e+09 1.718398e+09 1.718398e+09 
2.500000e-03 1.061362e+10 1.750626e+09 1.750626e+09 7.407205e+09 1.561527e+09 1.561527e+09 
2.550000e-03 9.641970e+09 1.592626e+09 1.592626e+09 6.675448e+09 1.417476e+09 1.417476e+09 
2.600000e-03 8.751890e+09 1.447876e+09 1.447876e+09 6.018583e+09 1.286319e+09 1.286319e+09 
2.650000e-03 7.915070e+09 1.311786e+09 1.311786e+09 5.413159e+09 1.163733e+09 1.163733e+09 
2.700000e-03 7.147849e+09 1.186773e+09 1.186773e+09 4.863515e+09 1.051522e+09 1.051522e+09 
2.750000e-03 6.452325e+09 1.073169e+09 1.073169e+09 4.370466e+09 9.499159e+08 9.499159e+08 
2.800000e-03 5.806865e+09 9.675632e+08 9.675632e+08 3.916158e+09 8.557473e+08 8.557473e+08 
2.850000e-03 5.222450e+09 8.716216e+08 8.716216e+08 3.507004e+09 7.703912e+08 7.703912e+08 
2.900000e-03 4.707001e+09 7.868126e+08 7.868126e+08 3.149785e+09 6.951281e+08 6.951281e+08 
2.950000e-03 4.225143e+09 7.074999e+08 7.074999e+08 2.818854e+09 6.249333e+08 6.249333e+08 
3.000000e-03 3.800988e+09 6.375201e+08 6.375201e+08 2.530265e+09 5.630772e+08 5.630772e+08 
3.050000e-03 3.397717e+09 5.709094e+08 5.709094e+08 2.256269e+09 5.041696e+08 5.041696e+08 
3.100000e-03 3.038767e+09 5.115045e+08 5.115045e+08 2.014421e+09 4.516969e+08 4.516969e+08 
3.150000e-03 2.721784e+09 4.589157e+08 4.589157e+08 1.801633e+09 4.052233e+08 4.052233e+08 
3.200000e-03 2.433512e+09 4.110193e+08 4.110193e+08 1.609316e+09 3.629320e+08 3.629320e+08 
3.250000e-03 2.170920e+09 3.673122e+08 3.673122e+08 1.434411e+09 3.243266e+08 3.243266e+08 
3.300000e-03 1.940016e+09 3.287938e+08 3.287938e+08 1.280846e+09 2.903126e+08 2.903126e+08 
3.350000e-03 1.726535e+09 2.931395e+08 2.931395e+08 1.139423e+09 2.588574e+08 2.588574e+08 
3.400000e-03 1.535556e+09 2.611914e+08 2.611914e+08 1.013510e+09 2.307047e+08 2.307047e+08 
3.450000e-03 1.371260e+09 2.336289e+08 2.336289e+08 9.051412e+08 2.064093e+08 2.064093e+08 
3.500000e-03 1.217007e+09 2.077254e+08 2.077254e+08 8.036569e+08 1.835884e+08 1.835884e+08 
3.550000e-03 1.078485e+09 1.844217e+08 1.844217e+08 7.125423e+08 1.630528e+08 1.630528e+08 
3.600000e-03 9.588112e+08 1.642315e+08 1.642315e+08 6.336528e+08 1.452427e+08 1.452427e+08 
3.650000e-03 8.517993e+08 1.461456e+08 1.461456e+08 5.632125e+08 1.292905e+08 1.292905e+08 
3.700000e-03 7.549967e+08 1.297621e+08 1.297621e+08 4.996276e+08 1.148442e+08 1.148442e+08 
3.750000e-03 6.717472e+08 1.156422e+08 1.156422e+08 4.450649e+08 1.023972e+08 1.023972e+08 
3.800000e-03 5.927461e+08 1.022361e+08 1.022361e+08 3.934425e+08 9.058687e+07 9.058687e+07 
3.850000e-03 5.226636e+08 9.031607e+07 9.031607e+07 3.474421e+08 8.007323e+07 8.007323e+07 
3.900000e-03 4.620412e+08 7.997688e+07 7.997688e+07 3.074725e+08 7.094043e+07 7.094043e+07 
3.950000e-03 4.097057e+08 7.102816e+07 7.102816e+07 2.728959e+08 6.302981e+07 6.302981e+07 
4.000000e-03 3.630275e+08 6.303624e+07 6.303624e+07 2.420946e+08 5.596678e+07 5.596678e+07 
4.050000e-03 3.218884e+08 5.598138e+07 5.598138e+07 2.149844e+08 4.973216e+07 4.973216e+07 
4.100000e-03 2.832878e+08 4.935603e+07 4.935603e+07 1.895449e+08 4.387735e+07 4.387735e+07 
4.150000e-03 2.483125e+08 4.334299e+07 4.334299e+07 1.664487e+08 3.855862e+07 3.855862e+07 
4.200000e-03 2.187044e+08 3.824191e+07 3.824191e+07 1.469078e+08 3.404530e+07 3.404530e+07 
4.250000e-03 1.930520e+08 3.380888e+07 3.380888e+07 1.298245e+08 3.011491e+07 3.011491e+07 
4.300000e-03 1.711428e+08 3.001451e+07 3.001451e+07 1.152568e+08 2.674871e+07 2.674871e+07 
4.350000e-03 1.513099e+08 2.657596e+07 2.657596e+07 1.020632e+08 2.369855e+07 2.369855e+07 
4.400000e-03 1.329111e+08 2.338216e+07 2.338216e+07 8.980363e+07 2.086397e+07 2.086397e+07 
4.450000e-03 1.160566e+08 2.045436e+07 2.045436e+07 7.858015e+07 1.826597e+07 1.826597e+07 
4.500000e-03 1.018621e+08 1.798381e+07 1.798381e+07 6.914057e+07 1.607296e+07 1.607296e+07 
4.550000e-03 8.957934e+07 1.583980e+07 1.583980e+07 6.090480e+07 1.416561e+07 1.416561e+07 
4.600000e-03 7.940409e+07 1.405894e+07 1.405894e+07 5.407462e+07 1.257971e+07 1.257971e+07 
4.650000e-03 6.996645e+07 1.240525e+07 1.240525e+07 4.766527e+07 1.110623e+07 1.110623e+07 
4.700000e-03 6.141676e+07 1.090490e+07 1.090490e+07 4.190804e+07 9.768354e+06 9.768354e+06 
4.750000e-03 5.348861e+07 9.513909e+06 9.513909e+06 3.660017e+07 8.529492e+06 8.529492e+06 
4.800000e-03 4.686222e+07 8.348444e+06 8.348444e+06 3.213670e+07 7.490156e+06 7.490156e+06 
4.850000e-03 4.109862e+07 7.332858e+06 7.332858e+06 2.824241e+07 6.583668e+06 6.583668e+06 
4.900000e-03 3.629958e+07 6.485117e+06 6.485117e+06 2.497705e+07 5.826100e+06 5.826100e+06 
4.950000e-03 3.189610e+07 5.705801e+06 5.705801e+06 2.198162e+07 5.128653e+06 5.128653e+06 
5.000000e-03 2.800045e+07 5.015083e+06 5.015083e+06 1.932248e+07 4.509767e+06 4.509767e+06 
5.050000e-03 2.442276e+07 4.380796e+06 4.380796e+06 1.689134e+07 3.942094e+06 3.942094e+06 
5.100000e-03 2.130469e+07 3.827288e+06 3.827288e+06 1.477497e+07 3.446484e+06 3.446484e+06 
5.150000e-03 1.866890e+07 3.359047e+06 3.359047e+06 1.298548e+07 3.027564e+06 3.027564e+06 
5.200000e-03 1.640971e+07 2.956512e+06 2.956512e+06 1.143937e+07 2.666555e+06 2.666555e+06 
5.250000e-03 1.437276e+07 2.592670e+06 2.592670e+06 1.002097e+07 2.339523e+06 2.339523e+06 
5.300000e-03 1.262711e+07 2.280176e+06 2.280176e+06 8.819040e+06 2.058237e+06 2.058237e+06 
5.350000e-03 1.104204e+07 1.996580e+06 1.996580e+06 7.727650e+06 1.803386e+06 1.803386e+06 
5.400000e-03 9.619719e+06 1.741970e+06 1.741970e+06 6.724929e+06 1.574635e+06 1.574635e+06 
5.450000e-03 8.411397e+06 1.525422e+06 1.525422e+06 5.897342e+06 1.380084e+06 1.380084e+06 
5.500000e-03 7.352263e+06 1.335103e+06 1.335103e+06 5.171444e+06 1.208688e+06 1.208688e+06 
5.550000e-03 6.423321e+06 1.167801e+06 1.167801e+06 4.525729e+06 1.057754e+06 1.057754e+06 
5.600000e-03 5.645024e+06 1.027301e+06 1.027301e+06 3.977750e+06 9.308096e+05 9.308096e+05 
5.650000e-03 4.935586e+06 8.991435e+05 8.991435e+05 3.489531e+06 8.150216e+05 8.150216e+05 
5.700000e-03 4.291909e+06 7.829908e+05 7.829908e+05 3.036473e+06 7.102919e+05 7.102919e+05 
5.750000e-03 3.757480e+06 6.863669e+05 6.863669e+05 2.661186e+06 6.230828e+05 6.230828e+05 
5.800000e-03 3.267741e+06 5.977248e+05 5.977248e+05 2.305857e+06 5.430126e+05 5.430126e+05 
5.850000e-03 2.844737e+06 5.209672e+05 5.209672e+05 2.013124e+06 4.735357e+05 4.735357e+05 
5.900000e-03 2.494480e+06 4.572425e+05 4.572425e+05 1.728573e+06 4.157453e+05 4.157453e+05 
5.950000e-03 2.188442e+06 4.015140e+05 4.015140e+05 1.520929e+06 3.652069e+05 3.652069e+05 
6.000000e-03 1.905080e+06 3.499567e+05 3.499567e+05 1.328974e+06 3.185225e+05 3.185225e+05 
6.050000e-03 1.661315e+06 3.055237e+05 3.055237e+05 1.164471e+06 2.782397e+05 2.782397e+05 
6.100000e-03 1.434555e+06 2.641522e+05 2.641522e+05 1.006515e+06 2.407089e+05 2.407089e+05 
6.150000e-03 1.245923e+06 2.296773e+05 2.296773e+05 8.577538e+05 2.094040e+05 2.094040e+05 
6.200000e-03 1.071673e+06 1.976670e+05 1.976670e+05 7.510718e+05 1.801935e+05 1.801935e+05 
6.250000e-03 9.449124e+05 1.744321e+05 1.744321e+05 6.071643e+05 1.590717e+05 1.590717e+05 
6.300000e-03 8.262050e+05 1.526835e+05 1.526835e+05 5.311673e+05 1.393209e+05 1.393209e+05 
6.350000e-03 7.191256e+05 1.330489e+05 1.330489e+05 4.633483e+05 1.214820e+05 1.214820e+05 
6.400000e-03 6.090599e+05 1.127568e+05 1.127568e+05 4.032427e+05 1.029472e+05 1.029472e+05 
6.450000e-03 5.284834e+05 9.795575e+04 9.795575e+04 3.518313e+05 8.949093e+04 8.949093e+04 
6.500000e-03 4.594922e+05 8.525967e+04 8.525967e+04 2.888809e+05 7.793292e+04 7.793292e+04 
6.550000e-03 3.767250e+05 6.984710e+04 6.984710e+04 2.561522e+05 6.374714e+04 6.374714e+04 
6.600000e-03 3.301780e+05 6.127369e+04 6.127369e+04 2.013548e+05 5.594940e+04 5.594940e+04 
6.650000e-03 2.862461e+05 5.318126e+04 5.318126e+04 1.747097e+05 4.859051e+04 4.859051e+04 
6.700000e-03 2.492623e+05 4.635926e+04 4.635926e+04 1.526844e+05 4.238215e+04 4.238215e+04 
6.750000e-03 2.160085e+05 4.022368e+04 4.022368e+04 1.325398e+05 3.679958e+04 3.679958e+04 
6.800000e-03 1.775599e+05 3.306858e+04 3.306858e+04 1.154946e+05 3.023810e+04 3.023810e+04 
6.850000e-03 1.569711e+05 2.925787e+04 2.925787e+04 1.026862e+05 2.676551e+04 2.676551e+04 
6.900000e-03 1.380284e+05 2.574770e+04 2.574770e+04 9.060575e+04 2.127569e+04 2.127569e+04 
6.950000e-03 1.194847e+05 2.231156e+04 2.231156e+04 7.856123e+04 1.844345e+04 1.844345e+04 
7.000000e-03 1.040769e+05 1.945303e+04 1.945303e+04 5.932340e+04 1.611601e+04 1.611601e+04 
7.050000e-03 9.023974e+04 1.688625e+04 1.688625e+04 5.137103e+04 1.396892e+04 1.396892e+04 
7.100000e-03 7.807103e+04 1.462529e+04 1.462529e+04 4.458845e+04 1.209844e+04 1.209844e+04 
7.150000e-03 6.878862e+04 1.289755e+04 1.289755e+04 2.573512e+04 1.071421e+04 1.071421e+04 
7.200000e-03 5.513090e+04 1.033008e+04 1.033008e+04 2.285140e+04 9.469964e+03 9.469964e+03 
7.250000e-03 4.796709e+04 8.995525e+03 8.995525e+03 2.007469e+04 8.250165e+03 8.250165e+03 
7.300000e-03 3.640875e+04 6.822926e+03 6.822926e+03 1.094103e+04 6.249187e+03 6.249187e+03 
7.350000e-03 3.162029e+04 5.931581e+03 5.931581e+03 9.460442e+03 5.436040e+03 5.436040e+03 
7.400000e-03 2.723937e+04 5.115537e+03 5.115537e+03 4.324725e+03 4.691232e+03 4.691232e+03 
7.450000e-03 1.597463e+04 2.992698e+03 2.992698e+03 2.492080e+03 2.735772e+03 2.735772e+03 
7.500000e-03 1.410893e+04 2.645279e+03 2.645279e+03 2.005863e+02 2.419339e+03 2.419339e+03 
7.550000e-03 1.243043e+04 2.332199e+03 2.332199e+03 4.241785e-31 2.133799e+03 2.133799e+03 
7.600000e-03 6.875465e+03 1.287412e+03 1.287412e+03 4.241785e-31 1.175065e+03 1.175065e+03 
7.650000e-03 5.980753e+03 1.120866e+03 1.120866e+03 4.241785e-31 1.023580e+03 1.023580e+03 
7.700000e-03 4.511980e+03 8.459802e+02 8.459802e+02 4.241785e-31 7.726210e+02 7.726210e+02 
7.750000e-03 2.345397e+03 4.394605e+02 4.394605e+02 4.241785e-31 4.009142e+02 4.009142e+02 
7.800000e-03 8.006319e+02 1.498557e+02 1.498557e+02 4.241785e-31 1.365718e+02 1.365718e+02 
7.850000e-03 6.250256e-01 4.241785e-31 4.241785e-31 4.241785e-31 4.241785e-31 4.241785e-31 
7.900000e-03 5.469040e-01 4.241785e-31 4.241785e-31 4.241785e-31 4.241785e-31 4.241785e-31 
7.950000e-03 4.785047e-01 4.241785e-31 4.241785e-31 4.241785e-31 4.241785e-31 4.241785e-31 
8.000000e-03 4.186159e-01 4.241785e-31 4.241785e-31 4.241785e-31 4.241785e-31 4.241785e-31 
8.050000e-03 3.661572e-01 4.241785e-31 4.241785e-31 4.241785e-31 4.241785e-31 4.241785e-31 
8.100000e-03 3.202327e-01 4.241785e-31 4.241785e-31 4.241785e-31 4.241785e-31 4.241785e-31 
8.150000e-03 2.800521e-01 4.241785e-31 4.241785e-31 4.241785e-31 4.241785e-31 4.241785e-31 
8.200000e-03 2.448698e-01 4.241785e-31 4.241785e-31 4.241785e-31 4.241785e-31 4.241785e-31 
8.250000e-03 2.140848e-01 4.241785e-31 4.241785e-31 4.241785e-31 4.241785e-31 4.241785e-31 
8.300000e-03 1.871493e-01 4.241785e-31 4.241785e-31 4.241785e-31 4.241785e-31 4.241785e-31 
8.350000e-03 1.635811e-01 4.241785e-31 4.241785e-31 4.241785e-31 4.241785e-31 4.241785e-31 
8.400000e-03 1.429665e-01 4.241785e-31 4.241785e-31 4.241785e-31 4.241785e-31 4.241785e-31 
8.450000e-03 1.249340e-01 4.241785e-31 4.241785e-31 4.241785e-31 4.241785e-31 4.241785e-31 
8.500000e-03 1.091647e-01 4.241785e-31 4.241785e-31 4.241785e-31 4.241785e-31 4.241785e-31 
8.550000e-03 9.537423e-02 4.241785e-31 4.241785e-31 4.241785e-31 4.241785e-31 4.241785e-31 
8.600000e-03 8.331742e-02 4.241785e-31 4.241785e-31 4.241785e-31 4.241785e-31 4.241785e-31 
8.650000e-03 7.277562e-02 4.241785e-31 4.241785e-31 4.241785e-31 4.241785e-31 4.241785e-31 
8.700000e-03 6.356174e-02 4.241785e-31 4.241785e-31 4.241785e-31 4.241785e-31 4.241785e-31 
8.750000e-03 5.550982e-02 4.241785e-31 4.241785e-31 4.241785e-31 4.241785e-31 4.241785e-31 
8.800000e-03 4.846965e-02 4.241785e-31 4.241785e-31 4.241785e-31 4.241785e-31 4.241785e-31 
8.850000e-03 4.232004e-02 4.241785e-31 4.241785e-31 4.241785e-31 4.241785e-31 4.241785e-31 
8.900000e-03 3.694770e-02 4.241785e-31 4.241785e-31 4.241785e-31 4.241785e-31 4.241785e-31 
8.950000e-03 3.225250e-02 4.241785e-31 4.241785e-31 4.241785e-31 4.241785e-31 4.241785e-31 
9.000000e-03 2.815013e-02 4.241785e-31 4.241785e-31 4.241785e-31 4.241785e-31 4.241785e-31 
9.050000e-03 2.456918e-02 4.241785e-31 4.241785e-31 4.241785e-31 4.241785e-31 4.241785e-31 
9.100000e-03 2.144089e-02 4.241785e-31 4.241785e-31 4.241785e-31 4.241785e-31 4.241785e-31 
9.150000e-03 1.870914e-02 4.241785e-31 4.241785e-31 4.241785e-31 4.241785e-31 4.241785e-31 
9.200000e-03 1.632386e-02 4.241785e-31 4.241785e-31 4.241785e-31 4.241785e-31 4.241785e-31 
9.250000e-03 1.424132e-02 4.241785e-31 4.241785e-31 4.241785e-31 4.241785e-31 4.241785e-31 
9.300000e-03 1.242331e-02 4.241785e-31 4.241785e-31 4.241785e-31 4.241785e-31 4.241785e-31 
9.350000e-03 1.083638e-02 4.241785e-31 4.241785e-31 4.241785e-31 4.241785e-31 4.241785e-31 
9.400000e-03 9.451266e-03 4.241785e-31 4.241785e-31 4.241785e-31 4.241785e-31 4.241785e-31 
9.450000e-03 8.242423e-03 4.241785e-31 4.241785e-31 4.241785e-31 4.241785e-31 4.241785e-31 
9.500000e-03 7.187452e-03 4.241785e-31 4.241785e-31 4.241785e-31 4.241785e-31 4.241785e-31 
9.550000e-03 6.267118e-03 4.241785e-31 4.241785e-31 4.241785e-31 4.241785e-31 4.241785e-31 
9.600000e-03 5.464034e-03 4.241785e-31 4.241785e-31 4.241785e-31 4.241785e-31 4.241785e-31 
9.650000e-03 4.763442e-03 4.241785e-31 4.241785e-31 4.241785e-31 4.241785e-31 4.241785e-31 
9.700000e-03 4.152434e-03 4.241785e-31 4.241785e-31 4.241785e-31 4.241785e-31 4.241785e-31 
9.750000e-03 3.619415e-03 4.241785e-31 4.241785e-31 4.241785e-31 4.241785e-31 4.241785e-31 
9.800000e-03 3.154374e-03 4.241785e-31 4.241785e-31 4.241785e-31 4.241785e-31 4.241785e-31 
9.850000e-03 2.749143e-03 4.241785e-31 4.241785e-31 4.241785e-31 4.241785e-31 4.241785e-31 
9.900000e-03 2.395606e-03 4.241785e-31 4.241785e-31 4.241785e-31 4.241785e-31 4.241785e-31 
9.950000e-03 2.087415e-03 4.241785e-31 4.241785e-31 4.241785e-31 4.241785e-31 4.241785e-31 
1.000000e-02 1.818692e-03 4.241785e-31 4.241785e-31 4.241785e-31 4.241785e-31 4.241785e-31 
1.005000e-02 1.584459e-03 4.241785e-31 4.241785e-31 4.241785e-31 4.241785e-31 4.241785e-31 
1.010000e-02 1.380289e-03 4.241785e-31 4.241785e-31 4.241785e-31 4.241785e-31 4.241785e-31 
1.015000e-02 1.202309e-03 4.241785e-31 4.241785e-31 4.241785e-31 4.241785e-31 4.241785e-31 
1.020000e-02 1.047198e-03 4.241785e-31 4.241785e-31 4.241785e-31 4.241785e-31 4.241785e-31 
1.025000e-02 9.120336e-04 4.241785e-31 4.241785e-31 4.241785e-31 4.241785e-31 4.241785e-31 
1.030000e-02 7.942583e-04 4.241785e-31 4.241785e-31 4.241785e-31 4.241785e-31 4.241785e-31 
1.035000e-02 6.916331e-04 4.241785e-31 4.241785e-31 4.241785e-31 4.241785e-31 4.241785e-31 
1.040000e-02 6.022346e-04 4.241785e-31 4.241785e-31 4.241785e-31 4.241785e-31 4.241785e-31 
1.045000e-02 5.243501e-04 4.241785e-31 4.241785e-31 4.241785e-31 4.241785e-31 4.241785e-31 
1.050000e-02 4.565042e-04 4.241785e-31 4.241785e-31 4.241785e-31 4.241785e-31 4.241785e-31 
1.055000e-02 3.973795e-04 4.241785e-31 4.241785e-31 4.241785e-31 4.241785e-31 4.241785e-31 
1.060000e-02 3.459220e-04 4.241785e-31 4.241785e-31 4.241785e-31 4.241785e-31 4.241785e-31 
1.065000e-02 3.011041e-04 4.241785e-31 4.241785e-31 4.241785e-31 4.241785e-31 4.241785e-31 
1.070000e-02 2.620539e-04 4.241785e-31 4.241785e-31 4.241785e-31 4.241785e-31 4.241785e-31 
1.075000e-02 2.280624e-04 4.241785e-31 4.241785e-31 4.241785e-31 4.241785e-31 4.241785e-31 
1.080000e-02 1.984658e-04 4.241785e-31 4.241785e-31 4.241785e-31 4.241785e-31 4.241785e-31 
1.085000e-02 1.726975e-04 4.241785e-31 4.241785e-31 4.241785e-31 4.241785e-31 4.241785e-31 
1.090000e-02 1.502649e-04 4.241785e-31 4.241785e-31 4.241785e-31 4.241785e-31 4.241785e-31 
1.095000e-02 1.307384e-04 4.241785e-31 4.241785e-31 4.241785e-31 4.241785e-31 4.241785e-31 
1.100000e-02 1.137414e-04 4.241785e-31 4.241785e-31 4.241785e-31 4.241785e-31 4.241785e-31 
1.105000e-02 9.894701e-05 4.241785e-31 4.241785e-31 4.241785e-31 4.241785e-31 4.241785e-31 
1.110000e-02 8.607078e-05 4.241785e-31 4.241785e-31 4.241785e-31 4.241785e-31 4.241785e-31 
1.115000e-02 7.486501e-05 4.241785e-31 4.241785e-31 4.241785e-31 4.241785e-31 4.241785e-31 
1.120000e-02 6.511364e-05 4.241785e-31 4.241785e-31 4.241785e-31 4.241785e-31 4.241785e-31 
1.125000e-02 5.662960e-05 4.241785e-31 4.241785e-31 4.241785e-31 4.241785e-31 4.241785e-31 
1.130000e-02 4.924955e-05 4.241785e-31 4.241785e-31 4.241785e-31 4.241785e-31 4.241785e-31 
1.135000e-02 4.282592e-05 4.241785e-31 4.241785e-31 4.241785e-31 4.241785e-31 4.241785e-31 
1.140000e-02 3.723753e-05 4.241785e-31 4.241785e-31 4.241785e-31 4.241785e-31 4.241785e-31 
1.145000e-02 3.237897e-05 4.241785e-31 4.241785e-31 4.241785e-31 4.241785e-31 4.241785e-31 
1.150000e-02 2.815013e-05 4.241785e-31 4.241785e-31 4.241785e-31 4.241785e-31 4.241785e-31 
1.155000e-02 2.447354e-05 4.241785e-31 4.241785e-31 4.241785e-31 4.241785e-31 4.241785e-31 
1.160000e-02 2.127543e-05 4.241785e-31 4.241785e-31 4.241785e-31 4.241785e-31 4.241785e-31 
1.165000e-02 1.849414e-05 4.241785e-31 4.241785e-31 4.241785e-31 4.241785e-31 4.241785e-31 
1.170000e-02 1.607566e-05 4.241785e-31 4.241785e-31 4.241785e-31 4.241785e-31 4.241785e-31 
1.175000e-02 1.397231e-05 4.241785e-31 4.241785e-31 4.241785e-31 4.241785e-31 4.241785e-31 
1.180000e-02 1.214350e-05 4.241785e-31 4.241785e-31 4.241785e-31 4.241785e-31 4.241785e-31 
1.185000e-02 1.055366e-05 4.241785e-31 4.241785e-31 4.241785e-31 4.241785e-31 4.241785e-31 
1.190000e-02 9.171187e-06 4.241785e-31 4.241785e-31 4.241785e-31 4.241785e-31 4.241785e-31 
1.195000e-02 7.969458e-06 4.241785e-31 4.241785e-31 4.241785e-31 4.241785e-31 4.241785e-31 
1.200000e-02 6.924763e-06 4.241785e-31 4.241785e-31 4.241785e-31 4.241785e-31 4.241785e-31 
1.205000e-02 6.016813e-06 4.241785e-31 4.241785e-31 4.241785e-31 4.241785e-31 4.241785e-31 
1.210000e-02 5.227429e-06 4.241785e-31 4.241785e-31 4.241785e-31 4.241785e-31 4.241785e-31 
1.215000e-02 4.541593e-06 4.241785e-31 4.241785e-31 4.241785e-31 4.241785e-31 4.241785e-31 
1.220000e-02 3.945339e-06 4.241785e-31 4.241785e-31 4.241785e-31 4.241785e-31 4.241785e-31 
1.225000e-02 3.427339e-06 4.241785e-31 4.241785e-31 4.241785e-31 4.241785e-31 4.241785e-31 
1.230000e-02 2.977053e-06 4.241785e-31 4.241785e-31 4.241785e-31 4.241785e-31 4.241785e-31 
1.235000e-02 2.585786e-06 4.241785e-31 4.241785e-31 4.241785e-31 4.241785e-31 4.241785e-31 
1.240000e-02 2.245871e-06 4.241785e-31 4.241785e-31 4.241785e-31 4.241785e-31 4.241785e-31 
1.245000e-02 1.950511e-06 4.241785e-31 4.241785e-31 4.241785e-31 4.241785e-31 4.241785e-31 
1.250000e-02 1.693935e-06 4.241785e-31 4.241785e-31 4.241785e-31 4.241785e-31 4.241785e-31 
1.255000e-02 1.471005e-06 4.241785e-31 4.241785e-31 4.241785e-31 4.241785e-31 4.241785e-31 
1.260000e-02 1.277374e-06 4.241785e-31 4.241785e-31 4.241785e-31 4.241785e-31 4.241785e-31 
1.265000e-02 1.109169e-06 4.241785e-31 4.241785e-31 4.241785e-31 4.241785e-31 4.241785e-31 
1.270000e-02 9.630432e-07 4.241785e-31 4.241785e-31 4.241785e-31 4.241785e-31 4.241785e-31 
1.275000e-02 8.361515e-07 4.241785e-31 4.241785e-31 4.241785e-31 4.241785e-31 4.241785e-31 
1.280000e-02 7.259381e-07 4.241785e-31 4.241785e-31 4.241785e-31 4.241785e-31 4.241785e-31 
1.285000e-02 6.302161e-07 4.241785e-31 4.241785e-31 4.241785e-31 4.241785e-31 4.241785e-31 
1.290000e-02 5.470884e-07 4.241785e-31 4.241785e-31 4.241785e-31 4.241785e-31 4.241785e-31 
1.295000e-02 4.748951e-07 4.241785e-31 4.241785e-31 4.241785e-31 4.241785e-31 4.241785e-31 
1.300000e-02 4.122134e-07 4.241785e-31 4.241785e-31 4.241785e-31 4.241785e-31 4.241785e-31 
1.305000e-02 3.578049e-07 4.241785e-31 4.241785e-31 4.241785e-31 4.241785e-31 4.241785e-31 
1.310000e-02 3.105367e-07 4.241785e-31 4.241785e-31 4.241785e-31 4.241785e-31 4.241785e-31 
1.315000e-02 2.695130e-07 4.241785e-31 4.241785e-31 4.241785e-31 4.241785e-31 4.241785e-31 
1.320000e-02 2.339037e-07 4.241785e-31 4.241785e-31 4.241785e-31 4.241785e-31 4.241785e-31 
1.325000e-02 2.029844e-07 4.241785e-31 4.241785e-31 4.241785e-31 4.241785e-31 4.241785e-31 
1.330000e-02 1.761438e-07 4.241785e-31 4.241785e-31 4.241785e-31 4.241785e-31 4.241785e-31 
1.335000e-02 1.528470e-07 4.241785e-31 4.241785e-31 4.241785e-31 4.241785e-31 4.241785e-31 
1.340000e-02 1.326223e-07 4.241785e-31 4.241785e-31 4.241785e-31 4.241785e-31 4.241785e-31 
1.345000e-02 1.150719e-07 4.241785e-31 4.241785e-31 4.241785e-31 4.241785e-31 4.241785e-31 
1.350000e-02 9.983757e-08 4.241785e-31 4.241785e-31 4.241785e-31 4.241785e-31 4.241785e-31 
1.355000e-02 8.661618e-08 4.241785e-31 4.241785e-31 4.241785e-31 4.241785e-31 4.241785e-31 
1.360000e-02 7.514429e-08 4.241785e-31 4.241785e-31 4.241785e-31 4.241785e-31 4.241785e-31 
1.365000e-02 6.518741e-08 4.241785e-31 4.241785e-31 4.241785e-31 4.241785e-31 4.241785e-31 
1.370000e-02 5.654793e-08 4.241785e-31 4.241785e-31 4.241785e-31 4.241785e-31 4.241785e-31 
1.375000e-02 4.905194e-08 4.241785e-31 4.241785e-31 4.241785e-31 4.241785e-31 4.241785e-31 
1.380000e-02 4.254664e-08 4.241785e-31 4.241785e-31 4.241785e-31 4.241785e-31 4.241785e-31 
1.385000e-02 3.690291e-08 4.241785e-31 4.241785e-31 4.241785e-31 4.241785e-31 4.241785e-31 
1.390000e-02 3.200746e-08 4.241785e-31 4.241785e-31 4.241785e-31 4.241785e-31 4.241785e-31 
1.395000e-02 2.775754e-08 4.241785e-31 4.241785e-31 4.241785e-31 4.241785e-31 4.241785e-31 
1.400000e-02 2.407331e-08 4.241785e-31 4.241785e-31 4.241785e-31 4.241785e-31 4.241785e-31 
1.405000e-02 2.087652e-08 4.241785e-31 4.241785e-31 4.241785e-31 4.241785e-31 4.241785e-31 
1.410000e-02 1.810366e-08 4.241785e-31 4.241785e-31 4.241785e-31 4.241785e-31 4.241785e-31 
1.415000e-02 1.569836e-08 4.241785e-31 4.241785e-31 4.241785e-31 4.241785e-31 4.241785e-31 
1.420000e-02 1.361213e-08 4.241785e-31 4.241785e-31 4.241785e-31 4.241785e-31 4.241785e-31 
1.425000e-02 1.180255e-08 4.241785e-31 4.241785e-31 4.241785e-31 4.241785e-31 4.241785e-31 
1.430000e-02 1.023327e-08 4.241785e-31 4.241785e-31 4.241785e-31 4.241785e-31 4.241785e-31 
1.435000e-02 8.872402e-09 4.241785e-31 4.241785e-31 4.241785e-31 4.241785e-31 4.241785e-31 
1.440000e-02 7.692014e-09 4.241785e-31 4.241785e-31 4.241785e-31 4.241785e-31 4.241785e-31 
1.445000e-02 6.668397e-09 4.241785e-31 4.241785e-31 4.241785e-31 4.241785e-31 4.241785e-31 
1.450000e-02 5.780999e-09 4.241785e-31 4.241785e-31 4.241785e-31 4.241785e-31 4.241785e-31 
1.455000e-02 5.011376e-09 4.241785e-31 4.241785e-31 4.241785e-31 4.241785e-31 4.241785e-31 
1.460000e-02 4.343983e-09 4.241785e-31 4.241785e-31 4.241785e-31 4.241785e-31 4.241785e-31 
1.465000e-02 3.765383e-09 4.241785e-31 4.241785e-31 4.241785e-31 4.241785e-31 4.241785e-31 
1.470000e-02 3.263718e-09 4.241785e-31 4.241785e-31 4.241785e-31 4.241785e-31 4.241785e-31 
1.475000e-02 2.828714e-09 4.241785e-31 4.241785e-31 4.241785e-31 4.241785e-31 4.241785e-31 
1.480000e-02 2.451675e-09 4.241785e-31 4.241785e-31 4.241785e-31 4.241785e-31 4.241785e-31 
1.485000e-02 2.124802e-09 4.241785e-31 4.241785e-31 4.241785e-31 4.241785e-31 4.241785e-31 
1.490000e-02 1.841457e-09 4.241785e-31 4.241785e-31 4.241785e-31 4.241785e-31 4.241785e-31 
1.495000e-02 1.595815e-09 4.241785e-31 4.241785e-31 4.241785e-31 4.241785e-31 4.241785e-31 
1.500000e-02 1.382897e-09 4.241785e-31 4.241785e-31 4.241785e-31 4.241785e-31 4.241785e-31 
1.505000e-02 1.198357e-09 4.241785e-31 4.241785e-31 4.241785e-31 4.241785e-31 4.241785e-31 
1.510000e-02 1.038398e-09 4.241785e-31 4.241785e-31 4.241785e-31 4.241785e-31 4.241785e-31 
1.515000e-02 8.997554e-10 4.241785e-31 4.241785e-31 4.241785e-31 4.241785e-31 4.241785e-31 
1.520000e-02 7.795825e-10 4.241785e-31 4.241785e-31 4.241785e-31 4.241785e-31 4.241785e-31 
1.525000e-02 6.754555e-10 4.241785e-31 4.241785e-31 4.241785e-31 4.241785e-31 4.241785e-31 
1.530000e-02 5.852139e-10 4.241785e-31 4.241785e-31 4.241785e-31 4.241785e-31 4.241785e-31 
1.535000e-02 5.070132e-10 4.241785e-31 4.241785e-31 4.241785e-31 4.241785e-31 4.241785e-31 
1.540000e-02 4.392463e-10 4.241785e-31 4.241785e-31 4.241785e-31 4.241785e-31 4.241785e-31 
1.545000e-02 3.805168e-10 4.241785e-31 4.241785e-31 4.241785e-31 4.241785e-31 4.241785e-31 
1.550000e-02 3.296389e-10 4.241785e-31 4.241785e-31 4.241785e-31 4.241785e-31 4.241785e-31 
1.555000e-02 2.855589e-10 4.241785e-31 4.241785e-31 4.241785e-31 4.241785e-31 4.241785e-31 
1.560000e-02 2.473491e-10 4.241785e-31 4.241785e-31 4.241785e-31 4.241785e-31 4.241785e-31 
1.565000e-02 2.142508e-10 4.241785e-31 4.241785e-31 4.241785e-31 4.241785e-31 4.241785e-31 
1.570000e-02 1.855764e-10 4.241785e-31 4.241785e-31 4.241785e-31 4.241785e-31 4.241785e-31 
1.575000e-02 1.607355e-10 4.241785e-31 4.241785e-31 4.241785e-31 4.241785e-31 4.241785e-31 
1.580000e-02 1.392146e-10 4.241785e-31 4.241785e-31 4.241785e-31 4.241785e-31 4.241785e-31 
1.585000e-02 1.205708e-10 4.241785e-31 4.241785e-31 4.241785e-31 4.241785e-31 4.241785e-31 
1.590000e-02 1.044195e-10 4.241785e-31 4.241785e-31 4.241785e-31 4.241785e-31 4.241785e-31 
1.595000e-02 9.043136e-11 4.241785e-31 4.241785e-31 4.241785e-31 4.241785e-31 4.241785e-31 
1.600000e-02 7.831395e-11 4.241785e-31 4.241785e-31 4.241785e-31 4.241785e-31 4.241785e-31 
1.605000e-02 6.781694e-11 4.241785e-31 4.241785e-31 4.241785e-31 4.241785e-31 4.241785e-31 
1.610000e-02 5.872426e-11 4.241785e-31 4.241785e-31 4.241785e-31 4.241785e-31 4.241785e-31 
1.615000e-02 5.085150e-11 4.241785e-31 4.241785e-31 4.241785e-31 4.241785e-31 4.241785e-31 
1.620000e-02 4.403266e-11 4.241785e-31 4.241785e-31 4.241785e-31 4.241785e-31 4.241785e-31 
1.625000e-02 3.812545e-11 4.241785e-31 4.241785e-31 4.241785e-31 4.241785e-31 4.241785e-31 
1.630000e-02 3.301132e-11 4.241785e-31 4.241785e-31 4.241785e-31 4.241785e-31 4.241785e-31 
1.635000e-02 2.857960e-11 4.241785e-31 4.241785e-31 4.241785e-31 4.241785e-31 4.241785e-31 
1.640000e-02 2.474492e-11 4.241785e-31 4.241785e-31 4.241785e-31 4.241785e-31 4.241785e-31 
1.645000e-02 2.142324e-11 4.241785e-31 4.241785e-31 4.241785e-31 4.241785e-31 4.241785e-31 
1.650000e-02 1.854683e-11 4.241785e-31 4.241785e-31 4.241785e-31 4.241785e-31 4.241785e-31 
1.655000e-02 1.605616e-11 4.241785e-31 4.241785e-31 4.241785e-31 4.241785e-31 4.241785e-31 
1.660000e-02 1.389959e-11 4.241785e-31 4.241785e-31 4.241785e-31 4.241785e-31 4.241785e-31 
1.665000e-02 1.203231e-11 4.241785e-31 4.241785e-31 4.241785e-31 4.241785e-31 4.241785e-31 
1.670000e-02 1.041560e-11 4.241785e-31 4.241785e-31 4.241785e-31 4.241785e-31 4.241785e-31 
1.675000e-02 9.015734e-12 4.241785e-31 4.241785e-31 4.241785e-31 4.241785e-31 4.241785e-31 
1.680000e-02 7.803993e-12 4.241785e-31 4.241785e-31 4.241785e-31 4.241785e-31 4.241785e-31 
1.685000e-02 6.754819e-12 4.241785e-31 4.241785e-31 4.241785e-31 4.241785e-31 4.241785e-31 
1.690000e-02 5.846606e-12 4.241785e-31 4.241785e-31 4.241785e-31 4.241785e-31 4.241785e-31 
1.695000e-02 5.060120e-12 4.241785e-31 4.241785e-31 4.241785e-31 4.241785e-31 4.241785e-31 
1.700000e-02 4.379553e-12 4.241785e-31 4.241785e-31 4.241785e-31 4.241785e-31 4.241785e-31 
1.705000e-02 3.790413e-12 4.241785e-31 4.241785e-31 4.241785e-31 4.241785e-31 4.241785e-31 
1.710000e-02 3.280317e-12 4.241785e-31 4.241785e-31 4.241785e-31 4.241785e-31 4.241785e-31 
1.715000e-02 2.838726e-12 4.241785e-31 4.241785e-31 4.241785e-31 4.241785e-31 4.241785e-31 
1.720000e-02 2.456707e-12 4.241785e-31 4.241785e-31 4.241785e-31 4.241785e-31 4.241785e-31 
1.725000e-02 2.125962e-12 4.241785e-31 4.241785e-31 4.241785e-31 4.241785e-31 4.241785e-31 
1.730000e-02 1.839691e-12 4.241785e-31 4.241785e-31 4.241785e-31 4.241785e-31 4.241785e-31 
1.735000e-02 1.591916e-12 4.241785e-31 4.241785e-31 4.241785e-31 4.241785e-31 4.241785e-31 
1.740000e-02 1.377496e-12 4.241785e-31 4.241785e-31 4.241785e-31 4.241785e-31 4.241785e-31 
1.745000e-02 1.191901e-12 4.241785e-31 4.241785e-31 4.241785e-31 4.241785e-31 4.241785e-31 
1.750000e-02 1.031311e-12 4.241785e-31 4.241785e-31 4.241785e-31 4.241785e-31 4.241785e-31 
1.755000e-02 8.923253e-13 4.241785e-31 4.241785e-31 4.241785e-31 4.241785e-31 4.241785e-31 
1.760000e-02 7.720470e-13 4.241785e-31 4.241785e-31 4.241785e-31 4.241785e-31 4.241785e-31 
1.765000e-02 6.679727e-13 4.241785e-31 4.241785e-31 4.241785e-31 4.241785e-31 4.241785e-31 
1.770000e-02 5.778891e-13 4.241785e-31 4.241785e-31 4.241785e-31 4.241785e-31 4.241785e-31 
1.775000e-02 4.999783e-13 4.241785e-31 4.241785e-31 4.241785e-31 4.241785e-31 4.241785e-31 
1.780000e-02 4.325276e-13 4.241785e-31 4.241785e-31 4.241785e-31 4.241785e-31 4.241785e-31 
1.785000e-02 3.741933e-13 4.241785e-31 4.241785e-31 4.241785e-31 4.241785e-31 4.241785e-31 
1.790000e-02 3.237107e-13 4.241785e-31 4.241785e-31 4.241785e-31 4.241785e-31 4.241785e-31 
1.795000e-02 2.800258e-13 4.241785e-31 4.241785e-31 4.241785e-31 4.241785e-31 4.241785e-31 
1.800000e-02 2.422244e-13 4.241785e-31 4.241785e-31 4.241785e-31 4.241785e-31 4.241785e-31 
1.805000e-02 2.095266e-13 4.241785e-31 4.241785e-31 4.241785e-31 4.241785e-31 4.241785e-31 
1.810000e-02 1.812395e-13 4.241785e-31 4.241785e-31 4.241785e-31 4.241785e-31 4.241785e-31 
1.815000e-02 1.567675e-13 4.241785e-31 4.241785e-31 4.241785e-31 4.241785e-31 4.241785e-31 
1.820000e-02 1.355970e-13 4.241785e-31 4.241785e-31 4.241785e-31 4.241785e-31 4.241785e-31 
1.825000e-02 1.172799e-13 4.241785e-31 4.241785e-31 4.241785e-31 4.241785e-31 4.241785e-31 
1.830000e-02 1.014369e-13 4.241785e-31 4.241785e-31 4.241785e-31 4.241785e-31 4.241785e-31 
1.835000e-02 8.773334e-14 4.241785e-31 4.241785e-31 4.241785e-31 4.241785e-31 4.241785e-31 
1.840000e-02 7.587677e-14 4.241785e-31 4.241785e-31 4.241785e-31 4.241785e-31 4.241785e-31 
1.845000e-02 6.562215e-14 4.241785e-31 4.241785e-31 4.241785e-31 4.241785e-31 4.241785e-31 
1.850000e-02 5.675081e-14 4.241785e-31 4.241785e-31 4.241785e-31 4.241785e-31 4.241785e-31 
1.855000e-02 4.907829e-14 4.241785e-31 4.241785e-31 4.241785e-31 4.241785e-31 4.241785e-31 
1.860000e-02 4.244388e-14 4.241785e-31 4.241785e-31 4.241785e-31 4.241785e-31 4.241785e-31 
1.865000e-02 3.670267e-14 4.241785e-31 4.241785e-31 4.241785e-31 4.241785e-31 4.241785e-31 
1.870000e-02 3.173872e-14 4.241785e-31 4.241785e-31 4.241785e-31 4.241785e-31 4.241785e-31 
1.875000e-02 2.744664e-14 4.241785e-31 4.241785e-31 4.241785e-31 4.241785e-31 4.241785e-31 
1.880000e-02 2.373290e-14 4.241785e-31 4.241785e-31 4.241785e-31 4.241785e-31 4.241785e-31 
1.885000e-02 2.052161e-14 4.241785e-31 4.241785e-31 4.241785e-31 4.241785e-31 4.241785e-31 
1.890000e-02 1.774428e-14 4.241785e-31 4.241785e-31 4.241785e-31 4.241785e-31 4.241785e-31 
1.895000e-02 1.534266e-14 4.241785e-31 4.241785e-31 4.241785e-31 4.241785e-31 4.241785e-31 
1.900000e-02 1.326566e-14 4.241785e-31 4.241785e-31 4.241785e-31 4.241785e-31 4.241785e-31 
1.905000e-02 1.146978e-14 4.241785e-31 4.241785e-31 4.241785e-31 4.241785e-31 4.241785e-31 
1.910000e-02 9.916570e-15 4.241785e-31 4.241785e-31 4.241785e-31 4.241785e-31 4.241785e-31 
1.915000e-02 8.573616e-15 4.241785e-31 4.241785e-31 4.241785e-31 4.241785e-31 4.241785e-31 
1.920000e-02 7.412463e-15 4.241785e-31 4.241785e-31 4.241785e-31 4.241785e-31 4.241785e-31 
1.925000e-02 6.408343e-15 4.241785e-31 4.241785e-31 4.241785e-31 4.241785e-31 4.241785e-31 
1.930000e-02 5.540179e-15 4.241785e-31 4.241785e-31 4.241785e-31 4.241785e-31 4.241785e-31 
1.935000e-02 4.789527e-15 4.241785e-31 4.241785e-31 4.241785e-31 4.241785e-31 4.241785e-31 
1.940000e-02 4.140314e-15 4.241785e-31 4.241785e-31 4.241785e-31 4.241785e-31 4.241785e-31 
1.945000e-02 3.579366e-15 4.241785e-31 4.241785e-31 4.241785e-31 4.241785e-31 4.241785e-31 
1.950000e-02 3.094037e-15 4.241785e-31 4.241785e-31 4.241785e-31 4.241785e-31 4.241785e-31 
1.955000e-02 2.674578e-15 4.241785e-31 4.241785e-31 4.241785e-31 4.241785e-31 4.241785e-31 
1.960000e-02 2.311952e-15 4.241785e-31 4.241785e-31 4.241785e-31 4.241785e-31 4.241785e-31 
1.965000e-02 1.998438e-15 4.241785e-31 4.241785e-31 4.241785e-31 4.241785e-31 4.241785e-31 
1.970000e-02 1.727397e-15 4.241785e-31 4.241785e-31 4.241785e-31 4.241785e-31 4.241785e-31 
1.975000e-02 1.493084e-15 4.241785e-31 4.241785e-31 4.241785e-31 4.241785e-31 4.241785e-31 
1.980000e-02 1.290548e-15 4.241785e-31 4.241785e-31 4.241785e-31 4.241785e-31 4.241785e-31 
1.985000e-02 1.115440e-15 4.241785e-31 4.241785e-31 4.241785e-31 4.241785e-31 4.241785e-31 
1.990000e-02 9.640707e-16 4.241785e-31 4.241785e-31 4.241785e-31 4.241785e-31 4.241785e-31 
1.995000e-02 8.332533e-16 4.241785e-31 4.241785e-31 4.241785e-31 4.241785e-31 4.241785e-31 
2.000000e-02 7.201416e-16 4.241785e-31 4.241785e-31 4.241785e-31 4.241785e-31 4.241785e-31 
2.005000e-02 6.223908e-16 4.241785e-31 4.241785e-31 4.241785e-31 4.241785e-31 4.241785e-31 
2.010000e-02 5.378930e-16 4.241785e-31 4.241785e-31 4.241785e-31 4.241785e-31 4.241785e-31 
2.015000e-02 4.648565e-16 4.241785e-31 4.241785e-31 4.241785e-31 4.241785e-31 4.241785e-31 
2.020000e-02 4.017269e-16 4.241785e-31 4.241785e-31 4.241785e-31 4.241785e-31 4.241785e-31 
2.025000e-02 3.471603e-16 4.241785e-31 4.241785e-31 4.241785e-31 4.241785e-31 4.241785e-31 
2.030000e-02 3.000239e-16 4.241785e-31 4.241785e-31 4.241785e-31 4.241785e-31 4.241785e-31 
2.035000e-02 2.592584e-16 4.241785e-31 4.241785e-31 4.241785e-31 4.241785e-31 4.241785e-31 
2.040000e-02 2.240338e-16 4.241785e-31 4.241785e-31 4.241785e-31 4.241785e-31 4.241785e-31 
2.045000e-02 1.935914e-16 4.241785e-31 4.241785e-31 4.241785e-31 4.241785e-31 4.241785e-31 
2.050000e-02 1.672830e-16 4.241785e-31 4.241785e-31 4.241785e-31 4.241785e-31 4.241785e-31 
2.055000e-02 1.445474e-16 4.241785e-31 4.241785e-31 4.241785e-31 4.241785e-31 4.241785e-31 
2.060000e-02 1.248997e-16 4.241785e-31 4.241785e-31 4.241785e-31 4.241785e-31 4.241785e-31 
2.065000e-02 1.079211e-16 4.241785e-31 4.241785e-31 4.241785e-31 4.241785e-31 4.241785e-31 
2.070000e-02 9.324796e-17 4.241785e-31 4.241785e-31 4.241785e-31 4.241785e-31 4.241785e-31 
2.075000e-02 8.056670e-17 4.241785e-31 4.241785e-31 4.241785e-31 4.241785e-31 4.241785e-31 
2.080000e-02 6.961123e-17 4.241785e-31 4.241785e-31 4.241785e-31 4.241785e-31 4.241785e-31 
2.085000e-02 6.014442e-17 4.241785e-31 4.241785e-31 4.241785e-31 4.241785e-31 4.241785e-31 
2.090000e-02 5.196339e-17 4.241785e-31 4.241785e-31 4.241785e-31 4.241785e-31 4.241785e-31 
2.095000e-02 4.489424e-17 4.241785e-31 4.241785e-31 4.241785e-31 4.241785e-31 4.241785e-31 
2.100000e-02 3.878679e-17 4.241785e-31 4.241785e-31 4.241785e-31 4.241785e-31 4.241785e-31 
2.105000e-02 3.350930e-17 4.241785e-31 4.241785e-31 4.241785e-31 4.241785e-31 4.241785e-31 
2.110000e-02 2.894847e-17 4.241785e-31 4.241785e-31 4.241785e-31 4.241785e-31 4.241785e-31 
2.115000e-02 2.500814e-17 4.241785e-31 4.241785e-31 4.241785e-31 4.241785e-31 4.241785e-31 
2.120000e-02 2.160425e-17 4.241785e-31 4.241785e-31 4.241785e-31 4.241785e-31 4.241785e-31 
2.125000e-02 1.866303e-17 4.241785e-31 4.241785e-31 4.241785e-31 4.241785e-31 4.241785e-31 
2.130000e-02 1.612230e-17 4.241785e-31 4.241785e-31 4.241785e-31 4.241785e-31 4.241785e-31 
2.135000e-02 1.392699e-17 4.241785e-31 4.241785e-31 4.241785e-31 4.241785e-31 4.241785e-31 
2.140000e-02 1.203046e-17 4.241785e-31 4.241785e-31 4.241785e-31 4.241785e-31 4.241785e-31 
2.145000e-02 1.039189e-17 4.241785e-31 4.241785e-31 4.241785e-31 4.241785e-31 4.241785e-31 
2.150000e-02 8.976476e-18 4.241785e-31 4.241785e-31 4.241785e-31 4.241785e-31 4.241785e-31 
2.155000e-02 7.753669e-18 4.241785e-31 4.241785e-31 4.241785e-31 4.241785e-31 4.241785e-31 
2.160000e-02 6.697380e-18 4.241785e-31 4.241785e-31 4.241785e-31 4.241785e-31 4.241785e-31 
2.165000e-02 5.784951e-18 4.241785e-31 4.241785e-31 4.241785e-31 4.241785e-31 4.241785e-31 
2.170000e-02 4.996621e-18 4.241785e-31 4.241785e-31 4.241785e-31 4.241785e-31 4.241785e-31 
2.175000e-02 4.315791e-18 4.241785e-31 4.241785e-31 4.241785e-31 4.241785e-31 4.241785e-31 
2.180000e-02 3.727442e-18 4.241785e-31 4.241785e-31 4.241785e-31 4.241785e-31 4.241785e-31 
2.185000e-02 3.219453e-18 4.241785e-31 4.241785e-31 4.241785e-31 4.241785e-31 4.241785e-31 
2.190000e-02 2.780497e-18 4.241785e-31 4.241785e-31 4.241785e-31 4.241785e-31 4.241785e-31 
2.195000e-02 2.401429e-18 4.241785e-31 4.241785e-31 4.241785e-31 4.241785e-31 4.241785e-31 
2.200000e-02 2.074004e-18 4.241785e-31 4.241785e-31 4.241785e-31 4.241785e-31 4.241785e-31 
2.205000e-02 1.791185e-18 4.241785e-31 4.241785e-31 4.241785e-31 4.241785e-31 4.241785e-31 
2.210000e-02 1.546913e-18 4.241785e-31 4.241785e-31 4.241785e-31 4.241785e-31 4.241785e-31 
2.215000e-02 1.335919e-18 4.241785e-31 4.241785e-31 4.241785e-31 4.241785e-31 4.241785e-31 
2.220000e-02 1.153697e-18 4.241785e-31 4.241785e-31 4.241785e-31 4.241785e-31 4.241785e-31 
2.225000e-02 9.962943e-19 4.241785e-31 4.241785e-31 4.241785e-31 4.241785e-31 4.241785e-31 
2.230000e-02 8.603653e-19 4.241785e-31 4.241785e-31 4.241785e-31 4.241785e-31 4.241785e-31 
2.235000e-02 7.429853e-19 4.241785e-31 4.241785e-31 4.241785e-31 4.241785e-31 4.241785e-31 
2.240000e-02 6.415984e-19 4.241785e-31 4.241785e-31 4.241785e-31 4.241785e-31 4.241785e-31 
2.245000e-02 5.540179e-19 4.241785e-31 4.241785e-31 4.241785e-31 4.241785e-31 4.241785e-31 
2.250000e-02 4.783994e-19 4.241785e-31 4.241785e-31 4.241785e-31 4.241785e-31 4.241785e-31 
2.255000e-02 4.131092e-19 4.241785e-31 4.241785e-31 4.241785e-31 4.241785e-31 4.241785e-31 
2.260000e-02 3.567246e-19 4.241785e-31 4.241785e-31 4.241785e-31 4.241785e-31 4.241785e-31 
2.265000e-02 3.080073e-19 4.241785e-31 4.241785e-31 4.241785e-31 4.241785e-31 4.241785e-31 
2.270000e-02 2.659560e-19 4.241785e-31 4.241785e-31 4.241785e-31 4.241785e-31 4.241785e-31 
2.275000e-02 2.296380e-19 4.241785e-31 4.241785e-31 4.241785e-31 4.241785e-31 4.241785e-31 
2.280000e-02 1.982787e-19 4.241785e-31 4.241785e-31 4.241785e-31 4.241785e-31 4.241785e-31 
2.285000e-02 1.711957e-19 4.241785e-31 4.241785e-31 4.241785e-31 4.241785e-31 4.241785e-31 
2.290000e-02 1.478119e-19 4.241785e-31 4.241785e-31 4.241785e-31 4.241785e-31 4.241785e-31 
2.295000e-02 1.276215e-19 4.241785e-31 4.241785e-31 4.241785e-31 4.241785e-31 4.241785e-31 
2.300000e-02 1.101844e-19 4.241785e-31 4.241785e-31 4.241785e-31 4.241785e-31 4.241785e-31 
2.305000e-02 9.512920e-20 4.241785e-31 4.241785e-31 4.241785e-31 4.241785e-31 4.241785e-31 
2.310000e-02 8.213177e-20 4.241785e-31 4.241785e-31 4.241785e-31 4.241785e-31 4.241785e-31 
2.315000e-02 7.090755e-20 4.241785e-31 4.241785e-31 4.241785e-31 4.241785e-31 4.241785e-31 
2.320000e-02 6.121678e-20 4.241785e-31 4.241785e-31 4.241785e-31 4.241785e-31 4.241785e-31 
2.325000e-02 5.284868e-20 4.241785e-31 4.241785e-31 4.241785e-31 4.241785e-31 4.241785e-31 
2.330000e-02 4.562407e-20 4.241785e-31 4.241785e-31 4.241785e-31 4.241785e-31 4.241785e-31 
2.335000e-02 3.938752e-20 4.241785e-31 4.241785e-31 4.241785e-31 4.241785e-31 4.241785e-31 
2.340000e-02 3.400200e-20 4.241785e-31 4.241785e-31 4.241785e-31 4.241785e-31 4.241785e-31 
2.345000e-02 2.935423e-20 4.241785e-31 4.241785e-31 4.241785e-31 4.241785e-31 4.241785e-31 
2.350000e-02 2.533959e-20 4.241785e-31 4.241785e-31 4.241785e-31 4.241785e-31 4.241785e-31 
2.355000e-02 2.187431e-20 4.241785e-31 4.241785e-31 4.241785e-31 4.241785e-31 4.241785e-31 
2.360000e-02 1.888251e-20 4.241785e-31 4.241785e-31 4.241785e-31 4.241785e-31 4.241785e-31 
2.365000e-02 1.629962e-20 4.241785e-31 4.241785e-31 4.241785e-31 4.241785e-31 4.241785e-31 
2.370000e-02 1.407006e-20 4.241785e-31 4.241785e-31 4.241785e-31 4.241785e-31 4.241785e-31 
2.375000e-02 1.214508e-20 4.241785e-31 4.241785e-31 4.241785e-31 4.241785e-31 4.241785e-31 
2.380000e-02 1.048358e-20 4.241785e-31 4.241785e-31 4.241785e-31 4.241785e-31 4.241785e-31 
2.385000e-02 9.049196e-21 4.241785e-31 4.241785e-31 4.241785e-31 4.241785e-31 4.241785e-31 
2.390000e-02 7.810844e-21 4.241785e-31 4.241785e-31 4.241785e-31 4.241785e-31 4.241785e-31 
2.395000e-02 6.741908e-21 4.241785e-31 4.241785e-31 4.241785e-31 4.241785e-31 4.241785e-31 
2.400000e-02 5.819204e-21 4.241785e-31 4.241785e-31 4.241785e-31 4.241785e-31 4.241785e-31 
2.405000e-02 5.022706e-21 4.241785e-31 4.241785e-31 4.241785e-31 4.241785e-31 4.241785e-31 
2.410000e-02 4.335025e-21 4.241785e-31 4.241785e-31 4.241785e-31 4.241785e-31 4.241785e-31 
2.415000e-02 3.741669e-21 4.241785e-31 4.241785e-31 4.241785e-31 4.241785e-31 4.241785e-31 
2.420000e-02 3.229466e-21 4.241785e-31 4.241785e-31 4.241785e-31 4.241785e-31 4.241785e-31 
2.425000e-02 2.787084e-21 4.241785e-31 4.241785e-31 4.241785e-31 4.241785e-31 4.241785e-31 
2.430000e-02 2.405540e-21 4.241785e-31 4.241785e-31 4.241785e-31 4.241785e-31 4.241785e-31 
2.435000e-02 2.076111e-21 4.241785e-31 4.241785e-31 4.241785e-31 4.241785e-31 4.241785e-31 
2.440000e-02 1.791765e-21 4.241785e-31 4.241785e-31 4.241785e-31 4.241785e-31 4.241785e-31 
2.445000e-02 1.546360e-21 4.241785e-31 4.241785e-31 4.241785e-31 4.241785e-31 4.241785e-31 
2.450000e-02 1.334549e-21 4.241785e-31 4.241785e-31 4.241785e-31 4.241785e-31 4.241785e-31 
2.455000e-02 1.151721e-21 4.241785e-31 4.241785e-31 4.241785e-31 4.241785e-31 4.241785e-31 
2.460000e-02 9.939229e-22 4.241785e-31 4.241785e-31 4.241785e-31 4.241785e-31 4.241785e-31 
2.465000e-02 8.577568e-22 4.241785e-31 4.241785e-31 4.241785e-31 4.241785e-31 4.241785e-31 
2.470000e-02 7.402187e-22 4.241785e-31 4.241785e-31 4.241785e-31 4.241785e-31 4.241785e-31 
2.475000e-02 6.387792e-22 4.241785e-31 4.241785e-31 4.241785e-31 4.241785e-31 4.241785e-31 
2.480000e-02 5.512514e-22 4.241785e-31 4.241785e-31 4.241785e-31 4.241785e-31 4.241785e-31 
2.485000e-02 4.756855e-22 4.241785e-31 4.241785e-31 4.241785e-31 4.241785e-31 4.241785e-31 
2.490000e-02 4.105007e-22 4.241785e-31 4.241785e-31 4.241785e-31 4.241785e-31 4.241785e-31 
2.495000e-02 3.542216e-22 4.241785e-31 4.241785e-31 4.241785e-31 4.241785e-31 4.241785e-31 
2.500000e-02 3.056623e-22 4.241785e-31 4.241785e-31 4.241785e-31 4.241785e-31 4.241785e-31 
