       0	        0	        0	        0	        0	        0	        0	 
   5e-05	  19972.3	  22264.9	  22264.9	  1633.63	  33117.6	  33117.6	 
  0.0001	 2.15931e+06	 2.39881e+06	 2.39881e+06	   243500	 4.14975e+06	 4.14975e+06	 
 0.00015	 4.34435e+07	 4.81461e+07	 4.81461e+07	 5.8269e+06	 8.14169e+07	 8.14169e+07	 
  0.0002	 3.26392e+08	 3.60886e+08	 3.60886e+08	 5.04696e+07	 5.86792e+08	 5.86792e+08	 
 0.00025	 1.32794e+09	 1.46281e+09	 1.46281e+09	 2.49091e+08	 2.32199e+09	 2.32199e+09	 
  0.0003	 3.11648e+09	 3.42292e+09	 3.42292e+09	 6.65222e+08	 5.378e+09	 5.378e+09	 
 0.00035	 5.16929e+09	 5.66942e+09	 5.66942e+09	 1.1687e+09	 8.91226e+09	 8.91226e+09	 
  0.0004	 7.52074e+09	 8.24057e+09	 8.24057e+09	 1.76261e+09	 1.29307e+10	 1.29307e+10	 
 0.00045	 1.01968e+10	 1.11635e+10	 1.11635e+10	 2.4646e+09	 1.74248e+10	 1.74248e+10	 
  0.0005	 1.31311e+10	 1.4359e+10	 1.4359e+10	 3.30844e+09	 2.22181e+10	 2.22181e+10	 
 0.00055	 1.60398e+10	 1.7518e+10	 1.7518e+10	 4.2159e+09	 2.68302e+10	 2.68302e+10	 
  0.0006	 1.86849e+10	 2.03826e+10	 2.03826e+10	 5.10412e+09	 3.09103e+10	 3.09103e+10	 
 0.00065	 2.09489e+10	 2.28249e+10	 2.28249e+10	 5.94291e+09	 3.4275e+10	 3.4275e+10	 
  0.0007	 2.2797e+10	 2.48102e+10	 2.48102e+10	 6.69283e+09	 3.68769e+10	 3.68769e+10	 
 0.00075	 2.41902e+10	 2.62986e+10	 2.62986e+10	 7.32488e+09	 3.86484e+10	 3.86484e+10	 
  0.0008	 2.50959e+10	 2.72551e+10	 2.72551e+10	 7.82353e+09	 3.9678e+10	 3.9678e+10	 
 0.00085	 2.56271e+10	 2.78063e+10	 2.78063e+10	 8.19528e+09	 4.00487e+10	 4.00487e+10	 
  0.0009	 2.57663e+10	 2.79337e+10	 2.79337e+10	 8.42858e+09	 3.98228e+10	 3.98228e+10	 
 0.00095	 2.56224e+10	 2.77555e+10	 2.77555e+10	 8.55957e+09	 3.91253e+10	 3.91253e+10	 
   0.001	 2.5176e+10	 2.72525e+10	 2.72525e+10	 8.56577e+09	 3.79855e+10	 3.79855e+10	 
 0.00105	 2.4601e+10	 2.66131e+10	 2.66131e+10	 8.50628e+09	 3.66951e+10	 3.66951e+10	 
  0.0011	 2.39043e+10	 2.58454e+10	 2.58454e+10	 8.37758e+09	 3.52313e+10	 3.52313e+10	 
 0.00115	 2.30997e+10	 2.49634e+10	 2.49634e+10	 8.19227e+09	 3.36248e+10	 3.36248e+10	 
  0.0012	 2.21892e+10	 2.39687e+10	 2.39687e+10	 7.9548e+09	 3.18877e+10	 3.18877e+10	 
 0.00125	 2.12157e+10	 2.29075e+10	 2.29075e+10	 7.68273e+09	 3.00869e+10	 3.00869e+10	 
  0.0013	 2.02101e+10	 2.18133e+10	 2.18133e+10	 7.38559e+09	 2.82746e+10	 2.82746e+10	 
 0.00135	 1.91947e+10	 2.07103e+10	 2.07103e+10	 7.07048e+09	 2.64852e+10	 2.64852e+10	 
  0.0014	 1.81814e+10	 1.96108e+10	 1.96108e+10	 6.74714e+09	 2.4732e+10	 2.4732e+10	 
 0.00145	 1.71778e+10	 1.85231e+10	 1.85231e+10	 6.41712e+09	 2.30267e+10	 2.30267e+10	 
  0.0015	 1.61842e+10	 1.7447e+10	 1.7447e+10	 6.08312e+09	 2.13744e+10	 2.13744e+10	 
 0.00155	 1.52132e+10	 1.63962e+10	 1.63962e+10	 5.7501e+09	 1.97925e+10	 1.97925e+10	 
  0.0016	 1.42633e+10	 1.53691e+10	 1.53691e+10	 5.41811e+09	 1.82737e+10	 1.82737e+10	 
 0.00165	 1.33665e+10	 1.44002e+10	 1.44002e+10	 5.09736e+09	 1.687e+10	 1.687e+10	 
  0.0017	 1.25016e+10	 1.34662e+10	 1.34662e+10	 4.78512e+09	 1.55473e+10	 1.55473e+10	 
 0.00175	 1.16615e+10	 1.25596e+10	 1.25596e+10	 4.47712e+09	 1.42886e+10	 1.42886e+10	 
  0.0018	 1.08638e+10	 1.16991e+10	 1.16991e+10	 4.18238e+09	 1.31205e+10	 1.31205e+10	 
 0.00185	 1.01033e+10	 1.0879e+10	 1.0879e+10	 3.89905e+09	 1.20284e+10	 1.20284e+10	 
  0.0019	 9.38781e+09	 1.01076e+10	 1.01076e+10	 3.63039e+09	 1.10245e+10	 1.10245e+10	 
 0.00195	 8.70913e+09	 9.376e+09	 9.376e+09	 3.37474e+09	 1.00927e+10	 1.00927e+10	 
   0.002	 8.06572e+09	 8.68243e+09	 8.68243e+09	 3.13252e+09	 9.22735e+09	 9.22735e+09	 
 0.00205	 7.44939e+09	 8.01809e+09	 8.01809e+09	 2.90028e+09	 8.41232e+09	 8.41232e+09	 
  0.0021	 6.88862e+09	 7.41394e+09	 7.41394e+09	 2.68647e+09	 7.68297e+09	 7.68297e+09	 
 0.00215	 6.36122e+09	 6.84598e+09	 6.84598e+09	 2.48353e+09	 7.00668e+09	 7.00668e+09	 
  0.0022	 5.86326e+09	 6.30986e+09	 6.30986e+09	 2.29081e+09	 6.38259e+09	 6.38259e+09	 
 0.00225	 5.39474e+09	 5.8055e+09	 5.8055e+09	 2.109e+09	 5.8065e+09	 5.8065e+09	 
  0.0023	 4.95475e+09	 5.33186e+09	 5.33186e+09	 1.93816e+09	 5.27651e+09	 5.27651e+09	 
 0.00235	 4.54704e+09	 4.89293e+09	 4.89293e+09	 1.78013e+09	 4.79835e+09	 4.79835e+09	 
  0.0024	 4.16212e+09	 4.47855e+09	 4.47855e+09	 1.63098e+09	 4.35464e+09	 4.35464e+09	 
 0.00245	 3.80652e+09	 4.09576e+09	 4.09576e+09	 1.49281e+09	 3.94867e+09	 3.94867e+09	 
  0.0025	 3.47438e+09	 3.73826e+09	 3.73826e+09	 1.36357e+09	 3.57262e+09	 3.57262e+09	 
 0.00255	 3.17372e+09	 3.41467e+09	 3.41467e+09	 1.24635e+09	 3.23675e+09	 3.23675e+09	 
  0.0026	 2.89221e+09	 3.11167e+09	 3.11167e+09	 1.13671e+09	 2.92772e+09	 2.92772e+09	 
 0.00265	 2.63635e+09	 2.83629e+09	 2.83629e+09	 1.03696e+09	 2.65104e+09	 2.65104e+09	 
  0.0027	 2.394e+09	 2.57544e+09	 2.57544e+09	 9.4258e+08	 2.39401e+09	 2.39401e+09	 
 0.00275	 2.16891e+09	 2.33318e+09	 2.33318e+09	 8.54868e+08	 2.1579e+09	 2.1579e+09	 
  0.0028	 1.96469e+09	 2.11339e+09	 2.11339e+09	 7.7517e+08	 1.94576e+09	 1.94576e+09	 
 0.00285	 1.77799e+09	 1.91247e+09	 1.91247e+09	 7.022e+08	 1.75329e+09	 1.75329e+09	 
  0.0029	 1.60631e+09	 1.72773e+09	 1.72773e+09	 6.35002e+08	 1.57765e+09	 1.57765e+09	 
 0.00295	 1.45145e+09	 1.56111e+09	 1.56111e+09	 5.74271e+08	 1.4196e+09	 1.4196e+09	 
   0.003	 1.3093e+09	 1.40815e+09	 1.40815e+09	 5.18518e+08	 1.27615e+09	 1.27615e+09	 
 0.00305	 1.18055e+09	 1.26962e+09	 1.26962e+09	 4.67999e+08	 1.1473e+09	 1.1473e+09	 
  0.0031	 1.06447e+09	 1.14474e+09	 1.14474e+09	 4.2242e+08	 1.03224e+09	 1.03224e+09	 
 0.00315	 9.57004e+08	 1.02912e+09	 1.02912e+09	 3.8017e+08	 9.25986e+08	 9.25986e+08	 
  0.0032	 8.57426e+08	 9.21987e+08	 9.21987e+08	 3.4099e+08	 8.27809e+08	 8.27809e+08	 
 0.00325	 7.71765e+08	 8.29838e+08	 8.29838e+08	 3.07229e+08	 7.4392e+08	 7.4392e+08	 
  0.0033	 6.90513e+08	 7.42433e+08	 7.42433e+08	 2.75194e+08	 6.64686e+08	 6.64686e+08	 
 0.00335	 6.19093e+08	 6.65609e+08	 6.65609e+08	 2.47e+08	 5.9524e+08	 5.9524e+08	 
  0.0034	 5.55762e+08	 5.97492e+08	 5.97492e+08	 2.21958e+08	 5.33785e+08	 5.33785e+08	 
 0.00345	 4.97321e+08	 5.34636e+08	 5.34636e+08	 1.98831e+08	 4.77237e+08	 4.77237e+08	 
  0.0035	 4.43741e+08	 4.7701e+08	 4.7701e+08	 1.77615e+08	 4.25619e+08	 4.25619e+08	 
 0.00355	 3.97736e+08	 4.27536e+08	 4.27536e+08	 1.59366e+08	 3.81399e+08	 3.81399e+08	 
  0.0036	 3.53168e+08	 3.79606e+08	 3.79606e+08	 1.41684e+08	 3.3863e+08	 3.3863e+08	 
 0.00365	 3.15185e+08	 3.38762e+08	 3.38762e+08	 1.26585e+08	 3.02196e+08	 3.02196e+08	 
  0.0037	 2.81514e+08	 3.02558e+08	 3.02558e+08	 1.13182e+08	 2.69908e+08	 2.69908e+08	 
 0.00375	 2.51179e+08	 2.69942e+08	 2.69942e+08	 1.0109e+08	 2.40793e+08	 2.40793e+08	 
  0.0038	 2.23773e+08	 2.40476e+08	 2.40476e+08	 9.01613e+07	 2.14646e+08	 2.14646e+08	 
 0.00385	 1.99363e+08	 2.14234e+08	 2.14234e+08	 8.04134e+07	 1.91307e+08	 1.91307e+08	 
  0.0039	 1.76865e+08	 1.90046e+08	 1.90046e+08	 7.14226e+07	 1.69853e+08	 1.69853e+08	 
 0.00395	 1.56856e+08	 1.68537e+08	 1.68537e+08	 6.34211e+07	 1.50826e+08	 1.50826e+08	 
   0.004	 1.39133e+08	 1.49486e+08	 1.49486e+08	 5.63204e+07	 1.33892e+08	 1.33892e+08	 
 0.00405	 1.23848e+08	 1.33057e+08	 1.33057e+08	 5.01827e+07	 1.19211e+08	 1.19211e+08	 
  0.0041	 1.10151e+08	 1.18336e+08	 1.18336e+08	 4.46788e+07	 1.06092e+08	 1.06092e+08	 
 0.00415	 9.78189e+07	 1.05082e+08	 1.05082e+08	 3.972e+07	 9.4307e+07	 9.4307e+07	 
  0.0042	 8.67993e+07	 9.32396e+07	 9.32396e+07	 3.52827e+07	 8.37546e+07	 8.37546e+07	 
 0.00425	 7.65539e+07	 8.2229e+07	 8.2229e+07	 3.11576e+07	 7.39874e+07	 7.39874e+07	 
  0.0043	 6.75382e+07	 7.25408e+07	 7.25408e+07	 2.75211e+07	 6.53551e+07	 6.53551e+07	 
 0.00435	 5.9859e+07	 6.42897e+07	 6.42897e+07	 2.44173e+07	 5.79794e+07	 5.79794e+07	 
  0.0044	 5.33193e+07	 5.72634e+07	 5.72634e+07	 2.17698e+07	 5.1683e+07	 5.1683e+07	 
 0.00445	 4.71833e+07	 5.0671e+07	 5.0671e+07	 1.92842e+07	 4.57886e+07	 4.57886e+07	 
  0.0045	 4.1815e+07	 4.49038e+07	 4.49038e+07	 1.71069e+07	 4.06107e+07	 4.06107e+07	 
 0.00455	 3.69057e+07	 3.96298e+07	 3.96298e+07	 1.51151e+07	 3.5892e+07	 3.5892e+07	 
  0.0046	 3.23351e+07	 3.47198e+07	 3.47198e+07	 1.32597e+07	 3.15072e+07	 3.15072e+07	 
 0.00465	 2.85487e+07	 3.06525e+07	 3.06525e+07	 1.17202e+07	 2.78572e+07	 2.78572e+07	 
  0.0047	 2.53663e+07	 2.72344e+07	 2.72344e+07	 1.04233e+07	 2.47859e+07	 2.47859e+07	 
 0.00475	 2.24322e+07	 2.40831e+07	 2.40831e+07	 9.22604e+06	 2.1937e+07	 2.1937e+07	 
  0.0048	 1.98143e+07	 2.12716e+07	 2.12716e+07	 8.15688e+06	 1.93684e+07	 1.93684e+07	 
 0.00485	 1.75222e+07	 1.88102e+07	 1.88102e+07	 7.21995e+06	 1.7151e+07	 1.7151e+07	 
  0.0049	 1.52888e+07	 1.64116e+07	 1.64116e+07	 6.30725e+06	 1.49921e+07	 1.49921e+07	 
 0.00495	 1.34636e+07	 1.44516e+07	 1.44516e+07	 5.56038e+06	 1.3231e+07	 1.3231e+07	 
   0.005	 1.19141e+07	 1.27877e+07	 1.27877e+07	 4.92529e+06	 1.17256e+07	 1.17256e+07	 
 0.00505	 1.05019e+07	 1.12716e+07	 1.12716e+07	 4.34514e+06	 1.03432e+07	 1.03432e+07	 
  0.0051	 9.24955e+06	 9.92703e+06	 9.92703e+06	 3.8303e+06	 9.12028e+06	 9.12028e+06	 
 0.00515	 8.20074e+06	 8.80107e+06	 8.80107e+06	 3.39857e+06	 8.09061e+06	 8.09061e+06	 
  0.0052	 7.1784e+06	 7.70352e+06	 7.70352e+06	 2.97785e+06	 7.09312e+06	 7.09312e+06	 
 0.00525	 6.2818e+06	 6.74098e+06	 6.74098e+06	 2.6087e+06	 6.22776e+06	 6.22776e+06	 
  0.0053	 5.5385e+06	 5.94306e+06	 5.94306e+06	 2.30236e+06	 5.49745e+06	 5.49745e+06	 
 0.00535	 4.87057e+06	 5.2261e+06	 5.2261e+06	 2.02662e+06	 4.84253e+06	 4.84253e+06	 
  0.0054	 4.28269e+06	 4.59514e+06	 4.59514e+06	 1.7834e+06	 4.26358e+06	 4.26358e+06	 
 0.00545	 3.79123e+06	 4.06768e+06	 4.06768e+06	 1.57986e+06	 3.77768e+06	 3.77768e+06	 
  0.0055	 3.33161e+06	 3.5744e+06	 3.5744e+06	 1.38945e+06	 3.31765e+06	 3.31765e+06	 
 0.00555	 2.9103e+06	 3.12223e+06	 3.12223e+06	 1.21502e+06	 2.90629e+06	 2.90629e+06	 
  0.0056	 2.56182e+06	 2.74824e+06	 2.74824e+06	 1.07057e+06	 2.56367e+06	 2.56367e+06	 
 0.00565	 2.24434e+06	 2.40754e+06	 2.40754e+06	   938815	 2.24155e+06	 2.24155e+06	 
  0.0057	 1.96294e+06	 2.10561e+06	 2.10561e+06	   821756	 1.96526e+06	 1.96526e+06	 
 0.00575	 1.73208e+06	 1.8579e+06	 1.8579e+06	   725592	 1.73562e+06	 1.73562e+06	 
  0.0058	 1.53025e+06	 1.64136e+06	 1.64136e+06	   641463	 1.53496e+06	 1.53496e+06	 
 0.00585	 1.34248e+06	 1.43989e+06	 1.43989e+06	   563239	 1.34756e+06	 1.34756e+06	 
  0.0059	 1.17105e+06	 1.25597e+06	 1.25597e+06	   491757	 1.18036e+06	 1.18036e+06	 
 0.00595	 1.02399e+06	 1.0982e+06	 1.0982e+06	   430410	 1.03207e+06	 1.03207e+06	 
   0.006	   891971	   956568	   956568	   375248	   899048	   899048	 
 0.00605	   782243	   838863	   838863	   329324	   787489	   787489	 
  0.0061	   694861	   745137	   745137	   292692	   697376	   697376	 
 0.00615	   611888	   656139	   656139	   257917	   601907	   601907	 
  0.0062	   532715	   571217	   571217	   224734	   526172	   526172	 
 0.00625	   465272	   498879	   498879	   196443	   461041	   461041	 
  0.0063	   401979	   430997	   430997	   169864	   399964	   399964	 
 0.00635	   350422	   375705	   375705	   148178	   348851	   348851	 
  0.0064	   310268	   332644	   332644	   131273	   292397	   292397	 
 0.00645	   268720	   288099	   288099	   113704	   257902	   257902	 
  0.0065	   235632	   252616	   252616	  99777.8	   226544	   226544	 
 0.00655	   205116	   219891	   219891	  86929.8	   197782	   197782	 
  0.0066	   177790	   190589	   190589	  75412.5	   172151	   172151	 
 0.00665	   154229	   165326	   165326	  65464.6	   143654	   143654	 
  0.0067	   127669	   136857	   136857	  54170.1	   124796	   124796	 
 0.00675	   113461	   121624	   121624	  48165.3	   111073	   111073	 
  0.0068	  99993.7	   107184	   107184	  42473.9	  97993.4	  97993.4	 
 0.00685	  87146.9	  93410.1	  93410.1	  37046.3	  85570.1	  85570.1	 
  0.0069	  75902.2	  81354.2	  81354.2	  32290.8	  74741.7	  74741.7	 
 0.00695	  62633.1	  67131.8	  67131.8	  26647.6	  64316.4	  64316.4	 
   0.007	  54568.7	  58485.9	  58485.9	  23234.9	  56129.1	  56129.1	 
 0.00705	  48492.4	    51972	    51972	  20658.3	  48220.2	  48220.2	 
  0.0071	  42919.8	  45998.5	  45998.5	  18293.4	    38436	    38436	 
 0.00715	  37691.2	  40393.5	  40393.5	  16075.1	  33745.7	  33745.7	 
  0.0072	  32700.3	  35043.4	  35043.4	  13957.1	  29296.2	  29296.2	 
 0.00725	  28377.9	  30410.2	  30410.2	  12121.5	  23608.2	  23608.2	 
  0.0073	  24688.7	  26455.8	  26455.8	  10553.9	  20550.8	  20550.8	 
 0.00735	  21391.5	  22922.1	  22922.1	  9148.16	  12636.2	  12636.2	 
  0.0074	  18515.5	  19840.2	  19840.2	   7919.3	  11168.9	  11168.9	 
 0.00745	  14448.9	  15483.4	  15483.4	  6174.25	  9497.32	  9497.32	 
  0.0075	  12533.5	  13430.3	  13430.3	  5359.33	  8290.41	  8290.41	 
 0.00755	  10903.7	  11683.6	  11683.6	  4665.59	  5586.91	  5586.91	 
  0.0076	  8592.98	  9207.64	  9207.64	  3676.26	  3820.61	  3820.61	 
 0.00765	  4616.58	  4947.46	  4947.46	  1969.79	  2121.93	  2121.93	 
  0.0077	  4089.15	  4382.09	  4382.09	  1745.84	  917.553	  917.553	 
 0.00775	  3647.77	  3909.01	  3909.01	  1558.08	  779.038	  779.038	 
  0.0078	   3217.7	  3448.05	  3448.05	  1375.05	  687.525	  687.525	 
 0.00785	  1893.67	  2029.39	  2029.39	  808.056	  404.028	  404.028	 
  0.0079	  1637.98	  1755.31	  1755.31	  699.436	  349.718	  349.718	 
 0.00795	  999.525	  1071.15	  1071.15	  426.576	  213.288	  213.288	 
   0.008	  436.433	  467.733	  467.733	  186.058	  93.0289	  93.0289	 
 0.00805	  23.2091	  24.8924	  24.8924	   9.7439	  4.87195	  4.87195	 
  0.0081	 0.305093	 0.343233	 0.343233	 2.63694e-31	 2.63694e-31	 2.63694e-31	 
 0.00815	 0.267972	 0.301472	 0.301472	 2.63694e-31	 2.63694e-31	 2.63694e-31	 
  0.0082	 0.235345	 0.264766	 0.264766	 2.63694e-31	 2.63694e-31	 2.63694e-31	 
 0.00825	 0.206663	 0.232498	 0.232498	 2.63694e-31	 2.63694e-31	 2.63694e-31	 
  0.0083	 0.181454	 0.204138	 0.204138	 2.63694e-31	 2.63694e-31	 2.63694e-31	 
 0.00835	   0.1593	 0.179214	 0.179214	 2.63694e-31	 2.63694e-31	 2.63694e-31	 
  0.0084	 0.139834	 0.157316	 0.157316	 2.63694e-31	 2.63694e-31	 2.63694e-31	 
 0.00845	 0.122734	 0.138077	 0.138077	 2.63694e-31	 2.63694e-31	 2.63694e-31	 
  0.0085	 0.107718	 0.121184	 0.121184	 2.63694e-31	 2.63694e-31	 2.63694e-31	 
 0.00855	 0.094521	 0.106337	 0.106337	 2.63694e-31	 2.63694e-31	 2.63694e-31	 
  0.0086	 0.0829339	 0.0933017	 0.0933017	 2.63694e-31	 2.63694e-31	 2.63694e-31	 
 0.00865	 0.0727615	 0.0818576	 0.0818576	 2.63694e-31	 2.63694e-31	 2.63694e-31	 
  0.0087	 0.0638288	 0.0718082	 0.0718082	 2.63694e-31	 2.63694e-31	 2.63694e-31	 
 0.00875	 0.0559858	 0.0629847	 0.0629847	 2.63694e-31	 2.63694e-31	 2.63694e-31	 
  0.0088	 0.049102	 0.0552404	 0.0552404	 2.63694e-31	 2.63694e-31	 2.63694e-31	 
 0.00885	 0.0430601	 0.0484431	 0.0484431	 2.63694e-31	 2.63694e-31	 2.63694e-31	 
  0.0089	 0.0377574	 0.0424776	 0.0424776	 2.63694e-31	 2.63694e-31	 2.63694e-31	 
 0.00895	 0.0331046	 0.0372431	 0.0372431	 2.63694e-31	 2.63694e-31	 2.63694e-31	 
   0.009	 0.0290221	 0.0326503	 0.0326503	 2.63694e-31	 2.63694e-31	 2.63694e-31	 
 0.00905	 0.0254405	 0.0286209	 0.0286209	 2.63694e-31	 2.63694e-31	 2.63694e-31	 
  0.0091	 0.0222988	 0.0250865	 0.0250865	 2.63694e-31	 2.63694e-31	 2.63694e-31	 
 0.00915	 0.019543	 0.0219862	 0.0219862	 2.63694e-31	 2.63694e-31	 2.63694e-31	 
  0.0092	 0.0171267	 0.0192677	 0.0192677	 2.63694e-31	 2.63694e-31	 2.63694e-31	 
 0.00925	 0.0150072	 0.0168833	 0.0168833	 2.63694e-31	 2.63694e-31	 2.63694e-31	 
  0.0093	 0.0131487	 0.0147924	 0.0147924	 2.63694e-31	 2.63694e-31	 2.63694e-31	 
 0.00935	 0.0115196	 0.0129597	 0.0129597	 2.63694e-31	 2.63694e-31	 2.63694e-31	 
  0.0094	 0.0100909	 0.0113524	 0.0113524	 2.63694e-31	 2.63694e-31	 2.63694e-31	 
 0.00945	 0.00883876	 0.00994371	 0.00994371	 2.63694e-31	 2.63694e-31	 2.63694e-31	 
  0.0095	 0.00774153	 0.00870932	 0.00870932	 2.63694e-31	 2.63694e-31	 2.63694e-31	 
 0.00955	 0.00677978	 0.00762734	 0.00762734	 2.63694e-31	 2.63694e-31	 2.63694e-31	 
  0.0096	 0.00593699	 0.00667919	 0.00667919	 2.63694e-31	 2.63694e-31	 2.63694e-31	 
 0.00965	 0.00519868	 0.00584858	 0.00584858	 2.63694e-31	 2.63694e-31	 2.63694e-31	 
  0.0097	 0.00455144	 0.00512043	 0.00512043	 2.63694e-31	 2.63694e-31	 2.63694e-31	 
 0.00975	 0.00398459	 0.00448271	 0.00448271	 2.63694e-31	 2.63694e-31	 2.63694e-31	 
  0.0098	 0.00348807	 0.00392412	 0.00392412	 2.63694e-31	 2.63694e-31	 2.63694e-31	 
 0.00985	 0.00305312	 0.0034348	 0.0034348	 2.63694e-31	 2.63694e-31	 2.63694e-31	 
  0.0099	 0.00267222	 0.00300628	 0.00300628	 2.63694e-31	 2.63694e-31	 2.63694e-31	 
 0.00995	 0.00233861	 0.00263096	 0.00263096	 2.63694e-31	 2.63694e-31	 2.63694e-31	 
    0.01	 0.00204653	 0.00230237	 0.00230237	 2.63694e-31	 2.63694e-31	 2.63694e-31	 
 0.01005	 0.00179075	 0.00201461	 0.00201461	 2.63694e-31	 2.63694e-31	 2.63694e-31	 
  0.0101	 0.0015668	 0.00176267	 0.00176267	 2.63694e-31	 2.63694e-31	 2.63694e-31	 
 0.01015	 0.00137075	 0.00154211	 0.00154211	 2.63694e-31	 2.63694e-31	 2.63694e-31	 
  0.0102	 0.00119915	 0.00134905	 0.00134905	 2.63694e-31	 2.63694e-31	 2.63694e-31	 
 0.01025	 0.00104898	 0.00118012	 0.00118012	 2.63694e-31	 2.63694e-31	 2.63694e-31	 
  0.0103	 0.000917517	 0.00103222	 0.00103222	 2.63694e-31	 2.63694e-31	 2.63694e-31	 
 0.01035	 0.000802446	 0.000902762	 0.000902762	 2.63694e-31	 2.63694e-31	 2.63694e-31	 
  0.0104	 0.000701772	 0.000789502	 0.000789502	 2.63694e-31	 2.63694e-31	 2.63694e-31	 
 0.01045	 0.000613694	 0.000690414	 0.000690414	 2.63694e-31	 2.63694e-31	 2.63694e-31	 
  0.0105	 0.000536614	 0.000603697	 0.000603697	 2.63694e-31	 2.63694e-31	 2.63694e-31	 
 0.01055	 0.000469186	 0.00052784	 0.00052784	 2.63694e-31	 2.63694e-31	 2.63694e-31	 
  0.0106	 0.000410201	 0.000461481	 0.000461481	 2.63694e-31	 2.63694e-31	 2.63694e-31	 
 0.01065	 0.000358609	 0.00040344	 0.00040344	 2.63694e-31	 2.63694e-31	 2.63694e-31	 
  0.0107	 0.00031348	 0.000352669	 0.000352669	 2.63694e-31	 2.63694e-31	 2.63694e-31	 
 0.01075	 0.00027401	 0.000308265	 0.000308265	 2.63694e-31	 2.63694e-31	 2.63694e-31	 
  0.0108	 0.000239494	 0.000269434	 0.000269434	 2.63694e-31	 2.63694e-31	 2.63694e-31	 
 0.01085	 0.000209312	 0.000235478	 0.000235478	 2.63694e-31	 2.63694e-31	 2.63694e-31	 
  0.0109	 0.000182919	 0.000205786	 0.000205786	 2.63694e-31	 2.63694e-31	 2.63694e-31	 
 0.01095	 0.000159844	 0.000179827	 0.000179827	 2.63694e-31	 2.63694e-31	 2.63694e-31	 
   0.011	 0.00013967	 0.00015713	 0.00015713	 2.63694e-31	 2.63694e-31	 2.63694e-31	 
 0.01105	 0.000122034	 0.00013729	 0.00013729	 2.63694e-31	 2.63694e-31	 2.63694e-31	 
  0.0111	 0.000106618	 0.000119947	 0.000119947	 2.63694e-31	 2.63694e-31	 2.63694e-31	 
 0.01115	 9.31463e-05	 0.000104791	 0.000104791	 2.63694e-31	 2.63694e-31	 2.63694e-31	 
  0.0112	 8.13693e-05	 9.15415e-05	 9.15415e-05	 2.63694e-31	 2.63694e-31	 2.63694e-31	 
 0.01125	 7.1077e-05	 7.99625e-05	 7.99625e-05	 2.63694e-31	 2.63694e-31	 2.63694e-31	 
  0.0113	 6.20792e-05	 6.98399e-05	 6.98399e-05	 2.63694e-31	 2.63694e-31	 2.63694e-31	 
 0.01135	 5.42212e-05	 6.09996e-05	 6.09996e-05	 2.63694e-31	 2.63694e-31	 2.63694e-31	 
  0.0114	 4.7353e-05	 5.32727e-05	 5.32727e-05	 2.63694e-31	 2.63694e-31	 2.63694e-31	 
 0.01145	 4.13525e-05	 4.65221e-05	 4.65221e-05	 2.63694e-31	 2.63694e-31	 2.63694e-31	 
  0.0115	 3.61103e-05	 4.06246e-05	 4.06246e-05	 2.63694e-31	 2.63694e-31	 2.63694e-31	 
 0.01155	 3.15305e-05	 3.54722e-05	 3.54722e-05	 2.63694e-31	 2.63694e-31	 2.63694e-31	 
  0.0116	 2.753e-05	 3.09716e-05	 3.09716e-05	 2.63694e-31	 2.63694e-31	 2.63694e-31	 
 0.01165	 2.40354e-05	 2.70401e-05	 2.70401e-05	 2.63694e-31	 2.63694e-31	 2.63694e-31	 
  0.0117	 2.09837e-05	 2.36069e-05	 2.36069e-05	 2.63694e-31	 2.63694e-31	 2.63694e-31	 
 0.01175	 1.83178e-05	 2.06078e-05	 2.06078e-05	 2.63694e-31	 2.63694e-31	 2.63694e-31	 
  0.0118	 1.59899e-05	 1.79889e-05	 1.79889e-05	 2.63694e-31	 2.63694e-31	 2.63694e-31	 
 0.01185	 1.3957e-05	 1.57018e-05	 1.57018e-05	 2.63694e-31	 2.63694e-31	 2.63694e-31	 
  0.0119	 1.21819e-05	 1.37048e-05	 1.37048e-05	 2.63694e-31	 2.63694e-31	 2.63694e-31	 
 0.01195	 1.06318e-05	 1.19609e-05	 1.19609e-05	 2.63694e-31	 2.63694e-31	 2.63694e-31	 
   0.012	 9.27864e-06	 1.04386e-05	 1.04386e-05	 2.63694e-31	 2.63694e-31	 2.63694e-31	 
 0.01205	 8.09694e-06	 9.10916e-06	 9.10916e-06	 2.63694e-31	 2.63694e-31	 2.63694e-31	 
  0.0121	 7.0657e-06	 7.94901e-06	 7.94901e-06	 2.63694e-31	 2.63694e-31	 2.63694e-31	 
 0.01215	 6.16493e-06	 6.93563e-06	 6.93563e-06	 2.63694e-31	 2.63694e-31	 2.63694e-31	 
  0.0122	 5.37913e-06	 6.05159e-06	 6.05159e-06	 2.63694e-31	 2.63694e-31	 2.63694e-31	 
 0.01225	 4.69321e-06	 5.27992e-06	 5.27992e-06	 2.63694e-31	 2.63694e-31	 2.63694e-31	 
  0.0123	 4.09446e-06	 4.60632e-06	 4.60632e-06	 2.63694e-31	 2.63694e-31	 2.63694e-31	 
 0.01235	 3.57189e-06	 4.01842e-06	 4.01842e-06	 2.63694e-31	 2.63694e-31	 2.63694e-31	 
  0.0124	 3.11586e-06	 3.50538e-06	 3.50538e-06	 2.63694e-31	 2.63694e-31	 2.63694e-31	 
 0.01245	 2.71791e-06	 3.05768e-06	 3.05768e-06	 2.63694e-31	 2.63694e-31	 2.63694e-31	 
  0.0125	 2.3707e-06	 2.66707e-06	 2.66707e-06	 2.63694e-31	 2.63694e-31	 2.63694e-31	 
 0.01255	 2.06767e-06	 2.32616e-06	 2.32616e-06	 2.63694e-31	 2.63694e-31	 2.63694e-31	 
  0.0126	 1.80334e-06	 2.02878e-06	 2.02878e-06	 2.63694e-31	 2.63694e-31	 2.63694e-31	 
 0.01265	 1.5727e-06	 1.76931e-06	 1.76931e-06	 2.63694e-31	 2.63694e-31	 2.63694e-31	 
  0.0127	 1.37145e-06	 1.5429e-06	 1.5429e-06	 2.63694e-31	 2.63694e-31	 2.63694e-31	 
 0.01275	 1.19595e-06	 1.34545e-06	 1.34545e-06	 2.63694e-31	 2.63694e-31	 2.63694e-31	 
  0.0128	 1.04284e-06	 1.1732e-06	 1.1732e-06	 2.63694e-31	 2.63694e-31	 2.63694e-31	 
 0.01285	 9.09269e-07	 1.02294e-06	 1.02294e-06	 2.63694e-31	 2.63694e-31	 2.63694e-31	 
  0.0129	 7.92799e-07	 8.91909e-07	 8.91909e-07	 2.63694e-31	 2.63694e-31	 2.63694e-31	 
 0.01295	 6.91175e-07	 7.7758e-07	 7.7758e-07	 2.63694e-31	 2.63694e-31	 2.63694e-31	 
   0.013	 6.02547e-07	 6.77873e-07	 6.77873e-07	 2.63694e-31	 2.63694e-31	 2.63694e-31	 
 0.01305	 5.25317e-07	 5.90988e-07	 5.90988e-07	 2.63694e-31	 2.63694e-31	 2.63694e-31	 
  0.0131	 4.57909e-07	 5.15153e-07	 5.15153e-07	 2.63694e-31	 2.63694e-31	 2.63694e-31	 
 0.01315	 3.99149e-07	 4.49047e-07	 4.49047e-07	 2.63694e-31	 2.63694e-31	 2.63694e-31	 
  0.0132	 3.47912e-07	 3.91405e-07	 3.91405e-07	 2.63694e-31	 2.63694e-31	 2.63694e-31	 
 0.01325	 3.03238e-07	 3.41147e-07	 3.41147e-07	 2.63694e-31	 2.63694e-31	 2.63694e-31	 
  0.0133	 2.64288e-07	 2.97327e-07	 2.97327e-07	 2.63694e-31	 2.63694e-31	 2.63694e-31	 
 0.01335	 2.30332e-07	 2.59126e-07	 2.59126e-07	 2.63694e-31	 2.63694e-31	 2.63694e-31	 
  0.0134	 2.00724e-07	 2.25817e-07	 2.25817e-07	 2.63694e-31	 2.63694e-31	 2.63694e-31	 
 0.01345	 1.74921e-07	 1.96788e-07	 1.96788e-07	 2.63694e-31	 2.63694e-31	 2.63694e-31	 
  0.0135	 1.52426e-07	 1.71482e-07	 1.71482e-07	 2.63694e-31	 2.63694e-31	 2.63694e-31	 
 0.01355	 1.32816e-07	 1.4942e-07	 1.4942e-07	 2.63694e-31	 2.63694e-31	 2.63694e-31	 
  0.0136	 1.15726e-07	 1.30193e-07	 1.30193e-07	 2.63694e-31	 2.63694e-31	 2.63694e-31	 
 0.01365	 1.00829e-07	 1.13434e-07	 1.13434e-07	 2.63694e-31	 2.63694e-31	 2.63694e-31	 
  0.0137	 8.78477e-08	 9.88298e-08	 9.88298e-08	 2.63694e-31	 2.63694e-31	 2.63694e-31	 
 0.01375	 7.65306e-08	 8.60979e-08	 8.60979e-08	 2.63694e-31	 2.63694e-31	 2.63694e-31	 
  0.0138	 6.66731e-08	 7.50081e-08	 7.50081e-08	 2.63694e-31	 2.63694e-31	 2.63694e-31	 
 0.01385	 5.80803e-08	 6.5341e-08	 6.5341e-08	 2.63694e-31	 2.63694e-31	 2.63694e-31	 
  0.0139	 5.05922e-08	 5.69168e-08	 5.69168e-08	 2.63694e-31	 2.63694e-31	 2.63694e-31	 
 0.01395	 4.40693e-08	 4.95785e-08	 4.95785e-08	 2.63694e-31	 2.63694e-31	 2.63694e-31	 
   0.014	 3.83852e-08	 4.31839e-08	 4.31839e-08	 2.63694e-31	 2.63694e-31	 2.63694e-31	 
 0.01405	 3.3433e-08	 3.76125e-08	 3.76125e-08	 2.63694e-31	 2.63694e-31	 2.63694e-31	 
  0.0141	 2.91186e-08	 3.27588e-08	 3.27588e-08	 2.63694e-31	 2.63694e-31	 2.63694e-31	 
 0.01415	 2.53596e-08	 2.85298e-08	 2.85298e-08	 2.63694e-31	 2.63694e-31	 2.63694e-31	 
  0.0142	 2.20849e-08	 2.48458e-08	 2.48458e-08	 2.63694e-31	 2.63694e-31	 2.63694e-31	 
 0.01425	 1.92326e-08	 2.16369e-08	 2.16369e-08	 2.63694e-31	 2.63694e-31	 2.63694e-31	 
  0.0143	 1.67477e-08	 1.88414e-08	 1.88414e-08	 2.63694e-31	 2.63694e-31	 2.63694e-31	 
 0.01435	 1.45838e-08	 1.6407e-08	 1.6407e-08	 2.63694e-31	 2.63694e-31	 2.63694e-31	 
  0.0144	 1.26983e-08	 1.42857e-08	 1.42857e-08	 2.63694e-31	 2.63694e-31	 2.63694e-31	 
 0.01445	 1.10567e-08	 1.24389e-08	 1.24389e-08	 2.63694e-31	 2.63694e-31	 2.63694e-31	 
  0.0145	 9.62656e-09	 1.083e-08	 1.083e-08	 2.63694e-31	 2.63694e-31	 2.63694e-31	 
 0.01455	 8.38137e-09	 9.42915e-09	 9.42915e-09	 2.63694e-31	 2.63694e-31	 2.63694e-31	 
  0.0146	 7.29665e-09	 8.20882e-09	 8.20882e-09	 2.63694e-31	 2.63694e-31	 2.63694e-31	 
 0.01465	 6.35239e-09	 7.14652e-09	 7.14652e-09	 2.63694e-31	 2.63694e-31	 2.63694e-31	 
  0.0147	 5.5301e-09	 6.22143e-09	 6.22143e-09	 2.63694e-31	 2.63694e-31	 2.63694e-31	 
 0.01475	 4.81393e-09	 5.41573e-09	 5.41573e-09	 2.63694e-31	 2.63694e-31	 2.63694e-31	 
  0.0148	 4.19039e-09	 4.71424e-09	 4.71424e-09	 2.63694e-31	 2.63694e-31	 2.63694e-31	 
 0.01485	 3.64747e-09	 4.10345e-09	 4.10345e-09	 2.63694e-31	 2.63694e-31	 2.63694e-31	 
  0.0149	 3.17479e-09	 3.57168e-09	 3.57168e-09	 2.63694e-31	 2.63694e-31	 2.63694e-31	 
 0.01495	 2.7633e-09	 3.10875e-09	 3.10875e-09	 2.63694e-31	 2.63694e-31	 2.63694e-31	 
   0.015	 2.40499e-09	 2.70564e-09	 2.70564e-09	 2.63694e-31	 2.63694e-31	 2.63694e-31	 
 0.01505	 2.09312e-09	 2.35478e-09	 2.35478e-09	 2.63694e-31	 2.63694e-31	 2.63694e-31	 
  0.0151	 1.82159e-09	 2.04931e-09	 2.04931e-09	 2.63694e-31	 2.63694e-31	 2.63694e-31	 
 0.01515	 1.58525e-09	 1.78342e-09	 1.78342e-09	 2.63694e-31	 2.63694e-31	 2.63694e-31	 
  0.0152	 1.3795e-09	 1.55195e-09	 1.55195e-09	 2.63694e-31	 2.63694e-31	 2.63694e-31	 
 0.01525	 1.20045e-09	 1.35052e-09	 1.35052e-09	 2.63694e-31	 2.63694e-31	 2.63694e-31	 
  0.0153	 1.04458e-09	 1.17517e-09	 1.17517e-09	 2.63694e-31	 2.63694e-31	 2.63694e-31	 
 0.01535	 9.08919e-10	 1.02255e-09	 1.02255e-09	 2.63694e-31	 2.63694e-31	 2.63694e-31	 
  0.0154	 7.90849e-10	 8.89715e-10	 8.89715e-10	 2.63694e-31	 2.63694e-31	 2.63694e-31	 
 0.01545	 6.88125e-10	 7.7415e-10	 7.7415e-10	 2.63694e-31	 2.63694e-31	 2.63694e-31	 
  0.0155	 5.98698e-10	 6.73543e-10	 6.73543e-10	 2.63694e-31	 2.63694e-31	 2.63694e-31	 
 0.01555	 5.20868e-10	 5.85983e-10	 5.85983e-10	 2.63694e-31	 2.63694e-31	 2.63694e-31	 
  0.0156	 4.53135e-10	 5.09783e-10	 5.09783e-10	 2.63694e-31	 2.63694e-31	 2.63694e-31	 
 0.01565	 3.9421e-10	 4.43491e-10	 4.43491e-10	 2.63694e-31	 2.63694e-31	 2.63694e-31	 
  0.0157	 3.42933e-10	 3.85804e-10	 3.85804e-10	 2.63694e-31	 2.63694e-31	 2.63694e-31	 
 0.01575	 2.98314e-10	 3.35607e-10	 3.35607e-10	 2.63694e-31	 2.63694e-31	 2.63694e-31	 
  0.0158	 2.59494e-10	 2.91934e-10	 2.91934e-10	 2.63694e-31	 2.63694e-31	 2.63694e-31	 
 0.01585	 2.25718e-10	 2.53935e-10	 2.53935e-10	 2.63694e-31	 2.63694e-31	 2.63694e-31	 
  0.0159	 1.96335e-10	 2.2088e-10	 2.2088e-10	 2.63694e-31	 2.63694e-31	 2.63694e-31	 
 0.01595	 1.70767e-10	 1.92115e-10	 1.92115e-10	 2.63694e-31	 2.63694e-31	 2.63694e-31	 
   0.016	 1.48527e-10	 1.67095e-10	 1.67095e-10	 2.63694e-31	 2.63694e-31	 2.63694e-31	 
 0.01605	 1.29177e-10	 1.45326e-10	 1.45326e-10	 2.63694e-31	 2.63694e-31	 2.63694e-31	 
  0.0161	 1.12346e-10	 1.26391e-10	 1.26391e-10	 2.63694e-31	 2.63694e-31	 2.63694e-31	 
 0.01615	 9.77052e-11	 1.0992e-10	 1.0992e-10	 2.63694e-31	 2.63694e-31	 2.63694e-31	 
  0.0162	 8.49684e-11	 9.55905e-11	 9.55905e-11	 2.63694e-31	 2.63694e-31	 2.63694e-31	 
 0.01625	 7.38912e-11	 8.31286e-11	 8.31286e-11	 2.63694e-31	 2.63694e-31	 2.63694e-31	 
  0.0163	 6.42537e-11	 7.22862e-11	 7.22862e-11	 2.63694e-31	 2.63694e-31	 2.63694e-31	 
 0.01635	 5.58758e-11	 6.2861e-11	 6.2861e-11	 2.63694e-31	 2.63694e-31	 2.63694e-31	 
  0.0164	 4.85852e-11	 5.46589e-11	 5.46589e-11	 2.63694e-31	 2.63694e-31	 2.63694e-31	 
 0.01645	 4.22458e-11	 4.7527e-11	 4.7527e-11	 2.63694e-31	 2.63694e-31	 2.63694e-31	 
  0.0165	 3.67322e-11	 4.13242e-11	 4.13242e-11	 2.63694e-31	 2.63694e-31	 2.63694e-31	 
 0.01655	 3.19374e-11	 3.593e-11	 3.593e-11	 2.63694e-31	 2.63694e-31	 2.63694e-31	 
  0.0166	 2.77679e-11	 3.12393e-11	 3.12393e-11	 2.63694e-31	 2.63694e-31	 2.63694e-31	 
 0.01665	 2.41419e-11	 2.71599e-11	 2.71599e-11	 2.63694e-31	 2.63694e-31	 2.63694e-31	 
  0.0167	 2.09887e-11	 2.36125e-11	 2.36125e-11	 2.63694e-31	 2.63694e-31	 2.63694e-31	 
 0.01675	 1.82469e-11	 2.0528e-11	 2.0528e-11	 2.63694e-31	 2.63694e-31	 2.63694e-31	 
  0.0168	 1.58625e-11	 1.78455e-11	 1.78455e-11	 2.63694e-31	 2.63694e-31	 2.63694e-31	 
 0.01685	 1.37895e-11	 1.55134e-11	 1.55134e-11	 2.63694e-31	 2.63694e-31	 2.63694e-31	 
  0.0169	 1.1987e-11	 1.34855e-11	 1.34855e-11	 2.63694e-31	 2.63694e-31	 2.63694e-31	 
 0.01695	 1.04199e-11	 1.17225e-11	 1.17225e-11	 2.63694e-31	 2.63694e-31	 2.63694e-31	 
   0.017	 9.0572e-12	 1.01895e-11	 1.01895e-11	 2.63694e-31	 2.63694e-31	 2.63694e-31	 
 0.01705	 7.873e-12	 8.85722e-12	 8.85722e-12	 2.63694e-31	 2.63694e-31	 2.63694e-31	 
  0.0171	 6.84326e-12	 7.69876e-12	 7.69876e-12	 2.63694e-31	 2.63694e-31	 2.63694e-31	 
 0.01715	 5.94749e-12	 6.691e-12	 6.691e-12	 2.63694e-31	 2.63694e-31	 2.63694e-31	 
  0.0172	 5.16969e-12	 5.81596e-12	 5.81596e-12	 2.63694e-31	 2.63694e-31	 2.63694e-31	 
 0.01725	 4.49286e-12	 5.05452e-12	 5.05452e-12	 2.63694e-31	 2.63694e-31	 2.63694e-31	 
  0.0173	 3.90476e-12	 4.3929e-12	 4.3929e-12	 2.63694e-31	 2.63694e-31	 2.63694e-31	 
 0.01735	 3.39349e-12	 3.81772e-12	 3.81772e-12	 2.63694e-31	 2.63694e-31	 2.63694e-31	 
  0.0174	 2.94915e-12	 3.31783e-12	 3.31783e-12	 2.63694e-31	 2.63694e-31	 2.63694e-31	 
 0.01745	 2.56285e-12	 2.88324e-12	 2.88324e-12	 2.63694e-31	 2.63694e-31	 2.63694e-31	 
  0.0175	 2.22713e-12	 2.50555e-12	 2.50555e-12	 2.63694e-31	 2.63694e-31	 2.63694e-31	 
 0.01755	 1.93536e-12	 2.1773e-12	 2.1773e-12	 2.63694e-31	 2.63694e-31	 2.63694e-31	 
  0.0176	 1.68172e-12	 1.89196e-12	 1.89196e-12	 2.63694e-31	 2.63694e-31	 2.63694e-31	 
 0.01765	 1.46133e-12	 1.64401e-12	 1.64401e-12	 2.63694e-31	 2.63694e-31	 2.63694e-31	 
  0.0177	 1.26978e-12	 1.42852e-12	 1.42852e-12	 2.63694e-31	 2.63694e-31	 2.63694e-31	 
 0.01775	 1.10327e-12	 1.24119e-12	 1.24119e-12	 2.63694e-31	 2.63694e-31	 2.63694e-31	 
  0.0178	 9.58607e-13	 1.07844e-12	 1.07844e-12	 2.63694e-31	 2.63694e-31	 2.63694e-31	 
 0.01785	 8.32889e-13	 9.3701e-13	 9.3701e-13	 2.63694e-31	 2.63694e-31	 2.63694e-31	 
  0.0179	 7.23616e-13	 8.14077e-13	 8.14077e-13	 2.63694e-31	 2.63694e-31	 2.63694e-31	 
 0.01795	 6.2869e-13	 7.07285e-13	 7.07285e-13	 2.63694e-31	 2.63694e-31	 2.63694e-31	 
   0.018	 5.46211e-13	 6.14495e-13	 6.14495e-13	 2.63694e-31	 2.63694e-31	 2.63694e-31	 
 0.01805	 4.74519e-13	 5.3384e-13	 5.3384e-13	 2.63694e-31	 2.63694e-31	 2.63694e-31	 
  0.0181	 4.1223e-13	 4.63764e-13	 4.63764e-13	 2.63694e-31	 2.63694e-31	 2.63694e-31	 
 0.01815	 3.58114e-13	 4.02883e-13	 4.02883e-13	 2.63694e-31	 2.63694e-31	 2.63694e-31	 
  0.0182	 3.11091e-13	 3.49981e-13	 3.49981e-13	 2.63694e-31	 2.63694e-31	 2.63694e-31	 
 0.01825	 2.70236e-13	 3.04019e-13	 3.04019e-13	 2.63694e-31	 2.63694e-31	 2.63694e-31	 
  0.0183	 2.34745e-13	 2.64092e-13	 2.64092e-13	 2.63694e-31	 2.63694e-31	 2.63694e-31	 
 0.01835	 2.03908e-13	 2.29399e-13	 2.29399e-13	 2.63694e-31	 2.63694e-31	 2.63694e-31	 
  0.0184	 1.77115e-13	 1.99257e-13	 1.99257e-13	 2.63694e-31	 2.63694e-31	 2.63694e-31	 
 0.01845	 1.53841e-13	 1.73073e-13	 1.73073e-13	 2.63694e-31	 2.63694e-31	 2.63694e-31	 
  0.0185	 1.33621e-13	 1.50325e-13	 1.50325e-13	 2.63694e-31	 2.63694e-31	 2.63694e-31	 
 0.01855	 1.16056e-13	 1.30564e-13	 1.30564e-13	 2.63694e-31	 2.63694e-31	 2.63694e-31	 
  0.0186	 1.00799e-13	 1.13401e-13	 1.13401e-13	 2.63694e-31	 2.63694e-31	 2.63694e-31	 
 0.01865	 8.75478e-14	 9.84924e-14	 9.84924e-14	 2.63694e-31	 2.63694e-31	 2.63694e-31	 
  0.0187	 7.60307e-14	 8.55355e-14	 8.55355e-14	 2.63694e-31	 2.63694e-31	 2.63694e-31	 
 0.01875	 6.60332e-14	 7.42882e-14	 7.42882e-14	 2.63694e-31	 2.63694e-31	 2.63694e-31	 
  0.0188	 5.73454e-14	 6.45143e-14	 6.45143e-14	 2.63694e-31	 2.63694e-31	 2.63694e-31	 
 0.01885	 4.98008e-14	 5.60266e-14	 5.60266e-14	 2.63694e-31	 2.63694e-31	 2.63694e-31	 
  0.0189	 4.32475e-14	 4.8654e-14	 4.8654e-14	 2.63694e-31	 2.63694e-31	 2.63694e-31	 
 0.01895	 3.7556e-14	 4.22509e-14	 4.22509e-14	 2.63694e-31	 2.63694e-31	 2.63694e-31	 
   0.019	 3.26127e-14	 3.66897e-14	 3.66897e-14	 2.63694e-31	 2.63694e-31	 2.63694e-31	 
 0.01905	 2.83193e-14	 3.18596e-14	 3.18596e-14	 2.63694e-31	 2.63694e-31	 2.63694e-31	 
  0.0191	 2.45908e-14	 2.76649e-14	 2.76649e-14	 2.63694e-31	 2.63694e-31	 2.63694e-31	 
 0.01915	 2.13526e-14	 2.40219e-14	 2.40219e-14	 2.63694e-31	 2.63694e-31	 2.63694e-31	 
  0.0192	 1.85403e-14	 2.08581e-14	 2.08581e-14	 2.63694e-31	 2.63694e-31	 2.63694e-31	 
 0.01925	 1.60979e-14	 1.81104e-14	 1.81104e-14	 2.63694e-31	 2.63694e-31	 2.63694e-31	 
  0.0193	 1.39775e-14	 1.57248e-14	 1.57248e-14	 2.63694e-31	 2.63694e-31	 2.63694e-31	 
 0.01935	 1.21354e-14	 1.36525e-14	 1.36525e-14	 2.63694e-31	 2.63694e-31	 2.63694e-31	 
  0.0194	 1.05363e-14	 1.18535e-14	 1.18535e-14	 2.63694e-31	 2.63694e-31	 2.63694e-31	 
 0.01945	 9.14768e-15	 1.02913e-14	 1.02913e-14	 2.63694e-31	 2.63694e-31	 2.63694e-31	 
  0.0195	 7.94198e-15	 8.93483e-15	 8.93483e-15	 2.63694e-31	 2.63694e-31	 2.63694e-31	 
 0.01955	 6.89475e-15	 7.75668e-15	 7.75668e-15	 2.63694e-31	 2.63694e-31	 2.63694e-31	 
  0.0196	 5.98598e-15	 6.7343e-15	 6.7343e-15	 2.63694e-31	 2.63694e-31	 2.63694e-31	 
 0.01965	 5.19668e-15	 5.84633e-15	 5.84633e-15	 2.63694e-31	 2.63694e-31	 2.63694e-31	 
  0.0197	 4.51116e-15	 5.07511e-15	 5.07511e-15	 2.63694e-31	 2.63694e-31	 2.63694e-31	 
 0.01975	 3.9161e-15	 4.40567e-15	 4.40567e-15	 2.63694e-31	 2.63694e-31	 2.63694e-31	 
  0.0198	 3.39949e-15	 3.82447e-15	 3.82447e-15	 2.63694e-31	 2.63694e-31	 2.63694e-31	 
 0.01985	 2.95095e-15	 3.31986e-15	 3.31986e-15	 2.63694e-31	 2.63694e-31	 2.63694e-31	 
  0.0199	 2.56155e-15	 2.88178e-15	 2.88178e-15	 2.63694e-31	 2.63694e-31	 2.63694e-31	 
 0.01995	 2.22349e-15	 2.50145e-15	 2.50145e-15	 2.63694e-31	 2.63694e-31	 2.63694e-31	 
    0.02	 1.93001e-15	 2.17129e-15	 2.17129e-15	 2.63694e-31	 2.63694e-31	 2.63694e-31	 
 0.02005	 1.67522e-15	 1.88465e-15	 1.88465e-15	 2.63694e-31	 2.63694e-31	 2.63694e-31	 
  0.0201	 1.45403e-15	 1.6358e-15	 1.6358e-15	 2.63694e-31	 2.63694e-31	 2.63694e-31	 
 0.02015	 1.26203e-15	 1.4198e-15	 1.4198e-15	 2.63694e-31	 2.63694e-31	 2.63694e-31	 
  0.0202	 1.09537e-15	 1.23231e-15	 1.23231e-15	 2.63694e-31	 2.63694e-31	 2.63694e-31	 
 0.02025	 9.50709e-16	 1.06956e-15	 1.06956e-15	 2.63694e-31	 2.63694e-31	 2.63694e-31	 
  0.0203	 8.2509e-16	 9.28237e-16	 9.28237e-16	 2.63694e-31	 2.63694e-31	 2.63694e-31	 
 0.02035	 7.16118e-16	 8.05642e-16	 8.05642e-16	 2.63694e-31	 2.63694e-31	 2.63694e-31	 
  0.0204	 6.21492e-16	 6.99186e-16	 6.99186e-16	 2.63694e-31	 2.63694e-31	 2.63694e-31	 
 0.02045	 5.39363e-16	 6.0679e-16	 6.0679e-16	 2.63694e-31	 2.63694e-31	 2.63694e-31	 
  0.0205	 4.68076e-16	 5.26591e-16	 5.26591e-16	 2.63694e-31	 2.63694e-31	 2.63694e-31	 
 0.02055	 4.06207e-16	 4.56988e-16	 4.56988e-16	 2.63694e-31	 2.63694e-31	 2.63694e-31	 
  0.0206	 3.52506e-16	 3.96573e-16	 3.96573e-16	 2.63694e-31	 2.63694e-31	 2.63694e-31	 
 0.02065	 3.05902e-16	 3.44144e-16	 3.44144e-16	 2.63694e-31	 2.63694e-31	 2.63694e-31	 
  0.0207	 2.65453e-16	 2.98638e-16	 2.98638e-16	 2.63694e-31	 2.63694e-31	 2.63694e-31	 
 0.02075	 2.30347e-16	 2.59143e-16	 2.59143e-16	 2.63694e-31	 2.63694e-31	 2.63694e-31	 
  0.0208	 1.99884e-16	 2.24872e-16	 2.24872e-16	 2.63694e-31	 2.63694e-31	 2.63694e-31	 
 0.02085	 1.73441e-16	 1.95123e-16	 1.95123e-16	 2.63694e-31	 2.63694e-31	 2.63694e-31	 
  0.0209	 1.50497e-16	 1.69311e-16	 1.69311e-16	 2.63694e-31	 2.63694e-31	 2.63694e-31	 
 0.02095	 1.30587e-16	 1.46912e-16	 1.46912e-16	 2.63694e-31	 2.63694e-31	 2.63694e-31	 
   0.021	 1.13306e-16	 1.27471e-16	 1.27471e-16	 2.63694e-31	 2.63694e-31	 2.63694e-31	 
 0.02105	 9.831e-17	 1.106e-16	 1.106e-16	 2.63694e-31	 2.63694e-31	 2.63694e-31	 
  0.0211	 8.52983e-17	 9.59617e-17	 9.59617e-17	 2.63694e-31	 2.63694e-31	 2.63694e-31	 
 0.02115	 7.40062e-17	 8.32579e-17	 8.32579e-17	 2.63694e-31	 2.63694e-31	 2.63694e-31	 
  0.0212	 6.42087e-17	 7.22356e-17	 7.22356e-17	 2.63694e-31	 2.63694e-31	 2.63694e-31	 
 0.02125	 5.57109e-17	 6.26754e-17	 6.26754e-17	 2.63694e-31	 2.63694e-31	 2.63694e-31	 
  0.0213	 4.83317e-17	 5.43738e-17	 5.43738e-17	 2.63694e-31	 2.63694e-31	 2.63694e-31	 
 0.02135	 4.19308e-17	 4.71727e-17	 4.71727e-17	 2.63694e-31	 2.63694e-31	 2.63694e-31	 
  0.0214	 3.63773e-17	 4.09249e-17	 4.09249e-17	 2.63694e-31	 2.63694e-31	 2.63694e-31	 
 0.02145	 3.1559e-17	 3.55043e-17	 3.55043e-17	 2.63694e-31	 2.63694e-31	 2.63694e-31	 
  0.0215	 2.7378e-17	 3.08007e-17	 3.08007e-17	 2.63694e-31	 2.63694e-31	 2.63694e-31	 
 0.02155	 2.37505e-17	 2.67196e-17	 2.67196e-17	 2.63694e-31	 2.63694e-31	 2.63694e-31	 
  0.0216	 2.06033e-17	 2.31789e-17	 2.31789e-17	 2.63694e-31	 2.63694e-31	 2.63694e-31	 
 0.02165	 1.7873e-17	 2.01073e-17	 2.01073e-17	 2.63694e-31	 2.63694e-31	 2.63694e-31	 
  0.0217	 1.55041e-17	 1.74423e-17	 1.74423e-17	 2.63694e-31	 2.63694e-31	 2.63694e-31	 
 0.02175	 1.34491e-17	 1.51304e-17	 1.51304e-17	 2.63694e-31	 2.63694e-31	 2.63694e-31	 
  0.0218	 1.1666e-17	 1.31244e-17	 1.31244e-17	 2.63694e-31	 2.63694e-31	 2.63694e-31	 
 0.02185	 1.01194e-17	 1.13845e-17	 1.13845e-17	 2.63694e-31	 2.63694e-31	 2.63694e-31	 
  0.0219	 8.77777e-18	 9.8751e-18	 9.8751e-18	 2.63694e-31	 2.63694e-31	 2.63694e-31	 
 0.02195	 7.61357e-18	 8.56536e-18	 8.56536e-18	 2.63694e-31	 2.63694e-31	 2.63694e-31	 
   0.022	 6.60382e-18	 7.42938e-18	 7.42938e-18	 2.63694e-31	 2.63694e-31	 2.63694e-31	 
 0.02205	 5.72804e-18	 6.44412e-18	 6.44412e-18	 2.63694e-31	 2.63694e-31	 2.63694e-31	 
  0.0221	 4.96819e-18	 5.58928e-18	 5.58928e-18	 2.63694e-31	 2.63694e-31	 2.63694e-31	 
 0.02215	 4.30906e-18	 4.84774e-18	 4.84774e-18	 2.63694e-31	 2.63694e-31	 2.63694e-31	 
  0.0222	 3.73735e-18	 4.20457e-18	 4.20457e-18	 2.63694e-31	 2.63694e-31	 2.63694e-31	 
 0.02225	 3.24143e-18	 3.64665e-18	 3.64665e-18	 2.63694e-31	 2.63694e-31	 2.63694e-31	 
  0.0223	 2.81124e-18	 3.16268e-18	 3.16268e-18	 2.63694e-31	 2.63694e-31	 2.63694e-31	 
 0.02235	 2.43813e-18	 2.74293e-18	 2.74293e-18	 2.63694e-31	 2.63694e-31	 2.63694e-31	 
  0.0224	 2.11451e-18	 2.37885e-18	 2.37885e-18	 2.63694e-31	 2.63694e-31	 2.63694e-31	 
 0.02245	 1.83378e-18	 2.06303e-18	 2.06303e-18	 2.63694e-31	 2.63694e-31	 2.63694e-31	 
  0.0225	 1.59035e-18	 1.78916e-18	 1.78916e-18	 2.63694e-31	 2.63694e-31	 2.63694e-31	 
 0.02255	 1.3792e-18	 1.55162e-18	 1.55162e-18	 2.63694e-31	 2.63694e-31	 2.63694e-31	 
  0.0226	 1.19605e-18	 1.34557e-18	 1.34557e-18	 2.63694e-31	 2.63694e-31	 2.63694e-31	 
 0.02265	 1.03719e-18	 1.16685e-18	 1.16685e-18	 2.63694e-31	 2.63694e-31	 2.63694e-31	 
  0.0227	 8.99422e-19	 1.01186e-18	 1.01186e-18	 2.63694e-31	 2.63694e-31	 2.63694e-31	 
 0.02275	 7.79952e-19	 8.77456e-19	 8.77456e-19	 2.63694e-31	 2.63694e-31	 2.63694e-31	 
  0.0228	 6.76378e-19	 7.60934e-19	 7.60934e-19	 2.63694e-31	 2.63694e-31	 2.63694e-31	 
 0.02285	 5.86501e-19	 6.59821e-19	 6.59821e-19	 2.63694e-31	 2.63694e-31	 2.63694e-31	 
  0.0229	 5.08571e-19	 5.72149e-19	 5.72149e-19	 2.63694e-31	 2.63694e-31	 2.63694e-31	 
 0.02295	 4.40988e-19	 4.96117e-19	 4.96117e-19	 2.63694e-31	 2.63694e-31	 2.63694e-31	 
   0.023	 3.82383e-19	 4.30186e-19	 4.30186e-19	 2.63694e-31	 2.63694e-31	 2.63694e-31	 
 0.02305	 3.31561e-19	 3.7301e-19	 3.7301e-19	 2.63694e-31	 2.63694e-31	 2.63694e-31	 
  0.0231	 2.87487e-19	 3.23427e-19	 3.23427e-19	 2.63694e-31	 2.63694e-31	 2.63694e-31	 
 0.02315	 2.49272e-19	 2.80434e-19	 2.80434e-19	 2.63694e-31	 2.63694e-31	 2.63694e-31	 
  0.0232	 2.1613e-19	 2.43149e-19	 2.43149e-19	 2.63694e-31	 2.63694e-31	 2.63694e-31	 
 0.02325	 1.87392e-19	 2.10819e-19	 2.10819e-19	 2.63694e-31	 2.63694e-31	 2.63694e-31	 
  0.0233	 1.62474e-19	 1.82785e-19	 1.82785e-19	 2.63694e-31	 2.63694e-31	 2.63694e-31	 
 0.02335	 1.40869e-19	 1.5848e-19	 1.5848e-19	 2.63694e-31	 2.63694e-31	 2.63694e-31	 
  0.0234	 1.22134e-19	 1.37402e-19	 1.37402e-19	 2.63694e-31	 2.63694e-31	 2.63694e-31	 
 0.02345	 1.05888e-19	 1.19125e-19	 1.19125e-19	 2.63694e-31	 2.63694e-31	 2.63694e-31	 
  0.0235	 9.18017e-20	 1.03278e-19	 1.03278e-19	 2.63694e-31	 2.63694e-31	 2.63694e-31	 
 0.02355	 7.95898e-20	 8.95395e-20	 8.95395e-20	 2.63694e-31	 2.63694e-31	 2.63694e-31	 
  0.0236	 6.90025e-20	 7.76287e-20	 7.76287e-20	 2.63694e-31	 2.63694e-31	 2.63694e-31	 
 0.02365	 5.98198e-20	 6.7298e-20	 6.7298e-20	 2.63694e-31	 2.63694e-31	 2.63694e-31	 
  0.0237	 5.18568e-20	 5.83396e-20	 5.83396e-20	 2.63694e-31	 2.63694e-31	 2.63694e-31	 
 0.02375	 4.49571e-20	 5.05773e-20	 5.05773e-20	 2.63694e-31	 2.63694e-31	 2.63694e-31	 
  0.0238	 3.89736e-20	 4.38458e-20	 4.38458e-20	 2.63694e-31	 2.63694e-31	 2.63694e-31	 
 0.02385	 3.37859e-20	 3.80096e-20	 3.80096e-20	 2.63694e-31	 2.63694e-31	 2.63694e-31	 
  0.0239	 2.92881e-20	 3.29494e-20	 3.29494e-20	 2.63694e-31	 2.63694e-31	 2.63694e-31	 
 0.02395	 2.53891e-20	 2.8563e-20	 2.8563e-20	 2.63694e-31	 2.63694e-31	 2.63694e-31	 
   0.024	 2.20084e-20	 2.47597e-20	 2.47597e-20	 2.63694e-31	 2.63694e-31	 2.63694e-31	 
 0.02405	 1.90777e-20	 2.14626e-20	 2.14626e-20	 2.63694e-31	 2.63694e-31	 2.63694e-31	 
  0.0241	 1.65373e-20	 1.86047e-20	 1.86047e-20	 2.63694e-31	 2.63694e-31	 2.63694e-31	 
 0.02415	 1.43349e-20	 1.61269e-20	 1.61269e-20	 2.63694e-31	 2.63694e-31	 2.63694e-31	 
  0.0242	 1.24253e-20	 1.39787e-20	 1.39787e-20	 2.63694e-31	 2.63694e-31	 2.63694e-31	 
 0.02425	 1.07703e-20	 1.21167e-20	 1.21167e-20	 2.63694e-31	 2.63694e-31	 2.63694e-31	 
  0.0243	 9.33563e-21	 1.05027e-20	 1.05027e-20	 2.63694e-31	 2.63694e-31	 2.63694e-31	 
 0.02435	 8.09195e-21	 9.10354e-21	 9.10354e-21	 2.63694e-31	 2.63694e-31	 2.63694e-31	 
  0.0244	 7.01372e-21	 7.89052e-21	 7.89052e-21	 2.63694e-31	 2.63694e-31	 2.63694e-31	 
 0.02445	 6.07896e-21	 6.8389e-21	 6.8389e-21	 2.63694e-31	 2.63694e-31	 2.63694e-31	 
  0.0245	 5.26916e-21	 5.92787e-21	 5.92787e-21	 2.63694e-31	 2.63694e-31	 2.63694e-31	 
 0.02455	 4.56679e-21	 5.1377e-21	 5.1377e-21	 2.63694e-31	 2.63694e-31	 2.63694e-31	 
  0.0246	 3.9581e-21	 4.45291e-21	 4.45291e-21	 2.63694e-31	 2.63694e-31	 2.63694e-31	 
 0.02465	 3.43048e-21	 3.85933e-21	 3.85933e-21	 2.63694e-31	 2.63694e-31	 2.63694e-31	 
  0.0247	 2.97319e-21	 3.34488e-21	 3.34488e-21	 2.63694e-31	 2.63694e-31	 2.63694e-31	 
 0.02475	 2.5768e-21	 2.89893e-21	 2.89893e-21	 2.63694e-31	 2.63694e-31	 2.63694e-31	 
  0.0248	 2.23323e-21	 2.51242e-21	 2.51242e-21	 2.63694e-31	 2.63694e-31	 2.63694e-31	 
 0.02485	 1.93546e-21	 2.17742e-21	 2.17742e-21	 2.63694e-31	 2.63694e-31	 2.63694e-31	 
  0.0249	 1.67737e-21	 1.88707e-21	 1.88707e-21	 2.63694e-31	 2.63694e-31	 2.63694e-31	 
 0.02495	 1.45368e-21	 1.63541e-21	 1.63541e-21	 2.63694e-31	 2.63694e-31	 2.63694e-31	 
   0.025	 1.25978e-21	 1.41727e-21	 1.41727e-21	 2.63694e-31	 2.63694e-31	 2.63694e-31	 
       0	        0	        0	        0	        0	        0	        0	 
