       0	        0	        0	        0	        0	        0	        0	 
   5e-05	   662.32	  24163.3	  24163.3	  18676.9	  4665.52	  4665.52	 
  0.0001	   203070	 2.7256e+06	 2.7256e+06	 4.39786e+06	 1.13524e+06	 1.13524e+06	 
 0.00015	 4.00733e+06	 4.31453e+07	 4.31453e+07	 7.02911e+07	 1.87369e+07	 1.87369e+07	 
  0.0002	 2.94163e+07	 2.75278e+08	 2.75278e+08	 4.35935e+08	 1.19753e+08	 1.19753e+08	 
 0.00025	 1.19738e+08	 9.64741e+08	 9.64741e+08	 1.50356e+09	 4.2725e+08	 4.2725e+08	 
  0.0003	 3.38194e+08	 2.27787e+09	 2.27787e+09	 3.51453e+09	 1.04404e+09	 1.04404e+09	 
 0.00035	 6.46556e+08	 3.95045e+09	 3.95045e+09	 6.0666e+09	 1.851e+09	 1.851e+09	 
  0.0004	 9.96416e+08	 5.79298e+09	 5.79298e+09	 8.87815e+09	 2.74789e+09	 2.74789e+09	 
 0.00045	 1.38483e+09	 7.77998e+09	 7.77998e+09	 1.18909e+10	 3.7195e+09	 3.7195e+09	 
  0.0005	 1.81178e+09	 9.85543e+09	 9.85543e+09	 1.4999e+10	 4.74223e+09	 4.74223e+09	 
 0.00055	 2.28264e+09	 1.19686e+10	 1.19686e+10	 1.80956e+10	 5.79659e+09	 5.79659e+09	 
  0.0006	 2.78103e+09	 1.3987e+10	 1.3987e+10	 2.097e+10	 6.82298e+09	 6.82298e+09	 
 0.00065	 3.25704e+09	 1.57759e+10	 1.57759e+10	 2.34486e+10	 7.744e+09	 7.744e+09	 
  0.0007	 3.6943e+09	 1.72933e+10	 1.72933e+10	 2.54817e+10	 8.5359e+09	 8.5359e+09	 
 0.00075	 4.08046e+09	 1.85223e+10	 1.85223e+10	 2.70363e+10	 9.1817e+09	 9.1817e+09	 
  0.0008	 4.41099e+09	 1.94398e+10	 1.94398e+10	 2.81212e+10	 9.67987e+09	 9.67987e+09	 
 0.00085	 4.67491e+09	 2.00825e+10	 2.00825e+10	 2.87622e+10	 1.00276e+10	 1.00276e+10	 
  0.0009	 4.87053e+09	 2.04374e+10	 2.04374e+10	 2.90103e+10	 1.02349e+10	 1.02349e+10	 
 0.00095	 5.0072e+09	 2.0546e+10	 2.0546e+10	 2.88904e+10	 1.03145e+10	 1.03145e+10	 
   0.001	 5.08266e+09	 2.04261e+10	 2.04261e+10	 2.84533e+10	 1.02761e+10	 1.02761e+10	 
 0.00105	 5.10421e+09	 2.01687e+10	 2.01687e+10	 2.78283e+10	 1.0154e+10	 1.0154e+10	 
  0.0011	 5.08538e+09	 1.97951e+10	 1.97951e+10	 2.70574e+10	 9.968e+09	 9.968e+09	 
 0.00115	 5.02142e+09	 1.92969e+10	 1.92969e+10	 2.6121e+10	 9.71016e+09	 9.71016e+09	 
  0.0012	 4.92728e+09	 1.8712e+10	 1.8712e+10	 2.50753e+10	 9.40456e+09	 9.40456e+09	 
 0.00125	 4.81072e+09	 1.80662e+10	 1.80662e+10	 2.396e+10	 9.06606e+09	 9.06606e+09	 
  0.0013	 4.6751e+09	 1.7364e+10	 1.7364e+10	 2.2786e+10	 8.6997e+09	 8.6997e+09	 
 0.00135	 4.52402e+09	 1.66345e+10	 1.66345e+10	 2.15914e+10	 8.31672e+09	 8.31672e+09	 
  0.0014	 4.35756e+09	 1.58816e+10	 1.58816e+10	 2.03846e+10	 7.91909e+09	 7.91909e+09	 
 0.00145	 4.18095e+09	 1.51266e+10	 1.51266e+10	 1.91931e+10	 7.51694e+09	 7.51694e+09	 
  0.0015	 3.9991e+09	 1.43703e+10	 1.43703e+10	 1.80202e+10	 7.11487e+09	 7.11487e+09	 
 0.00155	 3.81523e+09	 1.36269e+10	 1.36269e+10	 1.68836e+10	 6.71928e+09	 6.71928e+09	 
  0.0016	 3.62977e+09	 1.2893e+10	 1.2893e+10	 1.57783e+10	 6.32941e+09	 6.32941e+09	 
 0.00165	 3.4463e+09	 1.21831e+10	 1.21831e+10	 1.47228e+10	 5.95215e+09	 5.95215e+09	 
  0.0017	 3.26458e+09	 1.14898e+10	 1.14898e+10	 1.37059e+10	 5.58484e+09	 5.58484e+09	 
 0.00175	 3.08562e+09	 1.08163e+10	 1.08163e+10	 1.27327e+10	 5.22939e+09	 5.22939e+09	 
  0.0018	 2.9115e+09	 1.0171e+10	 1.0171e+10	 1.18138e+10	 4.88976e+09	 4.88976e+09	 
 0.00185	 2.74162e+09	 9.54527e+09	 9.54527e+09	 1.09378e+10	 4.56296e+09	 4.56296e+09	 
  0.0019	 2.58015e+09	 8.9603e+09	 8.9603e+09	 1.01301e+10	 4.25791e+09	 4.25791e+09	 
 0.00195	 2.42465e+09	 8.40163e+09	 8.40163e+09	 9.37348e+09	 3.96882e+09	 3.96882e+09	 
   0.002	 2.27366e+09	 7.86423e+09	 7.86423e+09	 8.65882e+09	 3.69257e+09	 3.69257e+09	 
 0.00205	 2.12945e+09	 7.35317e+09	 7.35317e+09	 7.99084e+09	 3.43196e+09	 3.43196e+09	 
  0.0021	 1.98904e+09	 6.8573e+09	 6.8573e+09	 7.35367e+09	 3.18117e+09	 3.18117e+09	 
 0.00215	 1.85999e+09	 6.40488e+09	 6.40488e+09	 6.78221e+09	 2.95381e+09	 2.95381e+09	 
  0.0022	 1.73656e+09	 5.97327e+09	 5.97327e+09	 6.24455e+09	 2.73833e+09	 2.73833e+09	 
 0.00225	 1.62072e+09	 5.5668e+09	 5.5668e+09	 5.74836e+09	 2.53796e+09	 2.53796e+09	 
  0.0023	 1.51113e+09	 5.18361e+09	 5.18361e+09	 5.28697e+09	 2.3502e+09	 2.3502e+09	 
 0.00235	 1.40584e+09	 4.81742e+09	 4.81742e+09	 4.85202e+09	 2.17165e+09	 2.17165e+09	 
  0.0024	 1.30769e+09	 4.47881e+09	 4.47881e+09	 4.456e+09	 2.00731e+09	 2.00731e+09	 
 0.00245	 1.21561e+09	 4.16278e+09	 4.16278e+09	 4.09247e+09	 1.8549e+09	 1.8549e+09	 
  0.0025	 1.12824e+09	 3.86379e+09	 3.86379e+09	 3.75352e+09	 1.71163e+09	 1.71163e+09	 
 0.00255	 1.04646e+09	 3.58438e+09	 3.58438e+09	 3.4431e+09	 1.57904e+09	 1.57904e+09	 
  0.0026	 9.68364e+08	 3.31692e+09	 3.31692e+09	 3.15211e+09	 1.45364e+09	 1.45364e+09	 
 0.00265	 8.95762e+08	 3.06794e+09	 3.06794e+09	 2.88723e+09	 1.3383e+09	 1.3383e+09	 
  0.0027	 8.27851e+08	 2.83449e+09	 2.83449e+09	 2.64362e+09	 1.23135e+09	 1.23135e+09	 
 0.00275	 7.65311e+08	 2.61998e+09	 2.61998e+09	 2.42171e+09	 1.1334e+09	 1.1334e+09	 
  0.0028	 7.05972e+08	 2.41659e+09	 2.41659e+09	 2.21333e+09	 1.04094e+09	 1.04094e+09	 
 0.00285	 6.5059e+08	 2.2272e+09	 2.2272e+09	 2.02053e+09	 9.55019e+08	 9.55019e+08	 
  0.0029	 5.99034e+08	 2.05066e+09	 2.05066e+09	 1.84323e+09	 8.75519e+08	 8.75519e+08	 
 0.00295	 5.5198e+08	 1.88948e+09	 1.88948e+09	 1.68436e+09	 8.03618e+08	 8.03618e+08	 
   0.003	 5.08144e+08	 1.73898e+09	 1.73898e+09	 1.53938e+09	 7.37306e+08	 7.37306e+08	 
 0.00305	 4.67204e+08	 1.59826e+09	 1.59826e+09	 1.40633e+09	 6.75896e+08	 6.75896e+08	 
  0.0031	 4.28535e+08	 1.46524e+09	 1.46524e+09	 1.28205e+09	 6.18203e+08	 6.18203e+08	 
 0.00315	 3.92238e+08	 1.3405e+09	 1.3405e+09	 1.16599e+09	 5.64181e+08	 5.64181e+08	 
  0.0032	 3.59094e+08	 1.22666e+09	 1.22666e+09	 1.06133e+09	 5.15145e+08	 5.15145e+08	 
 0.00325	 3.28663e+08	 1.12235e+09	 1.12235e+09	 9.65982e+08	 4.70288e+08	 4.70288e+08	 
  0.0033	 3.0077e+08	 1.02674e+09	 1.02674e+09	 8.79453e+08	 4.29365e+08	 4.29365e+08	 
 0.00335	 2.75355e+08	 9.39662e+08	 9.39662e+08	 8.01156e+08	 3.92198e+08	 3.92198e+08	 
  0.0034	 2.51287e+08	 8.5721e+08	 8.5721e+08	 7.27328e+08	 3.57073e+08	 3.57073e+08	 
 0.00345	 2.29571e+08	 7.82698e+08	 7.82698e+08	 6.61836e+08	 3.25629e+08	 3.25629e+08	 
  0.0035	 2.09503e+08	 7.13872e+08	 7.13872e+08	 6.01741e+08	 2.96666e+08	 2.96666e+08	 
 0.00355	 1.90814e+08	 6.49772e+08	 6.49772e+08	 5.46289e+08	 2.69808e+08	 2.69808e+08	 
  0.0036	 1.73594e+08	 5.90749e+08	 5.90749e+08	 4.95393e+08	 2.45104e+08	 2.45104e+08	 
 0.00365	 1.57757e+08	 5.36514e+08	 5.36514e+08	 4.48742e+08	 2.2242e+08	 2.2242e+08	 
  0.0037	 1.4329e+08	 4.86992e+08	 4.86992e+08	 4.06385e+08	 2.01755e+08	 2.01755e+08	 
 0.00375	 1.30333e+08	 4.42681e+08	 4.42681e+08	 3.68608e+08	 1.83282e+08	 1.83282e+08	 
  0.0038	 1.18618e+08	 4.02628e+08	 4.02628e+08	 3.34683e+08	 1.66632e+08	 1.66632e+08	 
 0.00385	 1.0796e+08	 3.66206e+08	 3.66206e+08	 3.03945e+08	 1.51512e+08	 1.51512e+08	 
  0.0039	 9.77977e+07	 3.31485e+08	 3.31485e+08	 2.74734e+08	 1.37116e+08	 1.37116e+08	 
 0.00395	 8.86283e+07	 3.00173e+08	 3.00173e+08	 2.48522e+08	 1.2416e+08	 1.2416e+08	 
   0.004	 8.01715e+07	 2.71298e+08	 2.71298e+08	 2.24484e+08	 1.12241e+08	 1.12241e+08	 
 0.00405	 7.23362e+07	 2.44562e+08	 2.44562e+08	 2.02259e+08	 1.01208e+08	 1.01208e+08	 
  0.0041	 6.5654e+07	 2.21804e+08	 2.21804e+08	 1.83333e+08	 9.18045e+07	 9.18045e+07	 
 0.00415	 5.94143e+07	 2.00563e+08	 2.00563e+08	 1.65713e+08	 8.3036e+07	 8.3036e+07	 
  0.0042	 5.3902e+07	 1.81836e+08	 1.81836e+08	 1.5011e+08	 7.52812e+07	 7.52812e+07	 
 0.00425	 4.87479e+07	 1.64316e+08	 1.64316e+08	 1.35645e+08	 6.80583e+07	 6.80583e+07	 
  0.0043	 4.40396e+07	 1.4832e+08	 1.4832e+08	 1.22458e+08	 6.14658e+07	 6.14658e+07	 
 0.00435	 3.96551e+07	 1.33426e+08	 1.33426e+08	 1.10219e+08	 5.53358e+07	 5.53358e+07	 
  0.0044	 3.56661e+07	 1.19883e+08	 1.19883e+08	 9.9107e+07	 4.97639e+07	 4.97639e+07	 
 0.00445	 3.22061e+07	 1.08158e+08	 1.08158e+08	 8.94482e+07	 4.49264e+07	 4.49264e+07	 
  0.0045	 2.90411e+07	 9.74413e+07	 9.74413e+07	 8.06263e+07	 4.05043e+07	 4.05043e+07	 
 0.00455	 2.62831e+07	 8.81164e+07	 8.81164e+07	 7.29419e+07	 3.66516e+07	 3.66516e+07	 
  0.0046	 2.37084e+07	 7.94253e+07	 7.94253e+07	 6.57508e+07	 3.30511e+07	 3.30511e+07	 
 0.00465	 2.13784e+07	 7.15616e+07	 7.15616e+07	 5.92631e+07	 2.97972e+07	 2.97972e+07	 
  0.0047	 1.91886e+07	 6.4171e+07	 6.4171e+07	 5.31871e+07	 2.67437e+07	 2.67437e+07	 
 0.00475	 1.72072e+07	 5.74849e+07	 5.74849e+07	 4.77039e+07	 2.39841e+07	 2.39841e+07	 
  0.0048	 1.54715e+07	 5.16318e+07	 5.16318e+07	 4.29174e+07	 2.15705e+07	 2.15705e+07	 
 0.00485	 1.39299e+07	 4.64468e+07	 4.64468e+07	 3.86387e+07	 1.94207e+07	 1.94207e+07	 
  0.0049	 1.254e+07	 4.17725e+07	 4.17725e+07	 3.47995e+07	 1.74865e+07	 1.74865e+07	 
 0.00495	 1.12879e+07	 3.75747e+07	 3.75747e+07	 3.13133e+07	 1.5738e+07	 1.5738e+07	 
   0.005	 1.01724e+07	 3.38366e+07	 3.38366e+07	 2.82124e+07	 1.41813e+07	 1.41813e+07	 
 0.00505	 9.11426e+06	 3.02897e+07	 3.02897e+07	 2.52767e+07	 1.27059e+07	 1.27059e+07	 
  0.0051	 8.16644e+06	 2.71124e+07	 2.71124e+07	 2.26613e+07	 1.13875e+07	 1.13875e+07	 
 0.00515	 7.31094e+06	 2.42456e+07	 2.42456e+07	 2.03001e+07	 1.01974e+07	 1.01974e+07	 
  0.0052	 6.56794e+06	 2.17627e+07	 2.17627e+07	 1.82416e+07	 9.16206e+06	 9.16206e+06	 
 0.00525	 5.89784e+06	 1.9524e+07	 1.9524e+07	 1.63916e+07	 8.22977e+06	 8.22977e+06	 
  0.0053	 5.28659e+06	 1.74849e+07	 1.74849e+07	 1.46993e+07	 7.37828e+06	 7.37828e+06	 
 0.00535	 4.75912e+06	 1.573e+07	 1.573e+07	 1.32277e+07	 6.64101e+06	 6.64101e+06	 
  0.0054	 4.26226e+06	 1.40766e+07	 1.40766e+07	 1.18498e+07	 5.94838e+06	 5.94838e+06	 
 0.00545	 3.81703e+06	 1.25946e+07	 1.25946e+07	 1.0611e+07	 5.32679e+06	 5.32679e+06	 
  0.0055	 3.40773e+06	 1.12326e+07	 1.12326e+07	 9.48335e+06	 4.75786e+06	 4.75786e+06	 
 0.00555	 3.04836e+06	 1.00387e+07	 1.00387e+07	 8.47352e+06	 4.25394e+06	 4.25394e+06	 
  0.0056	 2.73866e+06	 9.0111e+06	 9.0111e+06	 7.61948e+06	 3.82328e+06	 3.82328e+06	 
 0.00565	 2.44167e+06	 8.02577e+06	 8.02577e+06	 6.80308e+06	 3.41086e+06	 3.41086e+06	 
  0.0057	 2.19343e+06	 7.20501e+06	 7.20501e+06	 6.11291e+06	 3.06442e+06	 3.06442e+06	 
 0.00575	 1.96599e+06	 6.45335e+06	 6.45335e+06	 5.47935e+06	 2.74673e+06	 2.74673e+06	 
  0.0058	 1.75718e+06	 5.7638e+06	 5.7638e+06	 4.896e+06	 2.45469e+06	 2.45469e+06	 
 0.00585	 1.56737e+06	 5.1363e+06	 5.1363e+06	 4.37078e+06	 2.19035e+06	 2.19035e+06	 
  0.0059	 1.39572e+06	 4.56927e+06	 4.56927e+06	 3.89687e+06	 1.95153e+06	 1.95153e+06	 
 0.00595	 1.25478e+06	 4.10477e+06	 4.10477e+06	 3.50257e+06	 1.75429e+06	 1.75429e+06	 
   0.006	 1.11801e+06	 3.65367e+06	 3.65367e+06	 3.12513e+06	 1.56403e+06	 1.56403e+06	 
 0.00605	   997267	 3.25668e+06	 3.25668e+06	 2.79375e+06	 1.39648e+06	 1.39648e+06	 
  0.0061	   894532	 2.9194e+06	 2.9194e+06	 2.50684e+06	 1.25282e+06	 1.25282e+06	 
 0.00615	   800275	 2.60989e+06	 2.60989e+06	 2.24059e+06	 1.12034e+06	 1.12034e+06	 
  0.0062	   712764	 2.32262e+06	 2.32262e+06	 1.99837e+06	   998452	   998452	 
 0.00625	   633632	 2.06279e+06	 2.06279e+06	 1.77854e+06	   888053	   888053	 
  0.0063	   568927	 1.85073e+06	 1.85073e+06	 1.5983e+06	   797674	   797674	 
 0.00635	   507468	 1.64936e+06	 1.64936e+06	 1.42719e+06	   711848	   711848	 
  0.0064	   450563	 1.46295e+06	 1.46295e+06	 1.2655e+06	   631657	   631657	 
 0.00645	   403130	 1.30818e+06	 1.30818e+06	 1.13393e+06	   565529	   565529	 
  0.0065	   361016	 1.17079e+06	 1.17079e+06	 1.01595e+06	   506555	   506555	 
 0.00655	   321737	 1.04266e+06	 1.04266e+06	   906042	   451581	   451581	 
  0.0066	   285834	   925511	   925511	   801838	   400500	   400500	 
 0.00665	   255177	   825641	   825641	   717973	   358019	   358019	 
  0.0067	   227892	   736824	   736824	   641750	   319860	   319860	 
 0.00675	   202016	   652546	   652546	   569682	   283719	   283719	 
  0.0068	   180125	   581370	   581370	   507250	   252819	   252819	 
 0.00685	   161247	   520152	   520152	   452922	   226063	   226063	 
  0.0069	   143223	   461806	   461806	   401475	   200612	   200612	 
 0.00695	   127374	   410386	   410386	   356327	   178251	   178251	 
   0.007	   113355	   364906	   364906	   315252	   158221	   158221	 
 0.00705	   101337	   326026	   326026	   281160	   141297	   141297	 
  0.0071	  89838.2	   288827	   288827	   248802	   125163	   125163	 
 0.00715	  79709.2	   256020	   256020	   219336	   110737	   110737	 
  0.0072	  70632.8	   226804	   226804	   193481	  97932.2	  97932.2	 
 0.00725	  63000.6	   202192	   202192	   172743	  87387.5	  87387.5	 
  0.0073	  55667.8	   178599	   178599	   149455	  76509.1	  76509.1	 
 0.00735	    49445	   158510	   158510	   132983	  68008.9	  68008.9	 
  0.0074	  43980.4	   140924	   140924	   117784	  60380.9	  60380.9	 
 0.00745	  38702.6	   123981	   123981	   103508	  53103.6	  53103.6	 
  0.0075	  34334.7	   109887	   109887	  86761.4	    45985	    45985	 
 0.00755	  30132.1	  96399.5	  96399.5	  77038.9	  40555.7	  40555.7	 
  0.0076	  26147.4	  83685.5	  83685.5	  68700.1	  35603.4	  35603.4	 
 0.00765	  23369.2	  74749.1	  74749.1	  55654.4	  30543.6	  30543.6	 
  0.0077	  20770.7	  66390.8	  66390.8	  49528.7	  27161.3	  27161.3	 
 0.00775	  18086.1	  57808.8	  57808.8	  44090.4	  23864.7	  23864.7	 
  0.0078	  16144.7	  51573.5	  51573.5	  39509.6	  21336.9	  21336.9	 
 0.00785	  13585.1	  43427.7	  43427.7	    34975	  18338.3	  18338.3	 
  0.0079	  11973.4	  38240.3	  38240.3	  30864.8	  16171.4	  16171.4	 
 0.00795	  10682.1	    34096	    34096	  27629.6	  14448.2	  14448.2	 
   0.008	  8658.39	  27687.2	  27687.2	    24492	  12176.9	  12176.9	 
 0.00805	   7701.9	  24613.2	  24613.2	  21804.1	  10835.7	  10835.7	 
  0.0081	   6825.5	  21796.9	  21796.9	  19342.9	  9607.11	  9607.11	 
 0.00815	  6130.55	  19566.9	  19566.9	  17014.9	  8549.27	  8549.27	 
  0.0082	  5476.89	    17468	    17468	  13839.3	  7335.19	  7335.19	 
 0.00825	  4822.26	  15366.4	  15366.4	  12198.5	   6461.4	   6461.4	 
  0.0083	  4281.03	  13631.2	  13631.2	  10045.8	  5562.07	  5562.07	 
 0.00835	  3834.21	  12202.2	  12202.2	  8138.47	   4790.7	   4790.7	 
  0.0084	  3415.55	    10864	    10864	  6915.24	  4193.25	  4193.25	 
 0.00845	  3026.88	  9621.74	  9621.74	  5397.76	  3553.73	  3553.73	 
  0.0085	  2649.23	  8421.01	  8421.01	  2081.33	  2523.03	  2523.03	 
 0.00855	  2153.81	  6855.52	  6855.52	  1788.75	  2072.69	  2072.69	 
  0.0086	   1905.2	   6059.6	   6059.6	   1572.1	  1831.18	  1831.18	 
 0.00865	  1545.47	  4918.45	  4918.45	   956.39	  1414.57	  1414.57	 
  0.0087	  1235.62	   3937.4	   3937.4	  383.948	  1046.36	  1046.36	 
 0.00875	  1047.42	   3339.1	   3339.1	  322.279	  886.276	  886.276	 
  0.0088	  860.785	  2746.01	  2746.01	  264.855	  728.358	  728.358	 
 0.00885	  236.668	  768.153	  768.153	  72.8204	  200.258	  200.258	 
  0.0089	  211.452	  685.886	  685.886	  65.0618	  178.922	  178.922	 
 0.00895	  186.235	  603.719	  603.719	  57.3025	  157.583	  157.583	 
   0.009	  161.015	  521.641	  521.641	  49.5426	  136.243	  136.243	 
 0.00905	  52.4234	  173.912	  173.912	  16.1301	  44.3583	  44.3583	 
  0.0091	 6.9295e-32	  5.16561	  5.16561	 6.9295e-32	 6.9295e-32	 6.9295e-32	 
 0.00915	 6.9295e-32	   4.6045	   4.6045	 6.9295e-32	 6.9295e-32	 6.9295e-32	 
  0.0092	 6.9295e-32	  4.10381	  4.10381	 6.9295e-32	 6.9295e-32	 6.9295e-32	 
 0.00925	 6.9295e-32	  3.65703	  3.65703	 6.9295e-32	 6.9295e-32	 6.9295e-32	 
  0.0093	 6.9295e-32	  3.25879	  3.25879	 6.9295e-32	 6.9295e-32	 6.9295e-32	 
 0.00935	 6.9295e-32	  2.90352	  2.90352	 6.9295e-32	 6.9295e-32	 6.9295e-32	 
  0.0094	 6.9295e-32	  2.58694	  2.58694	 6.9295e-32	 6.9295e-32	 6.9295e-32	 
 0.00945	 6.9295e-32	   2.3046	   2.3046	 6.9295e-32	 6.9295e-32	 6.9295e-32	 
  0.0095	 6.9295e-32	  2.05275	  2.05275	 6.9295e-32	 6.9295e-32	 6.9295e-32	 
 0.00955	 6.9295e-32	  1.82836	  1.82836	 6.9295e-32	 6.9295e-32	 6.9295e-32	 
  0.0096	 6.9295e-32	  1.62832	  1.62832	 6.9295e-32	 6.9295e-32	 6.9295e-32	 
 0.00965	 6.9295e-32	  1.45006	  1.45006	 6.9295e-32	 6.9295e-32	 6.9295e-32	 
  0.0097	 6.9295e-32	  1.29119	  1.29119	 6.9295e-32	 6.9295e-32	 6.9295e-32	 
 0.00975	 6.9295e-32	  1.14964	  1.14964	 6.9295e-32	 6.9295e-32	 6.9295e-32	 
  0.0098	 6.9295e-32	   1.0235	   1.0235	 6.9295e-32	 6.9295e-32	 6.9295e-32	 
 0.00985	 6.9295e-32	 0.911124	 0.911124	 6.9295e-32	 6.9295e-32	 6.9295e-32	 
  0.0099	 6.9295e-32	 0.811029	 0.811029	 6.9295e-32	 6.9295e-32	 6.9295e-32	 
 0.00995	 6.9295e-32	 0.721874	 0.721874	 6.9295e-32	 6.9295e-32	 6.9295e-32	 
    0.01	 6.9295e-32	 0.642451	 0.642451	 6.9295e-32	 6.9295e-32	 6.9295e-32	 
 0.01005	 6.9295e-32	 0.571732	 0.571732	 6.9295e-32	 6.9295e-32	 6.9295e-32	 
  0.0101	 6.9295e-32	 0.508753	 0.508753	 6.9295e-32	 6.9295e-32	 6.9295e-32	 
 0.01015	 6.9295e-32	 0.452687	 0.452687	 6.9295e-32	 6.9295e-32	 6.9295e-32	 
  0.0102	 6.9295e-32	 0.402752	 0.402752	 6.9295e-32	 6.9295e-32	 6.9295e-32	 
 0.01025	 6.9295e-32	 0.358297	 0.358297	 6.9295e-32	 6.9295e-32	 6.9295e-32	 
  0.0103	 6.9295e-32	  0.31872	  0.31872	 6.9295e-32	 6.9295e-32	 6.9295e-32	 
 0.01035	 6.9295e-32	 0.283506	 0.283506	 6.9295e-32	 6.9295e-32	 6.9295e-32	 
  0.0104	 6.9295e-32	 0.252162	 0.252162	 6.9295e-32	 6.9295e-32	 6.9295e-32	 
 0.01045	 6.9295e-32	 0.224263	 0.224263	 6.9295e-32	 6.9295e-32	 6.9295e-32	 
  0.0105	 6.9295e-32	 0.199434	 0.199434	 6.9295e-32	 6.9295e-32	 6.9295e-32	 
 0.01055	 6.9295e-32	 0.177343	 0.177343	 6.9295e-32	 6.9295e-32	 6.9295e-32	 
  0.0106	 6.9295e-32	 0.157687	 0.157687	 6.9295e-32	 6.9295e-32	 6.9295e-32	 
 0.01065	 6.9295e-32	   0.1402	   0.1402	 6.9295e-32	 6.9295e-32	 6.9295e-32	 
  0.0107	 6.9295e-32	 0.124642	 0.124642	 6.9295e-32	 6.9295e-32	 6.9295e-32	 
 0.01075	 6.9295e-32	 0.110803	 0.110803	 6.9295e-32	 6.9295e-32	 6.9295e-32	 
  0.0108	 6.9295e-32	 0.0984932	 0.0984932	 6.9295e-32	 6.9295e-32	 6.9295e-32	 
 0.01085	 6.9295e-32	 0.0875463	 0.0875463	 6.9295e-32	 6.9295e-32	 6.9295e-32	 
  0.0109	 6.9295e-32	 0.0778096	 0.0778096	 6.9295e-32	 6.9295e-32	 6.9295e-32	 
 0.01095	 6.9295e-32	 0.0691515	 0.0691515	 6.9295e-32	 6.9295e-32	 6.9295e-32	 
   0.011	 6.9295e-32	 0.0614531	 0.0614531	 6.9295e-32	 6.9295e-32	 6.9295e-32	 
 0.01105	 6.9295e-32	 0.054607	 0.054607	 6.9295e-32	 6.9295e-32	 6.9295e-32	 
  0.0111	 6.9295e-32	 0.0485195	 0.0485195	 6.9295e-32	 6.9295e-32	 6.9295e-32	 
 0.01115	 6.9295e-32	 0.0431098	 0.0431098	 6.9295e-32	 6.9295e-32	 6.9295e-32	 
  0.0112	 6.9295e-32	 0.0382997	 0.0382997	 6.9295e-32	 6.9295e-32	 6.9295e-32	 
 0.01125	 6.9295e-32	 0.0340243	 0.0340243	 6.9295e-32	 6.9295e-32	 6.9295e-32	 
  0.0113	 6.9295e-32	 0.0302232	 0.0302232	 6.9295e-32	 6.9295e-32	 6.9295e-32	 
 0.01135	 6.9295e-32	 0.0268471	 0.0268471	 6.9295e-32	 6.9295e-32	 6.9295e-32	 
  0.0114	 6.9295e-32	 0.0238447	 0.0238447	 6.9295e-32	 6.9295e-32	 6.9295e-32	 
 0.01145	 6.9295e-32	 0.0211779	 0.0211779	 6.9295e-32	 6.9295e-32	 6.9295e-32	 
  0.0115	 6.9295e-32	 0.0188078	 0.0188078	 6.9295e-32	 6.9295e-32	 6.9295e-32	 
 0.01155	 6.9295e-32	 0.016702	 0.016702	 6.9295e-32	 6.9295e-32	 6.9295e-32	 
  0.0116	 6.9295e-32	 0.014831	 0.014831	 6.9295e-32	 6.9295e-32	 6.9295e-32	 
 0.01165	 6.9295e-32	 0.0131687	 0.0131687	 6.9295e-32	 6.9295e-32	 6.9295e-32	 
  0.0117	 6.9295e-32	 0.0116921	 0.0116921	 6.9295e-32	 6.9295e-32	 6.9295e-32	 
 0.01175	 6.9295e-32	 0.0103804	 0.0103804	 6.9295e-32	 6.9295e-32	 6.9295e-32	 
  0.0118	 6.9295e-32	 0.0092155	 0.0092155	 6.9295e-32	 6.9295e-32	 6.9295e-32	 
 0.01185	 6.9295e-32	 0.00818054	 0.00818054	 6.9295e-32	 6.9295e-32	 6.9295e-32	 
  0.0119	 6.9295e-32	 0.0072617	 0.0072617	 6.9295e-32	 6.9295e-32	 6.9295e-32	 
 0.01195	 6.9295e-32	 0.00644554	 0.00644554	 6.9295e-32	 6.9295e-32	 6.9295e-32	 
   0.012	 6.9295e-32	 0.00572067	 0.00572067	 6.9295e-32	 6.9295e-32	 6.9295e-32	 
 0.01205	 6.9295e-32	 0.00507724	 0.00507724	 6.9295e-32	 6.9295e-32	 6.9295e-32	 
  0.0121	 6.9295e-32	 0.00450584	 0.00450584	 6.9295e-32	 6.9295e-32	 6.9295e-32	 
 0.01215	 6.9295e-32	 0.00399843	 0.00399843	 6.9295e-32	 6.9295e-32	 6.9295e-32	 
  0.0122	 6.9295e-32	 0.00354807	 0.00354807	 6.9295e-32	 6.9295e-32	 6.9295e-32	 
 0.01225	 6.9295e-32	 0.00314827	 0.00314827	 6.9295e-32	 6.9295e-32	 6.9295e-32	 
  0.0123	 6.9295e-32	 0.00279344	 0.00279344	 6.9295e-32	 6.9295e-32	 6.9295e-32	 
 0.01235	 6.9295e-32	 0.00247821	 0.00247821	 6.9295e-32	 6.9295e-32	 6.9295e-32	 
  0.0124	 6.9295e-32	 0.00219867	 0.00219867	 6.9295e-32	 6.9295e-32	 6.9295e-32	 
 0.01245	 6.9295e-32	 0.00195049	 0.00195049	 6.9295e-32	 6.9295e-32	 6.9295e-32	 
  0.0125	 6.9295e-32	 0.00173023	 0.00173023	 6.9295e-32	 6.9295e-32	 6.9295e-32	 
 0.01255	 6.9295e-32	 0.00153476	 0.00153476	 6.9295e-32	 6.9295e-32	 6.9295e-32	 
  0.0126	 6.9295e-32	 0.00136131	 0.00136131	 6.9295e-32	 6.9295e-32	 6.9295e-32	 
 0.01265	 6.9295e-32	 0.00120738	 0.00120738	 6.9295e-32	 6.9295e-32	 6.9295e-32	 
  0.0127	 6.9295e-32	 0.00107082	 0.00107082	 6.9295e-32	 6.9295e-32	 6.9295e-32	 
 0.01275	 6.9295e-32	 0.00094965	 0.00094965	 6.9295e-32	 6.9295e-32	 6.9295e-32	 
  0.0128	 6.9295e-32	 0.000842149	 0.000842149	 6.9295e-32	 6.9295e-32	 6.9295e-32	 
 0.01285	 6.9295e-32	 0.000746775	 0.000746775	 6.9295e-32	 6.9295e-32	 6.9295e-32	 
  0.0129	 6.9295e-32	 0.000662184	 0.000662184	 6.9295e-32	 6.9295e-32	 6.9295e-32	 
 0.01295	 6.9295e-32	 0.000587124	 0.000587124	 6.9295e-32	 6.9295e-32	 6.9295e-32	 
   0.013	 6.9295e-32	 0.000520566	 0.000520566	 6.9295e-32	 6.9295e-32	 6.9295e-32	 
 0.01305	 6.9295e-32	 0.000461524	 0.000461524	 6.9295e-32	 6.9295e-32	 6.9295e-32	 
  0.0131	 6.9295e-32	 0.000409173	 0.000409173	 6.9295e-32	 6.9295e-32	 6.9295e-32	 
 0.01315	 6.9295e-32	 0.000362727	 0.000362727	 6.9295e-32	 6.9295e-32	 6.9295e-32	 
  0.0132	 6.9295e-32	 0.000321539	 0.000321539	 6.9295e-32	 6.9295e-32	 6.9295e-32	 
 0.01325	 6.9295e-32	 0.000285005	 0.000285005	 6.9295e-32	 6.9295e-32	 6.9295e-32	 
  0.0133	 6.9295e-32	 0.000252631	 0.000252631	 6.9295e-32	 6.9295e-32	 6.9295e-32	 
 0.01335	 6.9295e-32	 0.000223905	 0.000223905	 6.9295e-32	 6.9295e-32	 6.9295e-32	 
  0.0134	 6.9295e-32	 0.000198454	 0.000198454	 6.9295e-32	 6.9295e-32	 6.9295e-32	 
 0.01345	 6.9295e-32	 0.00017588	 0.00017588	 6.9295e-32	 6.9295e-32	 6.9295e-32	 
  0.0135	 6.9295e-32	 0.000155868	 0.000155868	 6.9295e-32	 6.9295e-32	 6.9295e-32	 
 0.01355	 6.9295e-32	 0.000138124	 0.000138124	 6.9295e-32	 6.9295e-32	 6.9295e-32	 
  0.0136	 6.9295e-32	 0.000122396	 0.000122396	 6.9295e-32	 6.9295e-32	 6.9295e-32	 
 0.01365	 6.9295e-32	 0.000108456	 0.000108456	 6.9295e-32	 6.9295e-32	 6.9295e-32	 
  0.0137	 6.9295e-32	 9.60971e-05	 9.60971e-05	 6.9295e-32	 6.9295e-32	 6.9295e-32	 
 0.01375	 6.9295e-32	 8.51434e-05	 8.51434e-05	 6.9295e-32	 6.9295e-32	 6.9295e-32	 
  0.0138	 6.9295e-32	 7.54359e-05	 7.54359e-05	 6.9295e-32	 6.9295e-32	 6.9295e-32	 
 0.01385	 6.9295e-32	 6.68315e-05	 6.68315e-05	 6.9295e-32	 6.9295e-32	 6.9295e-32	 
  0.0139	 6.9295e-32	 5.92069e-05	 5.92069e-05	 6.9295e-32	 6.9295e-32	 6.9295e-32	 
 0.01395	 6.9295e-32	 5.24481e-05	 5.24481e-05	 6.9295e-32	 6.9295e-32	 6.9295e-32	 
   0.014	 6.9295e-32	 4.64612e-05	 4.64612e-05	 6.9295e-32	 6.9295e-32	 6.9295e-32	 
 0.01405	 6.9295e-32	 4.11544e-05	 4.11544e-05	 6.9295e-32	 6.9295e-32	 6.9295e-32	 
  0.0141	 6.9295e-32	 3.64517e-05	 3.64517e-05	 6.9295e-32	 6.9295e-32	 6.9295e-32	 
 0.01415	 6.9295e-32	 3.22859e-05	 3.22859e-05	 6.9295e-32	 6.9295e-32	 6.9295e-32	 
  0.0142	 6.9295e-32	 2.85967e-05	 2.85967e-05	 6.9295e-32	 6.9295e-32	 6.9295e-32	 
 0.01425	 6.9295e-32	 2.53258e-05	 2.53258e-05	 6.9295e-32	 6.9295e-32	 6.9295e-32	 
  0.0143	 6.9295e-32	 2.24285e-05	 2.24285e-05	 6.9295e-32	 6.9295e-32	 6.9295e-32	 
 0.01435	 6.9295e-32	 1.98624e-05	 1.98624e-05	 6.9295e-32	 6.9295e-32	 6.9295e-32	 
  0.0144	 6.9295e-32	 1.75889e-05	 1.75889e-05	 6.9295e-32	 6.9295e-32	 6.9295e-32	 
 0.01445	 6.9295e-32	 1.55751e-05	 1.55751e-05	 6.9295e-32	 6.9295e-32	 6.9295e-32	 
  0.0145	 6.9295e-32	 1.37914e-05	 1.37914e-05	 6.9295e-32	 6.9295e-32	 6.9295e-32	 
 0.01455	 6.9295e-32	 1.22114e-05	 1.22114e-05	 6.9295e-32	 6.9295e-32	 6.9295e-32	 
  0.0146	 6.9295e-32	 1.0812e-05	 1.0812e-05	 6.9295e-32	 6.9295e-32	 6.9295e-32	 
 0.01465	 6.9295e-32	 9.57256e-06	 9.57256e-06	 6.9295e-32	 6.9295e-32	 6.9295e-32	 
  0.0147	 6.9295e-32	 8.47497e-06	 8.47497e-06	 6.9295e-32	 6.9295e-32	 6.9295e-32	 
 0.01475	 6.9295e-32	 7.50287e-06	 7.50287e-06	 6.9295e-32	 6.9295e-32	 6.9295e-32	 
  0.0148	 6.9295e-32	 6.64198e-06	 6.64198e-06	 6.9295e-32	 6.9295e-32	 6.9295e-32	 
 0.01485	 6.9295e-32	 5.87975e-06	 5.87975e-06	 6.9295e-32	 6.9295e-32	 6.9295e-32	 
  0.0149	 6.9295e-32	 5.20476e-06	 5.20476e-06	 6.9295e-32	 6.9295e-32	 6.9295e-32	 
 0.01495	 6.9295e-32	 4.60719e-06	 4.60719e-06	 6.9295e-32	 6.9295e-32	 6.9295e-32	 
   0.015	 6.9295e-32	 4.07785e-06	 4.07785e-06	 6.9295e-32	 6.9295e-32	 6.9295e-32	 
 0.01505	 6.9295e-32	 3.60937e-06	 3.60937e-06	 6.9295e-32	 6.9295e-32	 6.9295e-32	 
  0.0151	 6.9295e-32	 3.19458e-06	 3.19458e-06	 6.9295e-32	 6.9295e-32	 6.9295e-32	 
 0.01515	 6.9295e-32	 2.82745e-06	 2.82745e-06	 6.9295e-32	 6.9295e-32	 6.9295e-32	 
  0.0152	 6.9295e-32	 2.50215e-06	 2.50215e-06	 6.9295e-32	 6.9295e-32	 6.9295e-32	 
 0.01525	 6.9295e-32	 2.21444e-06	 2.21444e-06	 6.9295e-32	 6.9295e-32	 6.9295e-32	 
  0.0153	 6.9295e-32	 1.95968e-06	 1.95968e-06	 6.9295e-32	 6.9295e-32	 6.9295e-32	 
 0.01535	 6.9295e-32	 1.73415e-06	 1.73415e-06	 6.9295e-32	 6.9295e-32	 6.9295e-32	 
  0.0154	 6.9295e-32	 1.53454e-06	 1.53454e-06	 6.9295e-32	 6.9295e-32	 6.9295e-32	 
 0.01545	 6.9295e-32	 1.35784e-06	 1.35784e-06	 6.9295e-32	 6.9295e-32	 6.9295e-32	 
  0.0155	 6.9295e-32	 1.20145e-06	 1.20145e-06	 6.9295e-32	 6.9295e-32	 6.9295e-32	 
 0.01555	 6.9295e-32	 1.06306e-06	 1.06306e-06	 6.9295e-32	 6.9295e-32	 6.9295e-32	 
  0.0156	 6.9295e-32	 9.40544e-07	 9.40544e-07	 6.9295e-32	 6.9295e-32	 6.9295e-32	 
 0.01565	 6.9295e-32	 8.32149e-07	 8.32149e-07	 6.9295e-32	 6.9295e-32	 6.9295e-32	 
  0.0157	 6.9295e-32	 7.36193e-07	 7.36193e-07	 6.9295e-32	 6.9295e-32	 6.9295e-32	 
 0.01575	 6.9295e-32	 6.51311e-07	 6.51311e-07	 6.9295e-32	 6.9295e-32	 6.9295e-32	 
  0.0158	 6.9295e-32	 5.76184e-07	 5.76184e-07	 6.9295e-32	 6.9295e-32	 6.9295e-32	 
 0.01585	 6.9295e-32	 5.09692e-07	 5.09692e-07	 6.9295e-32	 6.9295e-32	 6.9295e-32	 
  0.0159	 6.9295e-32	 4.50875e-07	 4.50875e-07	 6.9295e-32	 6.9295e-32	 6.9295e-32	 
 0.01595	 6.9295e-32	 3.98836e-07	 3.98836e-07	 6.9295e-32	 6.9295e-32	 6.9295e-32	 
   0.016	 6.9295e-32	 3.52771e-07	 3.52771e-07	 6.9295e-32	 6.9295e-32	 6.9295e-32	 
 0.01605	 6.9295e-32	 3.12031e-07	 3.12031e-07	 6.9295e-32	 6.9295e-32	 6.9295e-32	 
  0.0161	 6.9295e-32	 2.75988e-07	 2.75988e-07	 6.9295e-32	 6.9295e-32	 6.9295e-32	 
 0.01615	 6.9295e-32	 2.44107e-07	 2.44107e-07	 6.9295e-32	 6.9295e-32	 6.9295e-32	 
  0.0162	 6.9295e-32	 2.15889e-07	 2.15889e-07	 6.9295e-32	 6.9295e-32	 6.9295e-32	 
 0.01625	 6.9295e-32	 1.90932e-07	 1.90932e-07	 6.9295e-32	 6.9295e-32	 6.9295e-32	 
  0.0163	 6.9295e-32	 1.68855e-07	 1.68855e-07	 6.9295e-32	 6.9295e-32	 6.9295e-32	 
 0.01635	 6.9295e-32	 1.49326e-07	 1.49326e-07	 6.9295e-32	 6.9295e-32	 6.9295e-32	 
  0.0164	 6.9295e-32	 1.32052e-07	 1.32052e-07	 6.9295e-32	 6.9295e-32	 6.9295e-32	 
 0.01645	 6.9295e-32	 1.16772e-07	 1.16772e-07	 6.9295e-32	 6.9295e-32	 6.9295e-32	 
  0.0165	 6.9295e-32	 1.03256e-07	 1.03256e-07	 6.9295e-32	 6.9295e-32	 6.9295e-32	 
 0.01655	 6.9295e-32	 9.13026e-08	 9.13026e-08	 6.9295e-32	 6.9295e-32	 6.9295e-32	 
  0.0166	 6.9295e-32	 8.07315e-08	 8.07315e-08	 6.9295e-32	 6.9295e-32	 6.9295e-32	 
 0.01665	 6.9295e-32	 7.1382e-08	 7.1382e-08	 6.9295e-32	 6.9295e-32	 6.9295e-32	 
  0.0167	 6.9295e-32	 6.31131e-08	 6.31131e-08	 6.9295e-32	 6.9295e-32	 6.9295e-32	 
 0.01675	 6.9295e-32	 5.57995e-08	 5.57995e-08	 6.9295e-32	 6.9295e-32	 6.9295e-32	 
  0.0168	 6.9295e-32	 4.93338e-08	 4.93338e-08	 6.9295e-32	 6.9295e-32	 6.9295e-32	 
 0.01685	 6.9295e-32	 4.36154e-08	 4.36154e-08	 6.9295e-32	 6.9295e-32	 6.9295e-32	 
  0.0169	 6.9295e-32	 3.85569e-08	 3.85569e-08	 6.9295e-32	 6.9295e-32	 6.9295e-32	 
 0.01695	 6.9295e-32	 3.40869e-08	 3.40869e-08	 6.9295e-32	 6.9295e-32	 6.9295e-32	 
   0.017	 6.9295e-32	 3.01337e-08	 3.01337e-08	 6.9295e-32	 6.9295e-32	 6.9295e-32	 
 0.01705	 6.9295e-32	 2.66368e-08	 2.66368e-08	 6.9295e-32	 6.9295e-32	 6.9295e-32	 
  0.0171	 6.9295e-32	 2.35449e-08	 2.35449e-08	 6.9295e-32	 6.9295e-32	 6.9295e-32	 
 0.01715	 6.9295e-32	 2.0813e-08	 2.0813e-08	 6.9295e-32	 6.9295e-32	 6.9295e-32	 
  0.0172	 6.9295e-32	 1.83968e-08	 1.83968e-08	 6.9295e-32	 6.9295e-32	 6.9295e-32	 
 0.01725	 6.9295e-32	 1.62606e-08	 1.62606e-08	 6.9295e-32	 6.9295e-32	 6.9295e-32	 
  0.0173	 6.9295e-32	 1.43722e-08	 1.43722e-08	 6.9295e-32	 6.9295e-32	 6.9295e-32	 
 0.01735	 6.9295e-32	 1.27027e-08	 1.27027e-08	 6.9295e-32	 6.9295e-32	 6.9295e-32	 
  0.0174	 6.9295e-32	 1.12268e-08	 1.12268e-08	 6.9295e-32	 6.9295e-32	 6.9295e-32	 
 0.01745	 6.9295e-32	 9.92203e-09	 9.92203e-09	 6.9295e-32	 6.9295e-32	 6.9295e-32	 
  0.0175	 6.9295e-32	 8.76872e-09	 8.76872e-09	 6.9295e-32	 6.9295e-32	 6.9295e-32	 
 0.01755	 6.9295e-32	 7.74942e-09	 7.74942e-09	 6.9295e-32	 6.9295e-32	 6.9295e-32	 
  0.0176	 6.9295e-32	 6.84825e-09	 6.84825e-09	 6.9295e-32	 6.9295e-32	 6.9295e-32	 
 0.01765	 6.9295e-32	 6.05179e-09	 6.05179e-09	 6.9295e-32	 6.9295e-32	 6.9295e-32	 
  0.0177	 6.9295e-32	 5.34773e-09	 5.34773e-09	 6.9295e-32	 6.9295e-32	 6.9295e-32	 
 0.01775	 6.9295e-32	 4.72554e-09	 4.72554e-09	 6.9295e-32	 6.9295e-32	 6.9295e-32	 
  0.0178	 6.9295e-32	 4.17562e-09	 4.17562e-09	 6.9295e-32	 6.9295e-32	 6.9295e-32	 
 0.01785	 6.9295e-32	 3.68969e-09	 3.68969e-09	 6.9295e-32	 6.9295e-32	 6.9295e-32	 
  0.0179	 6.9295e-32	 3.26014e-09	 3.26014e-09	 6.9295e-32	 6.9295e-32	 6.9295e-32	 
 0.01795	 6.9295e-32	 2.88047e-09	 2.88047e-09	 6.9295e-32	 6.9295e-32	 6.9295e-32	 
   0.018	 6.9295e-32	 2.54511e-09	 2.54511e-09	 6.9295e-32	 6.9295e-32	 6.9295e-32	 
 0.01805	 6.9295e-32	 2.24867e-09	 2.24867e-09	 6.9295e-32	 6.9295e-32	 6.9295e-32	 
  0.0181	 6.9295e-32	 1.98662e-09	 1.98662e-09	 6.9295e-32	 6.9295e-32	 6.9295e-32	 
 0.01815	 6.9295e-32	 1.75511e-09	 1.75511e-09	 6.9295e-32	 6.9295e-32	 6.9295e-32	 
  0.0182	 6.9295e-32	 1.55056e-09	 1.55056e-09	 6.9295e-32	 6.9295e-32	 6.9295e-32	 
 0.01825	 6.9295e-32	 1.36981e-09	 1.36981e-09	 6.9295e-32	 6.9295e-32	 6.9295e-32	 
  0.0183	 6.9295e-32	 1.21009e-09	 1.21009e-09	 6.9295e-32	 6.9295e-32	 6.9295e-32	 
 0.01835	 6.9295e-32	 1.06899e-09	 1.06899e-09	 6.9295e-32	 6.9295e-32	 6.9295e-32	 
  0.0184	 6.9295e-32	 9.44303e-10	 9.44303e-10	 6.9295e-32	 6.9295e-32	 6.9295e-32	 
 0.01845	 6.9295e-32	 8.3414e-10	 8.3414e-10	 6.9295e-32	 6.9295e-32	 6.9295e-32	 
  0.0185	 6.9295e-32	 7.36819e-10	 7.36819e-10	 6.9295e-32	 6.9295e-32	 6.9295e-32	 
 0.01855	 6.9295e-32	 6.50841e-10	 6.50841e-10	 6.9295e-32	 6.9295e-32	 6.9295e-32	 
  0.0186	 6.9295e-32	 5.74864e-10	 5.74864e-10	 6.9295e-32	 6.9295e-32	 6.9295e-32	 
 0.01865	 6.9295e-32	 5.07769e-10	 5.07769e-10	 6.9295e-32	 6.9295e-32	 6.9295e-32	 
  0.0187	 6.9295e-32	 4.48481e-10	 4.48481e-10	 6.9295e-32	 6.9295e-32	 6.9295e-32	 
 0.01875	 6.9295e-32	 3.96107e-10	 3.96107e-10	 6.9295e-32	 6.9295e-32	 6.9295e-32	 
  0.0188	 6.9295e-32	 3.4984e-10	 3.4984e-10	 6.9295e-32	 6.9295e-32	 6.9295e-32	 
 0.01885	 6.9295e-32	 3.08966e-10	 3.08966e-10	 6.9295e-32	 6.9295e-32	 6.9295e-32	 
  0.0189	 6.9295e-32	 2.72879e-10	 2.72879e-10	 6.9295e-32	 6.9295e-32	 6.9295e-32	 
 0.01895	 6.9295e-32	 2.40975e-10	 2.40975e-10	 6.9295e-32	 6.9295e-32	 6.9295e-32	 
   0.019	 6.9295e-32	 2.12817e-10	 2.12817e-10	 6.9295e-32	 6.9295e-32	 6.9295e-32	 
 0.01905	 6.9295e-32	 1.87939e-10	 1.87939e-10	 6.9295e-32	 6.9295e-32	 6.9295e-32	 
  0.0191	 6.9295e-32	 1.65964e-10	 1.65964e-10	 6.9295e-32	 6.9295e-32	 6.9295e-32	 
 0.01915	 6.9295e-32	 1.46558e-10	 1.46558e-10	 6.9295e-32	 6.9295e-32	 6.9295e-32	 
  0.0192	 6.9295e-32	 1.29417e-10	 1.29417e-10	 6.9295e-32	 6.9295e-32	 6.9295e-32	 
 0.01925	 6.9295e-32	 1.14277e-10	 1.14277e-10	 6.9295e-32	 6.9295e-32	 6.9295e-32	 
  0.0193	 6.9295e-32	 1.00907e-10	 1.00907e-10	 6.9295e-32	 6.9295e-32	 6.9295e-32	 
 0.01935	 6.9295e-32	 8.90989e-11	 8.90989e-11	 6.9295e-32	 6.9295e-32	 6.9295e-32	 
  0.0194	 6.9295e-32	 7.86733e-11	 7.86733e-11	 6.9295e-32	 6.9295e-32	 6.9295e-32	 
 0.01945	 6.9295e-32	 6.94625e-11	 6.94625e-11	 6.9295e-32	 6.9295e-32	 6.9295e-32	 
  0.0195	 6.9295e-32	 6.133e-11	 6.133e-11	 6.9295e-32	 6.9295e-32	 6.9295e-32	 
 0.01955	 6.9295e-32	 5.41507e-11	 5.41507e-11	 6.9295e-32	 6.9295e-32	 6.9295e-32	 
  0.0196	 6.9295e-32	 4.7808e-11	 4.7808e-11	 6.9295e-32	 6.9295e-32	 6.9295e-32	 
 0.01965	 6.9295e-32	 4.22082e-11	 4.22082e-11	 6.9295e-32	 6.9295e-32	 6.9295e-32	 
  0.0197	 6.9295e-32	 3.72638e-11	 3.72638e-11	 6.9295e-32	 6.9295e-32	 6.9295e-32	 
 0.01975	 6.9295e-32	 3.28989e-11	 3.28989e-11	 6.9295e-32	 6.9295e-32	 6.9295e-32	 
  0.0198	 6.9295e-32	 2.90419e-11	 2.90419e-11	 6.9295e-32	 6.9295e-32	 6.9295e-32	 
 0.01985	 6.9295e-32	 2.5639e-11	 2.5639e-11	 6.9295e-32	 6.9295e-32	 6.9295e-32	 
  0.0199	 6.9295e-32	 2.26344e-11	 2.26344e-11	 6.9295e-32	 6.9295e-32	 6.9295e-32	 
 0.01995	 6.9295e-32	 1.99801e-11	 1.99801e-11	 6.9295e-32	 6.9295e-32	 6.9295e-32	 
    0.02	 6.9295e-32	 1.76374e-11	 1.76374e-11	 6.9295e-32	 6.9295e-32	 6.9295e-32	 
 0.02005	 6.9295e-32	 1.55691e-11	 1.55691e-11	 6.9295e-32	 6.9295e-32	 6.9295e-32	 
  0.0201	 6.9295e-32	 1.37428e-11	 1.37428e-11	 6.9295e-32	 6.9295e-32	 6.9295e-32	 
 0.02015	 6.9295e-32	 1.21306e-11	 1.21306e-11	 6.9295e-32	 6.9295e-32	 6.9295e-32	 
  0.0202	 6.9295e-32	 1.07075e-11	 1.07075e-11	 6.9295e-32	 6.9295e-32	 6.9295e-32	 
 0.02025	 6.9295e-32	 9.45108e-12	 9.45108e-12	 6.9295e-32	 6.9295e-32	 6.9295e-32	 
  0.0203	 6.9295e-32	 8.34185e-12	 8.34185e-12	 6.9295e-32	 6.9295e-32	 6.9295e-32	 
 0.02035	 6.9295e-32	 7.36282e-12	 7.36282e-12	 6.9295e-32	 6.9295e-32	 6.9295e-32	 
  0.0204	 6.9295e-32	 6.49834e-12	 6.49834e-12	 6.9295e-32	 6.9295e-32	 6.9295e-32	 
 0.02045	 6.9295e-32	 5.73544e-12	 5.73544e-12	 6.9295e-32	 6.9295e-32	 6.9295e-32	 
  0.0205	 6.9295e-32	 5.0618e-12	 5.0618e-12	 6.9295e-32	 6.9295e-32	 6.9295e-32	 
 0.02055	 6.9295e-32	 4.46736e-12	 4.46736e-12	 6.9295e-32	 6.9295e-32	 6.9295e-32	 
  0.0206	 6.9295e-32	 3.94272e-12	 3.94272e-12	 6.9295e-32	 6.9295e-32	 6.9295e-32	 
 0.02065	 6.9295e-32	 3.47939e-12	 3.47939e-12	 6.9295e-32	 6.9295e-32	 6.9295e-32	 
  0.0207	 6.9295e-32	 3.07064e-12	 3.07064e-12	 6.9295e-32	 6.9295e-32	 6.9295e-32	 
 0.02075	 6.9295e-32	 2.70977e-12	 2.70977e-12	 6.9295e-32	 6.9295e-32	 6.9295e-32	 
  0.0208	 6.9295e-32	 2.39141e-12	 2.39141e-12	 6.9295e-32	 6.9295e-32	 6.9295e-32	 
 0.02085	 6.9295e-32	 2.11025e-12	 2.11025e-12	 6.9295e-32	 6.9295e-32	 6.9295e-32	 
  0.0209	 6.9295e-32	 1.86216e-12	 1.86216e-12	 6.9295e-32	 6.9295e-32	 6.9295e-32	 
 0.02095	 6.9295e-32	 1.64322e-12	 1.64322e-12	 6.9295e-32	 6.9295e-32	 6.9295e-32	 
   0.021	 6.9295e-32	 1.44999e-12	 1.44999e-12	 6.9295e-32	 6.9295e-32	 6.9295e-32	 
 0.02105	 6.9295e-32	 1.27947e-12	 1.27947e-12	 6.9295e-32	 6.9295e-32	 6.9295e-32	 
  0.0211	 6.9295e-32	 1.12897e-12	 1.12897e-12	 6.9295e-32	 6.9295e-32	 6.9295e-32	 
 0.02115	 6.9295e-32	 9.9614e-13	 9.9614e-13	 6.9295e-32	 6.9295e-32	 6.9295e-32	 
  0.0212	 6.9295e-32	 8.78953e-13	 8.78953e-13	 6.9295e-32	 6.9295e-32	 6.9295e-32	 
 0.02125	 6.9295e-32	 7.75524e-13	 7.75524e-13	 6.9295e-32	 6.9295e-32	 6.9295e-32	 
  0.0213	 6.9295e-32	 6.84244e-13	 6.84244e-13	 6.9295e-32	 6.9295e-32	 6.9295e-32	 
 0.02135	 6.9295e-32	 6.03702e-13	 6.03702e-13	 6.9295e-32	 6.9295e-32	 6.9295e-32	 
  0.0214	 6.9295e-32	 5.32647e-13	 5.32647e-13	 6.9295e-32	 6.9295e-32	 6.9295e-32	 
 0.02145	 6.9295e-32	 4.69937e-13	 4.69937e-13	 6.9295e-32	 6.9295e-32	 6.9295e-32	 
  0.0215	 6.9295e-32	 4.14587e-13	 4.14587e-13	 6.9295e-32	 6.9295e-32	 6.9295e-32	 
 0.02155	 6.9295e-32	 3.6577e-13	 3.6577e-13	 6.9295e-32	 6.9295e-32	 6.9295e-32	 
  0.0216	 6.9295e-32	 3.2268e-13	 3.2268e-13	 6.9295e-32	 6.9295e-32	 6.9295e-32	 
 0.02165	 6.9295e-32	 2.84669e-13	 2.84669e-13	 6.9295e-32	 6.9295e-32	 6.9295e-32	 
  0.0217	 6.9295e-32	 2.51132e-13	 2.51132e-13	 6.9295e-32	 6.9295e-32	 6.9295e-32	 
 0.02175	 6.9295e-32	 2.21549e-13	 2.21549e-13	 6.9295e-32	 6.9295e-32	 6.9295e-32	 
  0.0218	 6.9295e-32	 1.95443e-13	 1.95443e-13	 6.9295e-32	 6.9295e-32	 6.9295e-32	 
 0.02185	 6.9295e-32	 1.72408e-13	 1.72408e-13	 6.9295e-32	 6.9295e-32	 6.9295e-32	 
  0.0219	 6.9295e-32	 1.52087e-13	 1.52087e-13	 6.9295e-32	 6.9295e-32	 6.9295e-32	 
 0.02195	 6.9295e-32	 1.34157e-13	 1.34157e-13	 6.9295e-32	 6.9295e-32	 6.9295e-32	 
   0.022	 6.9295e-32	 1.1834e-13	 1.1834e-13	 6.9295e-32	 6.9295e-32	 6.9295e-32	 
 0.02205	 6.9295e-32	 1.04386e-13	 1.04386e-13	 6.9295e-32	 6.9295e-32	 6.9295e-32	 
  0.0221	 6.9295e-32	 9.20767e-14	 9.20767e-14	 6.9295e-32	 6.9295e-32	 6.9295e-32	 
 0.02215	 6.9295e-32	 8.1217e-14	 8.1217e-14	 6.9295e-32	 6.9295e-32	 6.9295e-32	 
  0.0222	 6.9295e-32	 7.1637e-14	 7.1637e-14	 6.9295e-32	 6.9295e-32	 6.9295e-32	 
 0.02225	 6.9295e-32	 6.31847e-14	 6.31847e-14	 6.9295e-32	 6.9295e-32	 6.9295e-32	 
  0.0223	 6.9295e-32	 5.57301e-14	 5.57301e-14	 6.9295e-32	 6.9295e-32	 6.9295e-32	 
 0.02235	 6.9295e-32	 4.91548e-14	 4.91548e-14	 6.9295e-32	 6.9295e-32	 6.9295e-32	 
  0.0224	 6.9295e-32	 4.33536e-14	 4.33536e-14	 6.9295e-32	 6.9295e-32	 6.9295e-32	 
 0.02245	 6.9295e-32	 3.8237e-14	 3.8237e-14	 6.9295e-32	 6.9295e-32	 6.9295e-32	 
  0.0225	 6.9295e-32	 3.37222e-14	 3.37222e-14	 6.9295e-32	 6.9295e-32	 6.9295e-32	 
 0.02255	 6.9295e-32	 2.97421e-14	 2.97421e-14	 6.9295e-32	 6.9295e-32	 6.9295e-32	 
  0.0226	 6.9295e-32	 2.62296e-14	 2.62296e-14	 6.9295e-32	 6.9295e-32	 6.9295e-32	 
 0.02265	 6.9295e-32	 2.31333e-14	 2.31333e-14	 6.9295e-32	 6.9295e-32	 6.9295e-32	 
  0.0227	 6.9295e-32	 2.04007e-14	 2.04007e-14	 6.9295e-32	 6.9295e-32	 6.9295e-32	 
 0.02275	 6.9295e-32	 1.79911e-14	 1.79911e-14	 6.9295e-32	 6.9295e-32	 6.9295e-32	 
  0.0228	 6.9295e-32	 1.5866e-14	 1.5866e-14	 6.9295e-32	 6.9295e-32	 6.9295e-32	 
 0.02285	 6.9295e-32	 1.39916e-14	 1.39916e-14	 6.9295e-32	 6.9295e-32	 6.9295e-32	 
  0.0229	 6.9295e-32	 1.23385e-14	 1.23385e-14	 6.9295e-32	 6.9295e-32	 6.9295e-32	 
 0.02295	 6.9295e-32	 1.08805e-14	 1.08805e-14	 6.9295e-32	 6.9295e-32	 6.9295e-32	 
   0.023	 6.9295e-32	 9.59471e-15	 9.59471e-15	 6.9295e-32	 6.9295e-32	 6.9295e-32	 
 0.02305	 6.9295e-32	 8.46065e-15	 8.46065e-15	 6.9295e-32	 6.9295e-32	 6.9295e-32	 
  0.0231	 6.9295e-32	 7.46059e-15	 7.46059e-15	 6.9295e-32	 6.9295e-32	 6.9295e-32	 
 0.02315	 6.9295e-32	 6.57867e-15	 6.57867e-15	 6.9295e-32	 6.9295e-32	 6.9295e-32	 
  0.0232	 6.9295e-32	 5.80077e-15	 5.80077e-15	 6.9295e-32	 6.9295e-32	 6.9295e-32	 
 0.02325	 6.9295e-32	 5.11482e-15	 5.11482e-15	 6.9295e-32	 6.9295e-32	 6.9295e-32	 
  0.0233	 6.9295e-32	 4.51009e-15	 4.51009e-15	 6.9295e-32	 6.9295e-32	 6.9295e-32	 
 0.02335	 6.9295e-32	 3.97651e-15	 3.97651e-15	 6.9295e-32	 6.9295e-32	 6.9295e-32	 
  0.0234	 6.9295e-32	 3.50623e-15	 3.50623e-15	 6.9295e-32	 6.9295e-32	 6.9295e-32	 
 0.02345	 6.9295e-32	 3.09145e-15	 3.09145e-15	 6.9295e-32	 6.9295e-32	 6.9295e-32	 
  0.0235	 6.9295e-32	 2.72565e-15	 2.72565e-15	 6.9295e-32	 6.9295e-32	 6.9295e-32	 
 0.02355	 6.9295e-32	 2.40326e-15	 2.40326e-15	 6.9295e-32	 6.9295e-32	 6.9295e-32	 
  0.0236	 6.9295e-32	 2.11882e-15	 2.11882e-15	 6.9295e-32	 6.9295e-32	 6.9295e-32	 
 0.02365	 6.9295e-32	 1.86807e-15	 1.86807e-15	 6.9295e-32	 6.9295e-32	 6.9295e-32	 
  0.0237	 6.9295e-32	 1.64696e-15	 1.64696e-15	 6.9295e-32	 6.9295e-32	 6.9295e-32	 
 0.02375	 6.9295e-32	 1.452e-15	 1.452e-15	 6.9295e-32	 6.9295e-32	 6.9295e-32	 
  0.0238	 6.9295e-32	 1.28012e-15	 1.28012e-15	 6.9295e-32	 6.9295e-32	 6.9295e-32	 
 0.02385	 6.9295e-32	 1.12854e-15	 1.12854e-15	 6.9295e-32	 6.9295e-32	 6.9295e-32	 
  0.0239	 6.9295e-32	 9.94909e-16	 9.94909e-16	 6.9295e-32	 6.9295e-32	 6.9295e-32	 
 0.02395	 6.9295e-32	 8.77096e-16	 8.77096e-16	 6.9295e-32	 6.9295e-32	 6.9295e-32	 
   0.024	 6.9295e-32	 7.73219e-16	 7.73219e-16	 6.9295e-32	 6.9295e-32	 6.9295e-32	 
 0.02405	 6.9295e-32	 6.81626e-16	 6.81626e-16	 6.9295e-32	 6.9295e-32	 6.9295e-32	 
  0.0241	 6.9295e-32	 6.00883e-16	 6.00883e-16	 6.9295e-32	 6.9295e-32	 6.9295e-32	 
 0.02415	 6.9295e-32	 5.29693e-16	 5.29693e-16	 6.9295e-32	 6.9295e-32	 6.9295e-32	 
  0.0242	 6.9295e-32	 4.66939e-16	 4.66939e-16	 6.9295e-32	 6.9295e-32	 6.9295e-32	 
 0.02425	 6.9295e-32	 4.11611e-16	 4.11611e-16	 6.9295e-32	 6.9295e-32	 6.9295e-32	 
  0.0243	 6.9295e-32	 3.62839e-16	 3.62839e-16	 6.9295e-32	 6.9295e-32	 6.9295e-32	 
 0.02435	 6.9295e-32	 3.19839e-16	 3.19839e-16	 6.9295e-32	 6.9295e-32	 6.9295e-32	 
  0.0244	 6.9295e-32	 2.81917e-16	 2.81917e-16	 6.9295e-32	 6.9295e-32	 6.9295e-32	 
 0.02445	 6.9295e-32	 2.48493e-16	 2.48493e-16	 6.9295e-32	 6.9295e-32	 6.9295e-32	 
  0.0245	 6.9295e-32	 2.19043e-16	 2.19043e-16	 6.9295e-32	 6.9295e-32	 6.9295e-32	 
 0.02455	 6.9295e-32	 1.93071e-16	 1.93071e-16	 6.9295e-32	 6.9295e-32	 6.9295e-32	 
  0.0246	 6.9295e-32	 1.70179e-16	 1.70179e-16	 6.9295e-32	 6.9295e-32	 6.9295e-32	 
 0.02465	 6.9295e-32	 1.49997e-16	 1.49997e-16	 6.9295e-32	 6.9295e-32	 6.9295e-32	 
  0.0247	 6.9295e-32	 1.32209e-16	 1.32209e-16	 6.9295e-32	 6.9295e-32	 6.9295e-32	 
 0.02475	 6.9295e-32	 1.16525e-16	 1.16525e-16	 6.9295e-32	 6.9295e-32	 6.9295e-32	 
  0.0248	 6.9295e-32	 1.02704e-16	 1.02704e-16	 6.9295e-32	 6.9295e-32	 6.9295e-32	 
 0.02485	 6.9295e-32	 9.05196e-17	 9.05196e-17	 6.9295e-32	 6.9295e-32	 6.9295e-32	 
  0.0249	 6.9295e-32	 7.97807e-17	 7.97807e-17	 6.9295e-32	 6.9295e-32	 6.9295e-32	 
 0.02495	 6.9295e-32	 7.03126e-17	 7.03126e-17	 6.9295e-32	 6.9295e-32	 6.9295e-32	 
   0.025	 6.9295e-32	 6.19699e-17	 6.19699e-17	 6.9295e-32	 6.9295e-32	 6.9295e-32	 
       0	        0	        0	        0	        0	        0	        0	 
