       0	        0	        0	        0	        0	        0	        0	 
   5e-05	 1.19763e+07	 1.34733e+07	 1.34733e+07	  1640.19	 1.29905e+07	 1.29905e+07	 
  0.0001	 4.8852e+07	 5.49311e+07	 5.49311e+07	   223626	 5.33316e+07	 5.33316e+07	 
 0.00015	 1.16337e+08	 1.30644e+08	 1.30644e+08	 1.88939e+06	 1.30962e+08	 1.30962e+08	 
  0.0002	 2.29607e+08	 2.57215e+08	 2.57215e+08	 8.76376e+06	 2.73976e+08	 2.73976e+08	 
 0.00025	 4.0958e+08	 4.57338e+08	 4.57338e+08	 2.75541e+07	 5.18449e+08	 5.18449e+08	 
  0.0003	 6.62229e+08	 7.37138e+08	 7.37138e+08	 6.30241e+07	 8.72407e+08	 8.72407e+08	 
 0.00035	 9.83191e+08	 1.09131e+09	 1.09131e+09	 1.18306e+08	 1.32854e+09	 1.32854e+09	 
  0.0004	 1.36638e+09	 1.51291e+09	 1.51291e+09	 1.94317e+08	 1.87132e+09	 1.87132e+09	 
 0.00045	 1.79451e+09	 1.98317e+09	 1.98317e+09	 2.85408e+08	 2.47216e+09	 2.47216e+09	 
  0.0005	 2.25536e+09	 2.48884e+09	 2.48884e+09	 3.87706e+08	 3.1115e+09	 3.1115e+09	 
 0.00055	 2.73476e+09	 3.01453e+09	 3.01453e+09	 4.96847e+08	 3.76897e+09	 3.76897e+09	 
  0.0006	 3.22338e+09	 3.55034e+09	 3.55034e+09	 6.07999e+08	 4.42789e+09	 4.42789e+09	 
 0.00065	 3.70496e+09	 4.07818e+09	 4.07818e+09	 7.19538e+08	 5.07515e+09	 5.07515e+09	 
  0.0007	 4.1759e+09	 4.59419e+09	 4.59419e+09	 8.29876e+08	 5.70005e+09	 5.70005e+09	 
 0.00075	 4.62983e+09	 5.09142e+09	 5.09142e+09	 9.37483e+08	 6.29391e+09	 6.29391e+09	 
  0.0008	 5.06126e+09	 5.56394e+09	 5.56394e+09	 1.04023e+09	 6.8477e+09	 6.8477e+09	 
 0.00085	 5.46646e+09	 6.0078e+09	 6.0078e+09	 1.1362e+09	 7.35906e+09	 7.35906e+09	 
  0.0009	 5.84494e+09	 6.42257e+09	 6.42257e+09	 1.22437e+09	 7.824e+09	 7.824e+09	 
 0.00095	 6.19208e+09	 6.80307e+09	 6.80307e+09	 1.30462e+09	 8.23694e+09	 8.23694e+09	 
   0.001	 6.50718e+09	 7.14871e+09	 7.14871e+09	 1.37542e+09	 8.59831e+09	 8.59831e+09	 
 0.00105	 6.79047e+09	 7.45978e+09	 7.45978e+09	 1.43654e+09	 8.91268e+09	 8.91268e+09	 
  0.0011	 7.03903e+09	 7.73305e+09	 7.73305e+09	 1.48743e+09	 9.17869e+09	 9.17869e+09	 
 0.00115	 7.25386e+09	 7.96957e+09	 7.96957e+09	 1.5287e+09	 9.39857e+09	 9.39857e+09	 
  0.0012	 7.43524e+09	 8.1697e+09	 8.1697e+09	 1.56021e+09	 9.57616e+09	 9.57616e+09	 
 0.00125	 7.58474e+09	 8.33507e+09	 8.33507e+09	 1.5827e+09	 9.71072e+09	 9.71072e+09	 
  0.0013	 7.70198e+09	 8.46516e+09	 8.46516e+09	 1.59718e+09	 9.80254e+09	 9.80254e+09	 
 0.00135	 7.7906e+09	 8.56398e+09	 8.56398e+09	 1.60414e+09	 9.85786e+09	 9.85786e+09	 
  0.0014	 7.85323e+09	 8.63446e+09	 8.63446e+09	 1.60401e+09	 9.88022e+09	 9.88022e+09	 
 0.00145	 7.88924e+09	 8.67587e+09	 8.67587e+09	 1.59677e+09	 9.86877e+09	 9.86877e+09	 
  0.0015	 7.90125e+09	 8.69097e+09	 8.69097e+09	 1.5841e+09	 9.82708e+09	 9.82708e+09	 
 0.00155	 7.88931e+09	 8.6798e+09	 8.6798e+09	 1.56603e+09	 9.75542e+09	 9.75542e+09	 
  0.0016	 7.85571e+09	 8.64489e+09	 8.64489e+09	 1.54295e+09	 9.65702e+09	 9.65702e+09	 
 0.00165	 7.80194e+09	 8.58778e+09	 8.58778e+09	 1.51584e+09	 9.53446e+09	 9.53446e+09	 
  0.0017	 7.72986e+09	 8.51052e+09	 8.51052e+09	 1.48523e+09	 9.38972e+09	 9.38972e+09	 
 0.00175	 7.64041e+09	 8.4141e+09	 8.4141e+09	 1.4515e+09	 9.2239e+09	 9.2239e+09	 
  0.0018	 7.53477e+09	 8.29983e+09	 8.29983e+09	 1.41495e+09	 9.03799e+09	 9.03799e+09	 
 0.00185	 7.41634e+09	 8.1714e+09	 8.1714e+09	 1.37647e+09	 8.83506e+09	 8.83506e+09	 
  0.0019	 7.28415e+09	 8.02773e+09	 8.02773e+09	 1.33614e+09	 8.61663e+09	 8.61663e+09	 
 0.00195	 7.14082e+09	 7.87168e+09	 7.87168e+09	 1.29451e+09	 8.38511e+09	 8.38511e+09	 
   0.002	 6.98749e+09	 7.70451e+09	 7.70451e+09	 1.25189e+09	 8.14245e+09	 8.14245e+09	 
 0.00205	 6.82489e+09	 7.52702e+09	 7.52702e+09	 1.20846e+09	 7.88892e+09	 7.88892e+09	 
  0.0021	 6.65494e+09	 7.34126e+09	 7.34126e+09	 1.1649e+09	 7.62785e+09	 7.62785e+09	 
 0.00215	 6.47861e+09	 7.14833e+09	 7.14833e+09	 1.12134e+09	 7.36022e+09	 7.36022e+09	 
  0.0022	 6.29671e+09	 6.94916e+09	 6.94916e+09	 1.0776e+09	 7.08658e+09	 7.08658e+09	 
 0.00225	 6.11001e+09	 6.74462e+09	 6.74462e+09	 1.03368e+09	 6.80769e+09	 6.80769e+09	 
  0.0023	 5.9187e+09	 6.53483e+09	 6.53483e+09	 9.90174e+08	 6.52604e+09	 6.52604e+09	 
 0.00235	 5.72682e+09	 6.32425e+09	 6.32425e+09	 9.47874e+08	 6.24503e+09	 6.24503e+09	 
  0.0024	 5.53231e+09	 6.11066e+09	 6.11066e+09	 9.05979e+08	 5.96351e+09	 5.96351e+09	 
 0.00245	 5.33804e+09	 5.89721e+09	 5.89721e+09	 8.65172e+08	 5.68425e+09	 5.68425e+09	 
  0.0025	 5.1439e+09	 5.68374e+09	 5.68374e+09	 8.25596e+08	 5.40893e+09	 5.40893e+09	 
 0.00255	 4.95134e+09	 5.4719e+09	 5.4719e+09	 7.87255e+08	 5.13789e+09	 5.13789e+09	 
  0.0026	 4.76009e+09	 5.26142e+09	 5.26142e+09	 7.49864e+08	 4.87108e+09	 4.87108e+09	 
 0.00265	 4.57033e+09	 5.0525e+09	 5.0525e+09	 7.13377e+08	 4.60901e+09	 4.60901e+09	 
  0.0027	 4.38369e+09	 4.84691e+09	 4.84691e+09	 6.78323e+08	 4.3543e+09	 4.3543e+09	 
 0.00275	 4.19849e+09	 4.64288e+09	 4.64288e+09	 6.43781e+08	 4.10439e+09	 4.10439e+09	 
  0.0028	 4.01808e+09	 4.44402e+09	 4.44402e+09	 6.10891e+08	 3.86358e+09	 3.86358e+09	 
 0.00285	 3.84093e+09	 4.2487e+09	 4.2487e+09	 5.79085e+08	 3.63046e+09	 3.63046e+09	 
  0.0029	 3.6686e+09	 4.0586e+09	 4.0586e+09	 5.48842e+08	 3.40695e+09	 3.40695e+09	 
 0.00295	 3.49966e+09	 3.87223e+09	 3.87223e+09	 5.19386e+08	 3.19106e+09	 3.19106e+09	 
   0.003	 3.33513e+09	 3.69068e+09	 3.69068e+09	 4.91083e+08	 2.98394e+09	 2.98394e+09	 
 0.00305	 3.1753e+09	 3.51426e+09	 3.51426e+09	 4.63896e+08	 2.78575e+09	 2.78575e+09	 
  0.0031	 3.02017e+09	 3.343e+09	 3.343e+09	 4.37823e+08	 2.59658e+09	 2.59658e+09	 
 0.00315	 2.87175e+09	 3.17905e+09	 3.17905e+09	 4.13605e+08	 2.41893e+09	 2.41893e+09	 
  0.0032	 2.72897e+09	 3.02129e+09	 3.02129e+09	 3.90639e+08	 2.251e+09	 2.251e+09	 
 0.00325	 2.59102e+09	 2.86885e+09	 2.86885e+09	 3.68625e+08	 2.09196e+09	 2.09196e+09	 
  0.0033	 2.45832e+09	 2.72217e+09	 2.72217e+09	 3.4774e+08	 1.94202e+09	 1.94202e+09	 
 0.00335	 2.33024e+09	 2.58059e+09	 2.58059e+09	 3.27639e+08	 1.80029e+09	 1.80029e+09	 
  0.0034	 2.20568e+09	 2.44293e+09	 2.44293e+09	 3.07882e+08	 1.66542e+09	 1.66542e+09	 
 0.00345	 2.08625e+09	 2.3109e+09	 2.3109e+09	 2.89157e+08	 1.53924e+09	 1.53924e+09	 
  0.0035	 1.97217e+09	 2.18477e+09	 2.18477e+09	 2.71553e+08	 1.42177e+09	 1.42177e+09	 
 0.00355	 1.86317e+09	 2.06422e+09	 2.06422e+09	 2.54926e+08	 1.3122e+09	 1.3122e+09	 
  0.0036	 1.75995e+09	 1.95001e+09	 1.95001e+09	 2.39592e+08	 1.21104e+09	 1.21104e+09	 
 0.00365	 1.66161e+09	 1.84119e+09	 1.84119e+09	 2.25139e+08	 1.11692e+09	 1.11692e+09	 
  0.0037	 1.56767e+09	 1.73722e+09	 1.73722e+09	 2.11389e+08	 1.02905e+09	 1.02905e+09	 
 0.00375	 1.47798e+09	 1.63796e+09	 1.63796e+09	 1.98282e+08	 9.47054e+08	 9.47054e+08	 
  0.0038	 1.39156e+09	 1.54234e+09	 1.54234e+09	 1.85447e+08	 8.69617e+08	 8.69617e+08	 
 0.00385	 1.30999e+09	 1.45205e+09	 1.45205e+09	 1.73588e+08	 7.98594e+08	 7.98594e+08	 
  0.0039	 1.23235e+09	 1.36611e+09	 1.36611e+09	 1.62392e+08	 7.32851e+08	 7.32851e+08	 
 0.00395	 1.15883e+09	 1.28471e+09	 1.28471e+09	 1.51879e+08	 6.72239e+08	 6.72239e+08	 
   0.004	 1.08961e+09	 1.20805e+09	 1.20805e+09	 1.42231e+08	 6.17173e+08	 6.17173e+08	 
 0.00405	 1.02395e+09	 1.13531e+09	 1.13531e+09	 1.33108e+08	 5.66324e+08	 5.66324e+08	 
  0.0041	 9.61447e+08	 1.06609e+09	 1.06609e+09	 1.24408e+08	 5.19084e+08	 5.19084e+08	 
 0.00415	 9.02533e+08	 1.00082e+09	 1.00082e+09	 1.1632e+08	 4.75836e+08	 4.75836e+08	 
  0.0042	 8.46466e+08	 9.38713e+08	 9.38713e+08	 1.08565e+08	 4.35637e+08	 4.35637e+08	 
 0.00425	 7.92879e+08	 8.7937e+08	 8.7937e+08	 1.01016e+08	 3.97899e+08	 3.97899e+08	 
  0.0043	 7.42781e+08	 8.2387e+08	 8.2387e+08	 9.41382e+07	 3.63809e+08	 3.63809e+08	 
 0.00435	 6.95666e+08	 7.71663e+08	 7.71663e+08	 8.77478e+07	 3.32685e+08	 3.32685e+08	 
  0.0044	 6.51267e+08	 7.22462e+08	 7.22462e+08	 8.17608e+07	 3.04092e+08	 3.04092e+08	 
 0.00445	 6.09414e+08	 6.76079e+08	 6.76079e+08	 7.61452e+07	 2.7787e+08	 2.7787e+08	 
  0.0045	 5.70356e+08	 6.32777e+08	 6.32777e+08	 7.10419e+07	 2.54307e+08	 2.54307e+08	 
 0.00455	 5.33787e+08	 5.92222e+08	 5.92222e+08	 6.63516e+07	 2.33024e+08	 2.33024e+08	 
  0.0046	 4.98993e+08	 5.53648e+08	 5.53648e+08	 6.17907e+07	 2.12968e+08	 2.12968e+08	 
 0.00465	 4.66088e+08	 5.17174e+08	 5.17174e+08	 5.74422e+07	 1.94574e+08	 1.94574e+08	 
  0.0047	 4.35113e+08	 4.82837e+08	 4.82837e+08	 5.33517e+07	 1.77701e+08	 1.77701e+08	 
 0.00475	 4.05993e+08	 4.50558e+08	 4.50558e+08	 4.95127e+07	 1.61775e+08	 1.61775e+08	 
  0.0048	 3.78629e+08	 4.20223e+08	 4.20223e+08	 4.59103e+07	 1.47717e+08	 1.47717e+08	 
 0.00485	 3.53006e+08	 3.91815e+08	 3.91815e+08	 4.25646e+07	 1.34884e+08	 1.34884e+08	 
  0.0049	 3.29065e+08	 3.65267e+08	 3.65267e+08	 3.9474e+07	 1.21468e+08	 1.21468e+08	 
 0.00495	 3.07027e+08	 3.40814e+08	 3.40814e+08	 3.67596e+07	 1.11702e+08	 1.11702e+08	 
   0.005	 2.86382e+08	 3.17905e+08	 3.17905e+08	 3.42281e+07	 1.02707e+08	 1.02707e+08	 
 0.00505	 2.66893e+08	 2.96283e+08	 2.96283e+08	 3.17962e+07	 9.42475e+07	 9.42475e+07	 
  0.0051	 2.48598e+08	 2.75987e+08	 2.75987e+08	 2.9509e+07	 8.64439e+07	 8.64439e+07	 
 0.00515	 2.31423e+08	 2.56934e+08	 2.56934e+08	 2.73552e+07	 7.92414e+07	 7.92414e+07	 
  0.0052	 2.15262e+08	 2.39009e+08	 2.39009e+08	 2.53072e+07	 7.24754e+07	 7.24754e+07	 
 0.00525	 2.00106e+08	 2.222e+08	 2.222e+08	 2.33757e+07	 6.6278e+07	 6.6278e+07	 
  0.0053	 1.85968e+08	 2.06518e+08	 2.06518e+08	 2.15909e+07	 6.06221e+07	 6.06221e+07	 
 0.00535	 1.7289e+08	 1.92005e+08	 1.92005e+08	 1.99837e+07	 5.55081e+07	 5.55081e+07	 
  0.0054	 1.60809e+08	 1.78594e+08	 1.78594e+08	 1.85415e+07	 5.10115e+07	 5.10115e+07	 
 0.00545	 1.49451e+08	 1.65989e+08	 1.65989e+08	 1.71674e+07	 4.67839e+07	 4.67839e+07	 
  0.0055	 1.3892e+08	 1.54297e+08	 1.54297e+08	 1.59097e+07	 4.28982e+07	 4.28982e+07	 
 0.00555	 1.29158e+08	 1.43458e+08	 1.43458e+08	 1.47684e+07	 3.94475e+07	 3.94475e+07	 
  0.0056	 1.19978e+08	 1.33267e+08	 1.33267e+08	 1.36758e+07	 3.62173e+07	 3.62173e+07	 
 0.00565	 1.11327e+08	 1.23666e+08	 1.23666e+08	 1.26234e+07	 3.31485e+07	 3.31485e+07	 
  0.0057	 1.03227e+08	 1.14678e+08	 1.14678e+08	 1.16288e+07	 3.03148e+07	 3.03148e+07	 
 0.00575	 9.57598e+07	 1.06389e+08	 1.06389e+08	 1.07389e+07	 2.78088e+07	 2.78088e+07	 
  0.0058	 8.88014e+07	 9.86637e+07	 9.86637e+07	 9.91084e+06	 2.55014e+07	 2.55014e+07	 
 0.00585	 8.23413e+07	 9.14912e+07	 9.14912e+07	 9.14996e+06	 2.33479e+07	 2.33479e+07	 
  0.0059	 7.63242e+07	 8.48105e+07	 8.48105e+07	 8.44125e+06	 2.14363e+07	 2.14363e+07	 
 0.00595	 7.07502e+07	 7.86206e+07	 7.86206e+07	 7.79312e+06	 1.96879e+07	 1.96879e+07	 
   0.006	 6.5653e+07	 7.29569e+07	 7.29569e+07	 7.22728e+06	 1.81418e+07	 1.81418e+07	 
 0.00605	 6.08854e+07	 6.76605e+07	 6.76605e+07	 6.69056e+06	 1.67076e+07	 1.67076e+07	 
  0.0061	 5.63862e+07	 6.26644e+07	 6.26644e+07	 6.16544e+06	 1.53292e+07	 1.53292e+07	 
 0.00615	 5.22226e+07	 5.80402e+07	 5.80402e+07	 5.68633e+06	 1.40532e+07	 1.40532e+07	 
  0.0062	 4.83451e+07	 5.37338e+07	 5.37338e+07	 5.23954e+06	 1.29193e+07	 1.29193e+07	 
 0.00625	 4.47455e+07	 4.97359e+07	 4.97359e+07	 4.82658e+06	 1.18797e+07	 1.18797e+07	 
  0.0063	 4.14015e+07	 4.60217e+07	 4.60217e+07	 4.44384e+06	 1.09263e+07	 1.09263e+07	 
 0.00635	 3.82949e+07	 4.25712e+07	 4.25712e+07	 4.08812e+06	 1.00466e+07	 1.00466e+07	 
  0.0064	 3.54198e+07	 3.93774e+07	 3.93774e+07	 3.76262e+06	 9.24904e+06	 9.24904e+06	 
 0.00645	 3.27699e+07	 3.6433e+07	 3.6433e+07	 3.46843e+06	 8.51821e+06	 8.51821e+06	 
  0.0065	 3.0345e+07	 3.37374e+07	 3.37374e+07	 3.20923e+06	 7.8821e+06	 7.8821e+06	 
 0.00655	 2.80798e+07	 3.12198e+07	 3.12198e+07	 2.96245e+06	 7.28405e+06	 7.28405e+06	 
  0.0066	 2.59715e+07	 2.88767e+07	 2.88767e+07	 2.73167e+06	 6.72978e+06	 6.72978e+06	 
 0.00665	 2.40098e+07	 2.66969e+07	 2.66969e+07	 2.51513e+06	 6.21611e+06	 6.21611e+06	 
  0.0067	 2.21874e+07	 2.46719e+07	 2.46719e+07	 2.31347e+06	 5.74591e+06	 5.74591e+06	 
 0.00675	 2.04944e+07	 2.27907e+07	 2.27907e+07	 2.12561e+06	 5.2999e+06	 5.2999e+06	 
  0.0068	 1.89266e+07	 2.10486e+07	 2.10486e+07	 1.95199e+06	 4.90589e+06	 4.90589e+06	 
 0.00685	 1.74827e+07	 1.94438e+07	 1.94438e+07	 1.79536e+06	 4.5548e+06	 4.5548e+06	 
  0.0069	 1.61327e+07	 1.79438e+07	 1.79438e+07	 1.64525e+06	 4.21382e+06	 4.21382e+06	 
 0.00695	 1.49059e+07	 1.65798e+07	 1.65798e+07	 1.5161e+06	 3.92812e+06	 3.92812e+06	 
   0.007	 1.37814e+07	 1.53291e+07	 1.53291e+07	 1.4009e+06	 3.67231e+06	 3.67231e+06	 
 0.00705	 1.27334e+07	 1.41637e+07	 1.41637e+07	 1.29178e+06	 3.43253e+06	 3.43253e+06	 
  0.0071	 1.17585e+07	 1.30798e+07	 1.30798e+07	 1.18892e+06	 3.20434e+06	 3.20434e+06	 
 0.00715	 1.08553e+07	 1.20756e+07	 1.20756e+07	 1.09363e+06	 3.00262e+06	 3.00262e+06	 
  0.0072	 1.00169e+07	 1.11436e+07	 1.11436e+07	 1.00457e+06	 2.81586e+06	 2.81586e+06	 
 0.00725	 9.23928e+06	 1.02791e+07	 1.02791e+07	   921506	 2.64516e+06	 2.64516e+06	 
  0.0073	 8.51867e+06	 9.47806e+06	 9.47806e+06	   844332	 2.48485e+06	 2.48485e+06	 
 0.00735	 7.85511e+06	 8.74031e+06	 8.74031e+06	   774283	 2.34367e+06	 2.34367e+06	 
  0.0074	 7.24242e+06	 8.05905e+06	 8.05905e+06	   710079	 2.21513e+06	 2.21513e+06	 
 0.00745	 6.68145e+06	 7.43509e+06	 7.43509e+06	   652956	 2.10343e+06	 2.10343e+06	 
  0.0075	 6.1687e+06	 6.86455e+06	 6.86455e+06	   602493	 2.00512e+06	 2.00512e+06	 
 0.00755	 5.6917e+06	 6.3339e+06	 6.3339e+06	   554654	 1.91229e+06	 1.91229e+06	 
  0.0076	 5.24938e+06	 5.84187e+06	 5.84187e+06	   509911	 1.8284e+06	 1.8284e+06	 
 0.00765	 4.8404e+06	 5.38692e+06	 5.38692e+06	   468640	 1.75142e+06	 1.75142e+06	 
  0.0077	 4.46137e+06	 4.96532e+06	 4.96532e+06	   430126	 1.68049e+06	 1.68049e+06	 
 0.00775	 4.10978e+06	 4.5743e+06	 4.5743e+06	   393999	 1.61423e+06	 1.61423e+06	 
  0.0078	 3.78707e+06	 4.21537e+06	 4.21537e+06	   361014	 1.55541e+06	 1.55541e+06	 
 0.00785	 3.48887e+06	 3.88366e+06	 3.88366e+06	   330947	 1.5024e+06	 1.5024e+06	 
  0.0079	 3.21205e+06	 3.57577e+06	 3.57577e+06	   302608	 1.45191e+06	 1.45191e+06	 
 0.00795	 2.95964e+06	 3.29491e+06	 3.29491e+06	   277738	 1.40857e+06	 1.40857e+06	 
   0.008	 2.72884e+06	 3.03802e+06	 3.03802e+06	   255653	 1.36962e+06	 1.36962e+06	 
 0.00805	 2.51656e+06	 2.8017e+06	 2.8017e+06	   235624	 1.33501e+06	 1.33501e+06	 
  0.0081	 2.3197e+06	 2.58259e+06	 2.58259e+06	   216802	 1.30243e+06	 1.30243e+06	 
 0.00815	 2.13682e+06	 2.37908e+06	 2.37908e+06	   198922	 1.27101e+06	 1.27101e+06	 
  0.0082	 1.96801e+06	 2.19123e+06	 2.19123e+06	   182465	 1.24147e+06	 1.24147e+06	 
 0.00825	 1.81111e+06	 2.01667e+06	 2.01667e+06	   166790	 1.2131e+06	 1.2131e+06	 
  0.0083	 1.66754e+06	 1.85689e+06	 1.85689e+06	   152842	 1.18708e+06	 1.18708e+06	 
 0.00835	 1.53443e+06	 1.70878e+06	 1.70878e+06	   139733	 1.16154e+06	 1.16154e+06	 
  0.0084	 1.41139e+06	 1.57189e+06	 1.57189e+06	   127508	 1.13662e+06	 1.13662e+06	 
 0.00845	 1.29894e+06	 1.44675e+06	 1.44675e+06	   116650	 1.11359e+06	 1.11359e+06	 
  0.0085	 1.19788e+06	 1.33416e+06	 1.33416e+06	   107737	 1.09347e+06	 1.09347e+06	 
 0.00855	 1.10372e+06	 1.22931e+06	 1.22931e+06	  99143.9	 1.07132e+06	 1.07132e+06	 
  0.0086	 1.01679e+06	 1.13251e+06	 1.13251e+06	  91159.6	 1.04589e+06	 1.04589e+06	 
 0.00865	   936381	 1.04297e+06	 1.04297e+06	  83719.5	 1.02601e+06	 1.02601e+06	 
  0.0087	   861508	   959638	   959638	  76546.2	 1.00556e+06	 1.00556e+06	 
 0.00875	   792401	   882721	   882721	    69913	   984993	   984993	 
  0.0088	   729236	   812395	   812395	  64036.1	   965081	   965081	 
 0.00885	   670127	   746619	   746619	  58253.2	   943876	   943876	 
  0.0089	   615260	   685582	   685582	    52740	   923074	   923074	 
 0.00895	   566381	   631134	   631134	  48405.8	   900507	   900507	 
   0.009	   519808	   579329	   579329	    43689	   880434	   880434	 
 0.00905	   478795	   533621	   533621	  40231.5	   858667	   858667	 
  0.0091	   440812	   491297	   491297	  36973.6	   838399	   838399	 
 0.00915	   405488	   451949	   451949	  33840.5	   817642	   817642	 
  0.0092	   372963	   415716	   415716	    30974	   795653	   795653	 
 0.00925	   342903	   382232	   382232	  28295.2	   774747	   774747	 
  0.0093	   315243	   351420	   351420	  25851.2	   752814	   752814	 
 0.00935	   288891	   322103	   322103	  23216.7	   730359	   730359	 
  0.0094	   265081	   295594	   295594	    21002	   709332	   709332	 
 0.00945	   243904	   271983	   271983	  19292.4	   688662	   688662	 
  0.0095	   223883	   249687	   249687	  17472.5	   667953	   667953	 
 0.00955	   206045	   229792	   229792	  16080.9	   647367	   647367	 
  0.0096	   189527	   211375	   211375	  14761.1	   626601	   626601	 
 0.00965	   173766	   193826	   193826	  13302.9	   605640	   605640	 
  0.0097	   159683	   178126	   178126	  12157.3	   585333	   585333	 
 0.00975	   146402	   163333	   163333	    10966	   565001	   565001	 
  0.0098	   134033	   149563	   149563	  9803.77	   544653	   544653	 
 0.00985	   122979	   137242	   137242	  8889.08	   524895	   524895	 
  0.0099	   112988	   126097	   126097	     8128	   505477	   505477	 
 0.00995	   103885	   115938	   115938	  7466.31	   486393	   486393	 
    0.01	  95585.8	   106674	   106674	  6889.96	   467614	   467614	 
 0.01005	  87816.4	  98006.8	  98006.8	  6301.92	   449390	   449390	 
  0.0101	  80555.9	  89912.3	  89912.3	  5712.64	   430476	   430476	 
 0.01015	    74052	  82653.2	  82653.2	   5249.8	   413052	   413052	 
  0.0102	  67931.6	  75828.2	  75828.2	  4765.06	   395937	   395937	 
 0.01025	  62264.3	  69510.3	  69510.3	  4302.42	   379244	   379244	 
  0.0103	  57127.8	  63780.4	  63780.4	  3912.41	   362931	   362931	 
 0.01035	  52329.2	  58430.7	  58430.7	  3521.61	   346703	   346703	 
  0.0104	  47966.3	  53564.8	  53564.8	  3183.23	   331297	   331297	 
 0.01045	    43957	  49093.2	  49093.2	  2871.93	   316087	   316087	 
  0.0105	  40419.3	  45140.8	  45140.8	  2650.84	   301421	   301421	 
 0.01055	  37085.5	  41420.1	  41420.1	  2412.49	   287369	   287369	 
  0.0106	  33673.3	  37627.8	  37627.8	  2040.46	   273665	   273665	 
 0.01065	  30929.4	  34561.8	  34561.8	  1872.63	   260478	   260478	 
  0.0107	  28391.1	  31726.3	  31726.3	   1711.7	   247711	   247711	 
 0.01075	  26064.5	  29127.1	  29127.1	  1566.63	   235398	   235398	 
  0.0108	  23832.3	  26637.5	  26637.5	  1392.79	   223477	   223477	 
 0.01085	  21763.6	  24331.2	  24331.2	   1225.5	   211993	   211993	 
  0.0109	  19894.9	  22246.3	  22246.3	  1085.66	   200949	   200949	 
 0.01095	    18177	  20329.8	  20329.8	  956.591	   190351	   190351	 
   0.011	  16702.5	  18680.1	  18680.1	  883.342	   180185	   180185	 
 0.01105	  15341.8	  17157.9	  17157.9	  813.902	   170321	   170321	 
  0.0111	  14086.3	  15753.7	  15753.7	  747.779	   160800	   160800	 
 0.01115	  12926.2	  14456.6	  14456.6	  684.305	   151868	   151868	 
  0.0112	  11861.8	  13266.3	  13266.3	  626.929	   143032	   143032	 
 0.01125	  10882.5	  12171.3	  12171.3	  573.328	   134890	   134890	 
  0.0113	  9972.14	  11153.8	  11153.8	  519.651	   127105	   127105	 
 0.01135	  9140.77	  10224.4	  10224.4	  472.344	   119437	   119437	 
  0.0114	  8383.67	  9377.77	  9377.77	  431.704	   112405	   112405	 
 0.01145	  7676.47	  8587.51	  8587.51	  388.886	   105720	   105720	 
  0.0115	  6988.93	  7821.03	  7821.03	  332.804	  99360.6	  99360.6	 
 0.01155	  6414.08	  7177.64	  7177.64	  306.178	  93335.6	  93335.6	 
  0.0116	  5801.41	  6496.07	  6496.07	  244.646	    87603	    87603	 
 0.01165	   5318.5	   5955.5	   5955.5	  223.009	  82187.8	  82187.8	 
  0.0117	  4725.84	  5299.34	  5299.34	  138.319	  77030.1	  77030.1	 
 0.01175	  4330.72	  4856.46	  4856.46	   125.28	  72184.8	  72184.8	 
  0.0118	  3921.08	  4399.64	  4399.64	  93.0571	  67595.4	  67595.4	 
 0.01185	  3484.33	  3915.21	  3915.21	  37.6375	  63251.5	  63251.5	 
  0.0119	  3191.94	  3586.82	  3586.82	  33.1892	  59175.2	  59175.2	 
 0.01195	  2927.66	  3289.81	  3289.81	   30.803	  55287.3	  55287.3	 
   0.012	  2685.87	  3018.02	  3018.02	  28.9116	  51676.6	  51676.6	 
 0.01205	  2463.67	  2768.28	  2768.28	  27.0202	  48278.7	  48278.7	 
  0.0121	  2259.35	  2538.66	  2538.66	  25.1287	  45082.3	  45082.3	 
 0.01215	  2071.54	   2327.6	   2327.6	  23.2372	  42077.8	  42077.8	 
  0.0122	  1898.92	  2133.64	  2133.64	  21.3457	  39257.7	  39257.7	 
 0.01225	  1740.21	  1955.33	  1955.33	  19.4542	  36609.7	  36609.7	 
  0.0123	  1594.18	  1791.28	  1791.28	  17.5626	  34126.5	  34126.5	 
 0.01235	  1459.94	  1640.49	  1640.49	   15.671	  31799.4	  31799.4	 
  0.0124	  1318.39	  1482.44	  1482.44	  6.06758	  29614.7	  29614.7	 
 0.01245	   1194.9	  1344.27	  1344.27	 3.33229e-33	    27572	    27572	 
  0.0125	  1094.82	  1231.69	  1231.69	 3.33229e-33	  25662.6	  25662.6	 
 0.01255	  1003.03	  1128.43	  1128.43	 3.33229e-33	  23877.5	  23877.5	 
  0.0126	  918.964	  1033.85	  1033.85	 3.33229e-33	  22209.1	  22209.1	 
 0.01265	   841.81	  947.047	  947.047	 3.33229e-33	  20651.3	  20651.3	 
  0.0127	  771.161	  867.566	  867.566	 3.33229e-33	  19196.9	  19196.9	 
 0.01275	  706.368	  794.673	  794.673	 3.33229e-33	  17839.5	  17839.5	 
  0.0128	  646.989	  727.871	  727.871	 3.33229e-33	  16573.2	  16573.2	 
 0.01285	   592.56	  666.638	  666.638	 3.33229e-33	  15392.9	  15392.9	 
  0.0129	  542.684	  610.527	  610.527	 3.33229e-33	  14292.5	  14292.5	 
 0.01295	  496.978	  559.107	  559.107	 3.33229e-33	  13268.4	  13268.4	 
   0.013	  455.093	  511.986	  511.986	 3.33229e-33	  12314.3	  12314.3	 
 0.01305	   416.72	  468.815	  468.815	 3.33229e-33	  11426.5	  11426.5	 
  0.0131	  381.557	  429.257	  429.257	 3.33229e-33	  10600.6	  10600.6	 
 0.01315	  349.347	  393.019	  393.019	 3.33229e-33	  9832.41	  9832.41	 
  0.0132	  319.835	  359.818	  359.818	 3.33229e-33	  9118.21	  9118.21	 
 0.01325	   292.81	  329.415	  329.415	 3.33229e-33	  8454.42	  8454.42	 
  0.0133	  268.047	  301.557	  301.557	 3.33229e-33	   7837.6	   7837.6	 
 0.01335	  245.372	  276.047	  276.047	 3.33229e-33	  7264.55	  7264.55	 
  0.0134	    224.6	  252.678	  252.678	 3.33229e-33	  6732.43	  6732.43	 
 0.01345	  205.576	  231.276	  231.276	 3.33229e-33	  6238.31	  6238.31	 
  0.0135	  188.154	  211.676	  211.676	 3.33229e-33	   5779.6	   5779.6	 
 0.01355	  172.204	  193.732	  193.732	 3.33229e-33	  5353.95	  5353.95	 
  0.0136	  157.596	  177.297	  177.297	 3.33229e-33	  4958.81	  4958.81	 
 0.01365	  144.223	  162.253	  162.253	 3.33229e-33	   4592.3	   4592.3	 
  0.0137	  131.972	  148.471	  148.471	 3.33229e-33	  4252.23	  4252.23	 
 0.01375	  120.763	   135.86	   135.86	 3.33229e-33	  3936.75	  3936.75	 
  0.0138	  110.497	   124.31	   124.31	 3.33229e-33	  3644.26	  3644.26	 
 0.01385	  101.101	   113.74	   113.74	 3.33229e-33	  3372.92	  3372.92	 
  0.0139	  92.5015	  104.065	  104.065	 3.33229e-33	  3121.24	  3121.24	 
 0.01395	  84.6263	  95.2057	  95.2057	 3.33229e-33	  2888.02	  2888.02	 
   0.014	  77.4195	  87.0979	  87.0979	 3.33229e-33	  2671.75	  2671.75	 
 0.01405	  70.8235	  79.6773	  79.6773	 3.33229e-33	  2471.23	  2471.23	 
  0.0141	  64.7871	  72.8863	  72.8863	 3.33229e-33	  2285.45	  2285.45	 
 0.01415	  59.2623	  66.6708	  66.6708	 3.33229e-33	  2113.21	  2113.21	 
  0.0142	   54.206	  60.9824	  60.9824	 3.33229e-33	  1953.74	  1953.74	 
 0.01425	    49.58	  55.7781	  55.7781	 3.33229e-33	  1805.84	  1805.84	 
  0.0143	  45.3461	   51.015	   51.015	 3.33229e-33	  1668.88	  1668.88	 
 0.01435	  41.4725	  46.6571	  46.6571	 3.33229e-33	  1542.12	  1542.12	 
  0.0144	  37.9285	    42.67	    42.67	 3.33229e-33	   1424.7	   1424.7	 
 0.01445	  34.6854	  39.0215	  39.0215	 3.33229e-33	   1315.9	   1315.9	 
  0.0145	  31.7181	  35.6833	  35.6833	 3.33229e-33	  1215.23	  1215.23	 
 0.01455	  29.0046	  32.6305	  32.6305	 3.33229e-33	  1122.06	  1122.06	 
  0.0146	  26.5214	  29.8369	  29.8369	 3.33229e-33	  1035.85	  1035.85	 
 0.01465	  24.2497	  27.2812	  27.2812	 3.33229e-33	  956.094	  956.094	 
  0.0147	  22.1724	  24.9443	  24.9443	 3.33229e-33	  882.326	  882.326	 
 0.01475	  20.2718	   22.806	   22.806	 3.33229e-33	  814.103	  814.103	 
  0.0148	  18.5339	  20.8509	  20.8509	 3.33229e-33	  751.019	  751.019	 
 0.01485	  16.9441	  19.0623	  19.0623	 3.33229e-33	  692.718	  692.718	 
  0.0149	  15.4894	  17.4258	  17.4258	 3.33229e-33	  638.843	  638.843	 
 0.01495	  14.1599	  15.9301	  15.9301	 3.33229e-33	  589.049	  589.049	 
   0.015	  12.9437	  14.5618	  14.5618	 3.33229e-33	  543.067	  543.067	 
 0.01505	  11.8315	  13.3106	  13.3106	 3.33229e-33	  500.589	  500.589	 
  0.0151	  10.8147	  12.1666	  12.1666	 3.33229e-33	  461.369	  461.369	 
 0.01515	  9.88485	  11.1206	  11.1206	 3.33229e-33	  425.149	  425.149	 
  0.0152	  9.03479	  10.1643	  10.1643	 3.33229e-33	  391.732	  391.732	 
 0.01525	  8.25719	  9.28944	  9.28944	 3.33229e-33	  360.885	  360.885	 
  0.0153	  7.54671	  8.49015	  8.49015	 3.33229e-33	  332.423	  332.423	 
 0.01535	  6.89689	  7.75909	  7.75909	 3.33229e-33	  306.162	  306.162	 
  0.0154	  6.30276	  7.09068	  7.09068	 3.33229e-33	  281.953	  281.953	 
 0.01545	  5.75967	   6.4797	   6.4797	 3.33229e-33	  259.614	  259.614	 
  0.0155	  5.26321	  5.92118	  5.92118	 3.33229e-33	   239.02	   239.02	 
 0.01555	  4.80934	  5.41057	  5.41057	 3.33229e-33	  220.037	  220.037	 
  0.0156	  4.39447	  4.94383	  4.94383	 3.33229e-33	   202.53	   202.53	 
 0.01565	  4.01533	   4.5173	   4.5173	 3.33229e-33	  186.412	  186.412	 
  0.0157	  3.66868	  4.12731	  4.12731	 3.33229e-33	  171.547	  171.547	 
 0.01575	  3.35192	  3.77095	  3.77095	 3.33229e-33	  157.851	  157.851	 
  0.0158	  3.06235	  3.44518	  3.44518	 3.33229e-33	  145.237	  145.237	 
 0.01585	  2.79777	  3.14752	  3.14752	 3.33229e-33	  133.606	  133.606	 
  0.0159	  2.55591	  2.87544	  2.87544	 3.33229e-33	  122.907	  122.907	 
 0.01595	  2.33491	   2.6268	   2.6268	 3.33229e-33	  113.051	  113.051	 
   0.016	  2.13296	  2.39961	  2.39961	 3.33229e-33	  103.976	  103.976	 
 0.01605	  1.94843	  2.19201	  2.19201	 3.33229e-33	  95.6192	  95.6192	 
  0.0161	  1.77978	  2.00228	  2.00228	 3.33229e-33	  87.9265	  87.9265	 
 0.01615	  1.62572	  1.82896	  1.82896	 3.33229e-33	   80.846	   80.846	 
  0.0162	  1.48493	  1.67056	  1.67056	 3.33229e-33	  74.3286	  74.3286	 
 0.01625	  1.35628	  1.52583	  1.52583	 3.33229e-33	  68.3312	  68.3312	 
  0.0163	   1.2387	  1.39356	  1.39356	 3.33229e-33	  62.8122	  62.8122	 
 0.01635	  1.13138	  1.27282	  1.27282	 3.33229e-33	  57.7345	  57.7345	 
  0.0164	  1.03327	  1.16245	  1.16245	 3.33229e-33	  53.0625	  53.0625	 
 0.01645	 0.943637	   1.0616	   1.0616	 3.33229e-33	  48.7643	  48.7643	 
  0.0165	  0.86174	 0.969468	 0.969468	 3.33229e-33	  44.8116	  44.8116	 
 0.01655	 0.786953	 0.885332	 0.885332	 3.33229e-33	   41.176	   41.176	 
  0.0166	 0.718634	 0.808473	 0.808473	 3.33229e-33	  37.8319	  37.8319	 
 0.01665	 0.656223	 0.738259	 0.738259	 3.33229e-33	   34.757	   34.757	 
  0.0167	  0.59922	  0.67413	  0.67413	 3.33229e-33	  31.9305	  31.9305	 
 0.01675	 0.547147	 0.615548	 0.615548	 3.33229e-33	  29.3314	  29.3314	 
  0.0168	 0.499588	 0.562043	 0.562043	 3.33229e-33	  26.9413	  26.9413	 
 0.01685	 0.456152	 0.513177	 0.513177	 3.33229e-33	  24.7442	  24.7442	 
  0.0169	 0.416481	 0.468546	 0.468546	 3.33229e-33	  22.7242	  22.7242	 
 0.01695	 0.380248	 0.427784	 0.427784	 3.33229e-33	   20.869	   20.869	 
   0.017	 0.347161	  0.39056	  0.39056	 3.33229e-33	  19.1625	  19.1625	 
 0.01705	 0.316941	 0.356563	 0.356563	 3.33229e-33	  17.5949	  17.5949	 
  0.0171	 0.289347	 0.325519	 0.325519	 3.33229e-33	  16.1552	  16.1552	 
 0.01715	 0.264147	 0.297169	 0.297169	 3.33229e-33	   14.831	   14.831	 
  0.0172	 0.241133	 0.271278	 0.271278	 3.33229e-33	  13.6151	  13.6151	 
 0.01725	 0.220115	 0.247632	 0.247632	 3.33229e-33	  12.4987	  12.4987	 
  0.0173	 0.200931	  0.22605	  0.22605	 3.33229e-33	  11.4724	  11.4724	 
 0.01735	 0.183417	 0.206346	 0.206346	 3.33229e-33	  10.5298	  10.5298	 
  0.0174	 0.167419	 0.188349	 0.188349	 3.33229e-33	  9.66397	  9.66397	 
 0.01745	 0.152816	 0.171921	 0.171921	 3.33229e-33	  8.86875	  8.86875	 
  0.0175	 0.139476	 0.156913	 0.156913	 3.33229e-33	  8.13857	  8.13857	 
 0.01755	 0.127302	 0.143216	 0.143216	 3.33229e-33	  7.46802	  7.46802	 
  0.0176	 0.116188	 0.130713	 0.130713	 3.33229e-33	  6.85231	  6.85231	 
 0.01765	 0.106043	   0.1193	   0.1193	 3.33229e-33	  6.28688	  6.28688	 
  0.0177	 0.0967793	 0.108878	 0.108878	 3.33229e-33	  5.76779	  5.76779	 
 0.01775	 0.0883225	 0.0993639	 0.0993639	 3.33229e-33	  5.29138	  5.29138	 
  0.0178	 0.0806064	 0.0906832	 0.0906832	 3.33229e-33	  4.85381	  4.85381	 
 0.01785	 0.0735599	 0.0827558	 0.0827558	 3.33229e-33	  4.45226	  4.45226	 
  0.0179	 0.0671275	 0.0755193	 0.0755193	 3.33229e-33	  4.08379	  4.08379	 
 0.01795	 0.0612567	 0.0689146	 0.0689146	 3.33229e-33	  3.74557	  3.74557	 
   0.018	 0.0558981	 0.062886	 0.062886	 3.33229e-33	  3.43513	  3.43513	 
 0.01805	 0.0510066	 0.057383	 0.057383	 3.33229e-33	  3.15014	  3.15014	 
  0.0181	 0.0465424	 0.0523608	 0.0523608	 3.33229e-33	  2.88875	  2.88875	 
 0.01815	 0.042468	 0.047777	 0.047777	 3.33229e-33	  2.64888	  2.64888	 
  0.0182	 0.0387491	 0.0435933	 0.0435933	 3.33229e-33	  2.42881	  2.42881	 
 0.01825	 0.0353549	 0.0397747	 0.0397747	 3.33229e-33	  2.22681	  2.22681	 
  0.0183	 0.0322574	  0.03629	  0.03629	 3.33229e-33	  2.04165	  2.04165	 
 0.01835	 0.0294308	  0.03311	  0.03311	 3.33229e-33	  1.87162	  1.87162	 
  0.0184	 0.0268512	 0.0302079	 0.0302079	 3.33229e-33	  1.71584	  1.71584	 
 0.01845	 0.0244967	 0.0275592	 0.0275592	 3.33229e-33	  1.57286	  1.57286	 
  0.0185	 0.0223494	 0.0251434	 0.0251434	 3.33229e-33	  1.44167	  1.44167	 
 0.01855	 0.0203888	 0.0229377	 0.0229377	 3.33229e-33	  1.32143	  1.32143	 
  0.0186	 0.0185997	 0.0209249	 0.0209249	 3.33229e-33	  1.21106	  1.21106	 
 0.01865	 0.0169679	 0.0190891	 0.0190891	 3.33229e-33	   1.1099	   1.1099	 
  0.0187	 0.0154787	 0.0174138	 0.0174138	 3.33229e-33	  1.01715	  1.01715	 
 0.01875	 0.0141195	 0.0158846	 0.0158846	 3.33229e-33	 0.932095	 0.932095	 
  0.0188	 0.0128799	 0.0144901	 0.0144901	 3.33229e-33	  0.85411	  0.85411	 
 0.01885	 0.0117482	 0.0132169	 0.0132169	 3.33229e-33	 0.782604	 0.782604	 
  0.0189	 0.010716	 0.0120557	 0.0120557	 3.33229e-33	 0.717062	 0.717062	 
 0.01895	 0.00977507	 0.0109971	 0.0109971	 3.33229e-33	 0.656965	 0.656965	 
   0.019	 0.00891579	 0.0100304	 0.0100304	 3.33229e-33	 0.601885	 0.601885	 
 0.01905	 0.0081319	 0.00914849	 0.00914849	 3.33229e-33	 0.551391	 0.551391	 
  0.0191	 0.00741685	 0.00834405	 0.00834405	 3.33229e-33	 0.505101	 0.505101	 
 0.01915	 0.00676454	 0.0076102	 0.0076102	 3.33229e-33	 0.462685	 0.462685	 
  0.0192	 0.00616951	 0.00694078	 0.00694078	 3.33229e-33	 0.423809	 0.423809	 
 0.01925	 0.00562669	 0.0063301	 0.0063301	 3.33229e-33	 0.388179	 0.388179	 
  0.0193	 0.00513154	 0.00577305	 0.00577305	 3.33229e-33	 0.355537	 0.355537	 
 0.01935	 0.00467986	 0.0052649	 0.0052649	 3.33229e-33	 0.325612	 0.325612	 
  0.0194	 0.00426786	 0.00480139	 0.00480139	 3.33229e-33	 0.298195	 0.298195	 
 0.01945	 0.00389199	 0.00437854	 0.00437854	 3.33229e-33	 0.273077	 0.273077	 
  0.0195	 0.00354926	 0.00399296	 0.00399296	 3.33229e-33	 0.250073	 0.250073	 
 0.01955	 0.00323656	 0.00364117	 0.00364117	 3.33229e-33	 0.228988	 0.228988	 
  0.0196	 0.00295135	 0.00332031	 0.00332031	 3.33229e-33	 0.209661	 0.209661	 
 0.01965	 0.00269128	 0.00302773	 0.00302773	 3.33229e-33	 0.191969	 0.191969	 
  0.0197	 0.00245407	 0.00276086	 0.00276086	 3.33229e-33	 0.175764	 0.175764	 
 0.01975	 0.00223766	 0.0025174	 0.0025174	 3.33229e-33	 0.160913	 0.160913	 
  0.0198	 0.00204036	 0.00229543	 0.00229543	 3.33229e-33	 0.147315	 0.147315	 
 0.01985	 0.00186043	 0.00209301	 0.00209301	 3.33229e-33	  0.13486	  0.13486	 
  0.0199	 0.00169626	 0.00190832	 0.00190832	 3.33229e-33	 0.123451	 0.123451	 
 0.01995	 0.00154662	 0.00173996	 0.00173996	 3.33229e-33	 0.112998	 0.112998	 
    0.02	 0.00141012	 0.00158641	 0.00158641	 3.33229e-33	  0.10343	  0.10343	 
 0.02005	 0.00128562	 0.00144634	 0.00144634	 3.33229e-33	 0.0946689	 0.0946689	 
  0.0201	 0.00117214	 0.00131867	 0.00131867	 3.33229e-33	 0.0866454	 0.0866454	 
 0.02015	 0.00106861	 0.0012022	 0.0012022	 3.33229e-33	 0.0792981	 0.0792981	 
  0.0202	 0.000974303	 0.0010961	 0.0010961	 3.33229e-33	 0.0725717	 0.0725717	 
 0.02025	 0.000888171	 0.000999203	 0.000999203	 3.33229e-33	 0.0664133	 0.0664133	 
  0.0203	 0.000809735	 0.000910962	 0.000910962	 3.33229e-33	 0.0607738	 0.0607738	 
 0.02035	 0.000738184	 0.000830467	 0.000830467	 3.33229e-33	 0.0556125	 0.0556125	 
  0.0204	 0.000672936	 0.000757062	 0.000757062	 3.33229e-33	 0.0508863	 0.0508863	 
 0.02045	 0.000613459	 0.000690149	 0.000690149	 3.33229e-33	 0.0465599	 0.0465599	 
  0.0205	 0.000559216	 0.000629125	 0.000629125	 3.33229e-33	 0.042601	 0.042601	 
 0.02055	 0.000509772	 0.0005735	 0.0005735	 3.33229e-33	 0.0389765	 0.0389765	 
  0.0206	 0.000464681	 0.000522772	 0.000522772	 3.33229e-33	 0.0356582	 0.0356582	 
 0.02065	 0.000423574	 0.000476526	 0.000476526	 3.33229e-33	 0.0326214	 0.0326214	 
  0.0207	 0.000386107	 0.000434375	 0.000434375	 3.33229e-33	 0.0298428	 0.0298428	 
 0.02075	 0.000351939	 0.000395936	 0.000395936	 3.33229e-33	 0.0272991	 0.0272991	 
  0.0208	 0.000320793	 0.000360896	 0.000360896	 3.33229e-33	 0.0249717	 0.0249717	 
 0.02085	 0.000292398	 0.000328951	 0.000328951	 3.33229e-33	 0.0228422	 0.0228422	 
  0.0209	 0.00026651	 0.000299827	 0.000299827	 3.33229e-33	 0.0208923	 0.0208923	 
 0.02095	 0.000242916	 0.000273283	 0.000273283	 3.33229e-33	 0.0191096	 0.0191096	 
   0.021	 0.000221404	 0.000249082	 0.000249082	 3.33229e-33	 0.0174769	 0.0174769	 
 0.02105	 0.000201794	 0.000227021	 0.000227021	 3.33229e-33	 0.0159843	 0.0159843	 
  0.0211	 0.000183917	 0.000206909	 0.000206909	 3.33229e-33	 0.0146184	 0.0146184	 
 0.02115	 0.000167623	 0.000188578	 0.000188578	 3.33229e-33	 0.013368	 0.013368	 
  0.0212	 0.000152774	 0.000171873	 0.000171873	 3.33229e-33	 0.0122251	 0.0122251	 
 0.02125	 0.000139233	 0.000156639	 0.000156639	 3.33229e-33	 0.0111789	 0.0111789	 
  0.0213	 0.000126899	 0.000142763	 0.000142763	 3.33229e-33	 0.0102221	 0.0102221	 
 0.02135	 0.000115651	 0.000130109	 0.000130109	 3.33229e-33	 0.00934677	 0.00934677	 
  0.0214	 0.000105393	 0.000118568	 0.000118568	 3.33229e-33	 0.00854614	 0.00854614	 
 0.02145	 9.60487e-05	 0.000108056	 0.000108056	 3.33229e-33	 0.00781387	 0.00781387	 
  0.0215	 8.75371e-05	 9.84803e-05	 9.84803e-05	 3.33229e-33	 0.00714393	 0.00714393	 
 0.02155	 7.97732e-05	 8.97459e-05	 8.97459e-05	 3.33229e-33	 0.00653129	 0.00653129	 
  0.0216	 7.26985e-05	 8.17868e-05	 8.17868e-05	 3.33229e-33	 0.00597102	 0.00597102	 
 0.02165	 6.62511e-05	 7.45333e-05	 7.45333e-05	 3.33229e-33	 0.00545859	 0.00545859	 
  0.0217	 6.03745e-05	 6.79221e-05	 6.79221e-05	 3.33229e-33	 0.00499003	 0.00499003	 
 0.02175	 5.50184e-05	 6.18964e-05	 6.18964e-05	 3.33229e-33	 0.00456144	 0.00456144	 
  0.0218	 5.01382e-05	 5.64061e-05	 5.64061e-05	 3.33229e-33	 0.00416961	 0.00416961	 
 0.02185	 4.5691e-05	 5.1403e-05	 5.1403e-05	 3.33229e-33	 0.00381122	 0.00381122	 
  0.0219	 4.16375e-05	 4.68427e-05	 4.68427e-05	 3.33229e-33	 0.00348357	 0.00348357	 
 0.02195	 3.79435e-05	 4.26869e-05	 4.26869e-05	 3.33229e-33	 0.00318395	 0.00318395	 
   0.022	 3.45768e-05	 3.88994e-05	 3.88994e-05	 3.33229e-33	 0.00291002	 0.00291002	 
 0.02205	 3.15085e-05	 3.54475e-05	 3.54475e-05	 3.33229e-33	 0.00265958	 0.00265958	 
  0.0221	 2.8713e-05	 3.23025e-05	 3.23025e-05	 3.33229e-33	 0.00243065	 0.00243065	 
 0.02215	 2.61649e-05	 2.94359e-05	 2.94359e-05	 3.33229e-33	 0.0022214	 0.0022214	 
  0.0222	 2.38431e-05	 2.68238e-05	 2.68238e-05	 3.33229e-33	 0.00202997	 0.00202997	 
 0.02225	 2.17273e-05	 2.44434e-05	 2.44434e-05	 3.33229e-33	 0.00185502	 0.00185502	 
  0.0223	 1.97992e-05	 2.22744e-05	 2.22744e-05	 3.33229e-33	 0.00169506	 0.00169506	 
 0.02235	 1.80427e-05	 2.02983e-05	 2.02983e-05	 3.33229e-33	 0.00154888	 0.00154888	 
  0.0224	 1.64415e-05	 1.84969e-05	 1.84969e-05	 3.33229e-33	 0.00141536	 0.00141536	 
 0.02245	 1.49832e-05	 1.68563e-05	 1.68563e-05	 3.33229e-33	 0.00129315	 0.00129315	 
  0.0225	 1.36539e-05	 1.53608e-05	 1.53608e-05	 3.33229e-33	 0.00118158	 0.00118158	 
 0.02255	 1.24424e-05	 1.39979e-05	 1.39979e-05	 3.33229e-33	 0.00107954	 0.00107954	 
  0.0226	 1.13387e-05	 1.27562e-05	 1.27562e-05	 3.33229e-33	 0.00098629	 0.00098629	 
 0.02265	 1.0333e-05	 1.16247e-05	 1.16247e-05	 3.33229e-33	 0.000901076	 0.000901076	 
  0.0227	 9.41633e-06	 1.05935e-05	 1.05935e-05	 3.33229e-33	 0.000823189	 0.000823189	 
 0.02275	 8.58138e-06	 9.65416e-06	 9.65416e-06	 3.33229e-33	 0.000752028	 0.000752028	 
  0.0228	 7.82075e-06	 8.79844e-06	 8.79844e-06	 3.33229e-33	 0.000686988	 0.000686988	 
 0.02285	 7.12746e-06	 8.01849e-06	 8.01849e-06	 3.33229e-33	 0.000627556	 0.000627556	 
  0.0229	 6.49578e-06	 7.30783e-06	 7.30783e-06	 3.33229e-33	 0.000573238	 0.000573238	 
 0.02295	 5.92023e-06	 6.66033e-06	 6.66033e-06	 3.33229e-33	 0.000523617	 0.000523617	 
   0.023	 5.39574e-06	 6.07028e-06	 6.07028e-06	 3.33229e-33	 0.000478275	 0.000478275	 
 0.02305	 4.91782e-06	 5.53261e-06	 5.53261e-06	 3.33229e-33	 0.000436854	 0.000436854	 
  0.0231	 4.48239e-06	 5.04274e-06	 5.04274e-06	 3.33229e-33	 0.000398999	 0.000398999	 
 0.02315	 4.0856e-06	 4.59635e-06	 4.59635e-06	 3.33229e-33	 0.000364414	 0.000364414	 
  0.0232	 3.72404e-06	 4.18959e-06	 4.18959e-06	 3.33229e-33	 0.000332829	 0.000332829	 
 0.02325	 3.39457e-06	 3.81893e-06	 3.81893e-06	 3.33229e-33	 0.000303961	 0.000303961	 
  0.0233	 3.09436e-06	 3.4812e-06	 3.4812e-06	 3.33229e-33	 0.000277589	 0.000277589	 
 0.02335	 2.82079e-06	 3.17342e-06	 3.17342e-06	 3.33229e-33	 0.000253504	 0.000253504	 
  0.0234	 2.57655e-06	 2.89866e-06	 2.89866e-06	 3.33229e-33	 0.000231496	 0.000231496	 
 0.02345	 2.3503e-06	 2.64412e-06	 2.64412e-06	 3.33229e-33	 0.000211407	 0.000211407	 
  0.0235	 2.1443e-06	 2.41237e-06	 2.41237e-06	 3.33229e-33	 0.000193038	 0.000193038	 
 0.02355	 1.95669e-06	 2.2013e-06	 2.2013e-06	 3.33229e-33	 0.000176269	 0.000176269	 
  0.0236	 1.7859e-06	 2.00916e-06	 2.00916e-06	 3.33229e-33	 0.000160949	 0.000160949	 
 0.02365	 1.6303e-06	 1.83411e-06	 1.83411e-06	 3.33229e-33	 0.000146958	 0.000146958	 
  0.0237	 1.48875e-06	 1.67487e-06	 1.67487e-06	 3.33229e-33	 0.000134184	 0.000134184	 
 0.02375	 1.35979e-06	 1.52979e-06	 1.52979e-06	 3.33229e-33	 0.000122514	 0.000122514	 
  0.0238	 1.2425e-06	 1.39783e-06	 1.39783e-06	 3.33229e-33	 0.000111856	 0.000111856	 
 0.02385	 1.13568e-06	 1.27765e-06	 1.27765e-06	 3.33229e-33	 0.000102121	 0.000102121	 
  0.0239	 1.03848e-06	 1.1683e-06	 1.1683e-06	 3.33229e-33	 9.32328e-05	 9.32328e-05	 
 0.02395	 9.5003e-07	 1.0688e-06	 1.0688e-06	 3.33229e-33	 8.51147e-05	 8.51147e-05	 
   0.024	 8.69581e-07	 9.78289e-07	 9.78289e-07	 3.33229e-33	 7.7701e-05	 7.7701e-05	 
 0.02405	 7.96309e-07	 8.95858e-07	 8.95858e-07	 3.33229e-33	 7.09328e-05	 7.09328e-05	 
  0.0241	 7.29677e-07	 8.20896e-07	 8.20896e-07	 3.33229e-33	 6.4751e-05	 6.4751e-05	 
 0.02415	 6.69065e-07	 7.52707e-07	 7.52707e-07	 3.33229e-33	 5.91078e-05	 5.91078e-05	 
  0.0242	 6.13919e-07	 6.90666e-07	 6.90666e-07	 3.33229e-33	 5.39539e-05	 5.39539e-05	 
 0.02425	 5.63749e-07	 6.34225e-07	 6.34225e-07	 3.33229e-33	 4.92487e-05	 4.92487e-05	 
  0.0243	 5.18121e-07	 5.82893e-07	 5.82893e-07	 3.33229e-33	 4.4953e-05	 4.4953e-05	 
 0.02435	 4.76606e-07	 5.36188e-07	 5.36188e-07	 3.33229e-33	 4.10297e-05	 4.10297e-05	 
  0.0244	 4.38833e-07	 4.93693e-07	 4.93693e-07	 3.33229e-33	 3.74495e-05	 3.74495e-05	 
 0.02445	 4.04462e-07	 4.55025e-07	 4.55025e-07	 3.33229e-33	 3.41792e-05	 3.41792e-05	 
  0.0245	 3.7319e-07	 4.19844e-07	 4.19844e-07	 3.33229e-33	 3.11952e-05	 3.11952e-05	 
 0.02455	 3.44715e-07	 3.87809e-07	 3.87809e-07	 3.33229e-33	 2.84707e-05	 2.84707e-05	 
  0.0246	 3.18793e-07	 3.58646e-07	 3.58646e-07	 3.33229e-33	 2.59823e-05	 2.59823e-05	 
 0.02465	 2.95179e-07	 3.3208e-07	 3.3208e-07	 3.33229e-33	 2.37127e-05	 2.37127e-05	 
  0.0247	 2.73661e-07	 3.07872e-07	 3.07872e-07	 3.33229e-33	 2.16398e-05	 2.16398e-05	 
 0.02475	 2.54043e-07	 2.85801e-07	 2.85801e-07	 3.33229e-33	 1.97477e-05	 1.97477e-05	 
  0.0248	 2.36146e-07	 2.65667e-07	 2.65667e-07	 3.33229e-33	 1.80203e-05	 1.80203e-05	 
 0.02485	 2.19806e-07	 2.47284e-07	 2.47284e-07	 3.33229e-33	 1.64441e-05	 1.64441e-05	 
  0.0249	 2.04877e-07	 2.30489e-07	 2.30489e-07	 3.33229e-33	 1.50056e-05	 1.50056e-05	 
 0.02495	 1.92665e-07	 2.16751e-07	 2.16751e-07	 3.33229e-33	 1.36913e-05	 1.36913e-05	 
   0.025	 1.80461e-07	 2.03021e-07	 2.03021e-07	 3.33229e-33	 1.24926e-05	 1.24926e-05	 
       0	        0	        0	        0	        0	        0	        0	 
