0.000000e+00 0.000000e+00 0.000000e+00 0.000000e+00 0.000000e+00 0.000000e+00 0.000000e+00 
5.000000e-05 5.621719e+04 1.439088e+03 1.439088e+03 5.727174e+04 1.862649e+03 1.862649e+03 
1.000000e-04 6.247367e+06 2.337079e+05 2.337079e+05 7.728278e+06 3.221471e+05 3.221471e+05 
1.500000e-04 1.216383e+08 5.581317e+06 5.581317e+06 1.490725e+08 7.187983e+06 7.187983e+06 
2.000000e-04 8.947685e+08 4.806591e+07 4.806591e+07 1.058578e+09 5.762253e+07 5.762253e+07 
2.500000e-04 3.488331e+09 2.317800e+08 2.317800e+08 4.071066e+09 2.658840e+08 2.658840e+08 
3.000000e-04 8.121501e+09 6.331528e+08 6.331528e+08 9.461973e+09 7.114018e+08 7.114018e+08 
3.500000e-04 1.342291e+10 1.120897e+09 1.120897e+09 1.571012e+10 1.254281e+09 1.254281e+09 
4.000000e-04 1.940783e+10 1.691052e+09 1.691052e+09 2.274984e+10 1.886066e+09 1.886066e+09 
4.500000e-04 2.608642e+10 2.353892e+09 2.353892e+09 3.048772e+10 2.611824e+09 2.611824e+09 
5.000000e-04 3.325961e+10 3.143289e+09 3.143289e+09 3.870405e+10 3.460973e+09 3.460973e+09 
5.500000e-04 4.025338e+10 4.007944e+09 4.007944e+09 4.655045e+10 4.375367e+09 4.375367e+09 
6.000000e-04 4.652708e+10 4.854862e+09 4.854862e+09 5.345062e+10 5.259733e+09 5.259733e+09 
6.500000e-04 5.176976e+10 5.657114e+09 5.657114e+09 5.906066e+10 6.085005e+09 6.085005e+09 
7.000000e-04 5.593830e+10 6.371875e+09 6.371875e+09 6.340322e+10 6.807165e+09 6.807165e+09 
7.500000e-04 5.895512e+10 6.983558e+09 6.983558e+09 6.627069e+10 7.412074e+09 7.412074e+09 
8.000000e-04 6.082314e+10 7.469269e+09 7.469269e+09 6.788631e+10 7.879570e+09 7.879570e+09 
8.500000e-04 6.185344e+10 7.833595e+09 7.833595e+09 6.835327e+10 8.219756e+09 8.219756e+09 
9.000000e-04 6.173250e+10 8.069362e+09 8.069362e+09 6.778387e+10 8.419868e+09 8.419868e+09 
9.500000e-04 6.114094e+10 8.205238e+09 8.205238e+09 6.650985e+10 8.518727e+09 8.518727e+09 
1.000000e-03 5.978582e+10 8.217579e+09 8.217579e+09 6.441153e+10 8.491688e+09 8.491688e+09 
1.050000e-03 5.822047e+10 8.168181e+09 8.168181e+09 6.214204e+10 8.397378e+09 8.397378e+09 
1.100000e-03 5.639846e+10 8.052408e+09 8.052408e+09 5.956321e+10 8.238132e+09 8.238132e+09 
1.150000e-03 5.431311e+10 7.878893e+09 7.878893e+09 5.671679e+10 8.021179e+09 8.021179e+09 
1.200000e-03 5.201386e+10 7.656890e+09 7.656890e+09 5.368258e+10 7.756457e+09 7.756457e+09 
1.250000e-03 4.960921e+10 7.400804e+09 7.400804e+09 5.056342e+10 7.458620e+09 7.458620e+09 
1.300000e-03 4.714411e+10 7.118644e+09 7.118644e+09 4.743265e+10 7.136996e+09 7.136996e+09 
1.350000e-03 4.466403e+10 6.818490e+09 6.818490e+09 4.433291e+10 6.799948e+09 6.799948e+09 
1.400000e-03 4.221266e+10 6.511179e+09 6.511179e+09 4.131077e+10 6.456750e+09 6.456750e+09 
1.450000e-03 3.981371e+10 6.197142e+09 6.197142e+09 3.839170e+10 6.112513e+09 6.112513e+09 
1.500000e-03 3.746115e+10 5.878550e+09 5.878550e+09 3.557675e+10 5.767944e+09 5.767944e+09 
1.550000e-03 3.515856e+10 5.559872e+09 5.559872e+09 3.286279e+10 5.424461e+09 5.424461e+09 
1.600000e-03 3.294337e+10 5.244748e+09 5.244748e+09 3.030395e+10 5.090530e+09 5.090530e+09 
1.650000e-03 3.080938e+10 4.935103e+09 4.935103e+09 2.787538e+10 4.762933e+09 4.762933e+09 
1.700000e-03 2.880569e+10 4.635729e+09 4.635729e+09 2.563459e+10 4.451189e+09 4.451189e+09 
1.750000e-03 2.688118e+10 4.345126e+09 4.345126e+09 2.353452e+10 4.149379e+09 4.149379e+09 
1.800000e-03 2.504675e+10 4.063044e+09 4.063044e+09 2.156689e+10 3.860511e+09 3.860511e+09 
1.850000e-03 2.328742e+10 3.790664e+09 3.790664e+09 1.972812e+10 3.583235e+09 3.583235e+09 
1.900000e-03 2.163429e+10 3.532054e+09 3.532054e+09 1.803626e+10 3.322272e+09 3.322272e+09 
1.950000e-03 2.008244e+10 3.287704e+09 3.287704e+09 1.648561e+10 3.077127e+09 3.077127e+09 
2.000000e-03 1.861275e+10 3.055215e+09 3.055215e+09 1.504863e+10 2.845340e+09 2.845340e+09 
2.050000e-03 1.722677e+10 2.835974e+09 2.835974e+09 1.372347e+10 2.627384e+09 2.627384e+09 
2.100000e-03 1.590278e+10 2.625523e+09 2.625523e+09 1.247522e+10 2.419353e+09 2.419353e+09 
2.150000e-03 1.470473e+10 2.432466e+09 2.432466e+09 1.136632e+10 2.231080e+09 2.231080e+09 
2.200000e-03 1.357990e+10 2.249051e+09 2.249051e+09 1.034386e+10 2.054631e+09 2.054631e+09 
2.250000e-03 1.252292e+10 2.075614e+09 2.075614e+09 9.404568e+09 1.889478e+09 1.889478e+09 
2.300000e-03 1.152538e+10 1.911457e+09 1.911457e+09 8.538390e+09 1.734461e+09 1.734461e+09 
2.350000e-03 1.059393e+10 1.758157e+09 1.758157e+09 7.750093e+09 1.590572e+09 1.590572e+09 
2.400000e-03 9.720563e+09 1.614877e+09 1.614877e+09 7.032954e+09 1.456810e+09 1.456810e+09 
2.450000e-03 8.909271e+09 1.481628e+09 1.481628e+09 6.378802e+09 1.332865e+09 1.332865e+09 
2.500000e-03 8.156199e+09 1.357607e+09 1.357607e+09 5.778610e+09 1.217815e+09 1.217815e+09 
2.550000e-03 7.452108e+09 1.241413e+09 1.241413e+09 5.222667e+09 1.110283e+09 1.110283e+09 
2.600000e-03 6.814759e+09 1.136009e+09 1.136009e+09 4.727102e+09 1.013100e+09 1.013100e+09 
2.650000e-03 6.217321e+09 1.037368e+09 1.037368e+09 4.272025e+09 9.226794e+08 9.226794e+08 
2.700000e-03 5.671375e+09 9.471707e+08 9.471707e+08 3.864619e+09 8.405353e+08 8.405353e+08 
2.750000e-03 5.157001e+09 8.623410e+08 8.623410e+08 3.490190e+09 7.638977e+08 7.638977e+08 
2.800000e-03 4.678774e+09 7.833810e+08 7.833810e+08 3.145831e+09 6.928215e+08 6.928215e+08 
2.850000e-03 4.244934e+09 7.116238e+08 7.116238e+08 2.837639e+09 6.285044e+08 6.285044e+08 
2.900000e-03 3.845247e+09 6.453999e+08 6.453999e+08 2.555754e+09 5.692798e+08 5.692798e+08 
2.950000e-03 3.481909e+09 5.850431e+08 5.850431e+08 2.302513e+09 5.155549e+08 5.155549e+08 
3.000000e-03 3.150072e+09 5.298294e+08 5.298294e+08 2.072238e+09 4.664607e+08 4.664607e+08 
3.050000e-03 2.845266e+09 4.790772e+08 4.790772e+08 1.862680e+09 4.214384e+08 4.214384e+08 
3.100000e-03 2.572280e+09 4.336322e+08 4.336322e+08 1.677837e+09 3.812664e+08 3.812664e+08 
3.150000e-03 2.319472e+09 3.915337e+08 3.915337e+08 1.508210e+09 3.441199e+08 3.441199e+08 
3.200000e-03 2.093872e+09 3.538951e+08 3.538951e+08 1.357979e+09 3.109381e+08 3.109381e+08 
3.250000e-03 1.878584e+09 3.179479e+08 3.179479e+08 1.214812e+09 2.792364e+08 2.792364e+08 
3.300000e-03 1.689574e+09 2.863424e+08 2.863424e+08 1.090158e+09 2.513904e+08 2.513904e+08 
3.350000e-03 1.515379e+09 2.571841e+08 2.571841e+08 9.757908e+08 2.257146e+08 2.257146e+08 
3.400000e-03 1.362374e+09 2.315391e+08 2.315391e+08 8.760406e+08 2.031693e+08 2.031693e+08 
3.450000e-03 1.224554e+09 2.083881e+08 2.083881e+08 7.862589e+08 1.828187e+08 1.828187e+08 
3.500000e-03 1.100659e+09 1.875405e+08 1.875405e+08 7.057688e+08 1.645042e+08 1.645042e+08 
3.550000e-03 9.819726e+08 1.675718e+08 1.675718e+08 6.291579e+08 1.469912e+08 1.469912e+08 
3.600000e-03 8.784931e+08 1.501316e+08 1.501316e+08 5.626832e+08 1.317100e+08 1.317100e+08 
3.650000e-03 7.855813e+08 1.344472e+08 1.344472e+08 5.030892e+08 1.179683e+08 1.179683e+08 
3.700000e-03 7.003597e+08 1.200440e+08 1.200440e+08 4.484895e+08 1.053502e+08 1.053502e+08 
3.750000e-03 6.274144e+08 1.076854e+08 1.076854e+08 4.017698e+08 9.452031e+07 9.452031e+07 
3.800000e-03 5.623613e+08 9.664209e+07 9.664209e+07 3.600778e+08 8.483678e+07 8.483678e+07 
3.850000e-03 5.006366e+08 8.616050e+07 8.616050e+07 3.206682e+08 7.565386e+07 7.565386e+07 
3.900000e-03 4.466348e+08 7.697941e+07 7.697941e+07 2.863355e+08 6.761817e+07 6.761817e+07 
3.950000e-03 3.970487e+08 6.853599e+07 6.853599e+07 2.547096e+08 6.022200e+07 6.022200e+07 
4.000000e-03 3.525516e+08 6.095448e+07 6.095448e+07 2.265023e+08 5.359054e+07 5.359054e+07 
4.050000e-03 3.142624e+08 5.441689e+07 5.441689e+07 2.021909e+08 4.786925e+07 4.786925e+07 
4.100000e-03 2.801214e+08 4.857075e+07 4.857075e+07 1.803382e+08 4.274076e+07 4.274076e+07 
4.150000e-03 2.496865e+08 4.334841e+07 4.334841e+07 1.607938e+08 3.815515e+07 3.815515e+07 
4.200000e-03 2.219426e+08 3.858598e+07 3.858598e+07 1.430670e+08 3.397782e+07 3.397782e+07 
4.250000e-03 1.966300e+08 3.423851e+07 3.423851e+07 1.269347e+08 3.016752e+07 3.016752e+07 
4.300000e-03 1.748238e+08 3.048558e+07 3.048558e+07 1.130307e+08 2.687605e+07 2.687605e+07 
4.350000e-03 1.547744e+08 2.703409e+07 2.703409e+07 1.002883e+08 2.385181e+07 2.385181e+07 
4.400000e-03 1.369955e+08 2.396501e+07 2.396501e+07 8.890942e+07 2.115648e+07 2.115648e+07 
4.450000e-03 1.219877e+08 2.136579e+07 2.136579e+07 7.924173e+07 1.886872e+07 1.886872e+07 
4.500000e-03 1.083331e+08 1.899897e+07 1.899897e+07 7.043899e+07 1.678635e+07 1.678635e+07 
4.550000e-03 9.601651e+07 1.686173e+07 1.686173e+07 6.252454e+07 1.490565e+07 1.490565e+07 
4.600000e-03 8.511375e+07 1.496818e+07 1.496818e+07 5.552121e+07 1.324005e+07 1.324005e+07 
4.650000e-03 7.529081e+07 1.326057e+07 1.326057e+07 4.920503e+07 1.173817e+07 1.173817e+07 
4.700000e-03 6.619169e+07 1.167716e+07 1.167716e+07 4.337202e+07 1.034480e+07 1.034480e+07 
4.750000e-03 5.867828e+07 1.036592e+07 1.036592e+07 3.850607e+07 9.188943e+06 9.188943e+06 
4.800000e-03 5.211105e+07 9.216718e+06 9.216718e+06 3.424199e+07 8.174021e+06 8.174021e+06 
4.850000e-03 4.612126e+07 8.167071e+06 8.167071e+06 3.033699e+07 7.246195e+06 7.246195e+06 
4.900000e-03 4.075853e+07 7.227284e+06 7.227284e+06 2.680848e+07 6.416541e+06 6.416541e+06 
4.950000e-03 3.615393e+07 6.418755e+06 6.418755e+06 2.382843e+07 5.702012e+06 5.702012e+06 
5.000000e-03 3.165650e+07 5.629339e+06 5.629339e+06 2.091973e+07 5.004932e+06 5.004932e+06 
5.050000e-03 2.793087e+07 4.974008e+06 4.974008e+06 1.850741e+07 4.425644e+06 4.425644e+06 
5.100000e-03 2.473867e+07 4.411157e+06 4.411157e+06 1.642191e+07 3.927357e+06 3.927357e+06 
5.150000e-03 2.181641e+07 3.894212e+06 3.894212e+06 1.448695e+07 3.468189e+06 3.468189e+06 
5.200000e-03 1.935166e+07 3.458146e+06 3.458146e+06 1.287278e+07 3.081441e+06 3.081441e+06 
5.250000e-03 1.710182e+07 3.059776e+06 3.059776e+06 1.139813e+07 2.728032e+06 2.728032e+06 
5.300000e-03 1.504802e+07 2.695803e+06 2.695803e+06 1.004310e+07 2.405059e+06 2.405059e+06 
5.350000e-03 1.317993e+07 2.364737e+06 2.364737e+06 8.825784e+06 2.111501e+06 2.111501e+06 
5.400000e-03 1.162085e+07 2.087702e+06 2.087702e+06 7.810634e+06 1.865411e+06 1.865411e+06 
5.450000e-03 1.022371e+07 1.838973e+06 1.838973e+06 6.875631e+06 1.644141e+06 1.644141e+06 
5.500000e-03 9.073994e+06 1.633802e+06 1.633802e+06 6.111310e+06 1.461372e+06 1.461372e+06 
5.550000e-03 7.984443e+06 1.439253e+06 1.439253e+06 5.389588e+06 1.288017e+06 1.288017e+06 
5.600000e-03 7.061660e+06 1.274218e+06 1.274218e+06 4.761606e+06 1.140855e+06 1.140855e+06 
5.650000e-03 6.186761e+06 1.117879e+06 1.117879e+06 4.182267e+06 1.001654e+06 1.001654e+06 
5.700000e-03 5.431245e+06 9.827101e+05 9.827101e+05 3.685279e+06 8.812409e+05 8.812409e+05 
5.750000e-03 4.769498e+06 8.640910e+05 8.640910e+05 3.244174e+06 7.754268e+05 7.754268e+05 
5.800000e-03 4.204870e+06 7.626604e+05 7.626604e+05 2.849508e+06 6.848088e+05 6.848088e+05 
5.850000e-03 3.717331e+06 6.748545e+05 6.748545e+05 2.522421e+06 6.062052e+05 6.062052e+05 
5.900000e-03 3.272371e+06 5.946137e+05 5.946137e+05 2.227554e+06 5.343069e+05 5.343069e+05 
5.950000e-03 2.881928e+06 5.242322e+05 5.242322e+05 1.965785e+06 4.713291e+05 4.713291e+05 
6.000000e-03 2.521047e+06 4.592105e+05 4.592105e+05 1.721959e+06 4.132086e+05 4.132086e+05 
6.050000e-03 2.210856e+06 4.032263e+05 4.032263e+05 1.512182e+06 3.631106e+05 3.631106e+05 
6.100000e-03 1.930488e+06 3.524722e+05 3.524722e+05 1.325030e+06 3.175645e+05 3.175645e+05 
6.150000e-03 1.703762e+06 3.113676e+05 3.113676e+05 1.168760e+06 2.806554e+05 2.806554e+05 
6.200000e-03 1.498005e+06 2.740195e+05 2.740195e+05 1.025619e+06 2.470931e+05 2.470931e+05 
6.250000e-03 1.326247e+06 2.428054e+05 2.428054e+05 9.042908e+05 2.190337e+05 2.190337e+05 
6.300000e-03 1.164382e+06 2.133954e+05 2.133954e+05 7.722557e+05 1.926131e+05 1.926131e+05 
6.350000e-03 1.016292e+06 1.864853e+05 1.864853e+05 6.764061e+05 1.684467e+05 1.684467e+05 
6.400000e-03 8.861796e+05 1.628010e+05 1.628010e+05 5.928997e+05 1.471498e+05 1.471498e+05 
6.450000e-03 7.733852e+05 1.422104e+05 1.422104e+05 5.212264e+05 1.285883e+05 1.285883e+05 
6.500000e-03 6.792517e+05 1.249897e+05 1.249897e+05 4.580008e+05 1.130424e+05 1.130424e+05 
6.550000e-03 5.993006e+05 1.103675e+05 1.103675e+05 3.899142e+05 9.985529e+04 9.985529e+04 
6.600000e-03 5.165828e+05 9.514088e+04 9.514088e+04 3.451636e+05 8.603559e+04 8.603559e+04 
6.650000e-03 4.520826e+05 8.335524e+04 8.335524e+04 3.030988e+05 7.542902e+04 7.542902e+04 
6.700000e-03 3.945897e+05 7.284329e+04 7.284329e+04 2.546257e+05 6.596678e+04 6.596678e+04 
6.750000e-03 3.437983e+05 6.354060e+04 6.354060e+04 2.225808e+05 5.758111e+04 5.758111e+04 
6.800000e-03 3.013095e+05 5.573230e+04 5.573230e+04 1.850121e+05 5.052392e+04 5.052392e+04 
6.850000e-03 2.565952e+05 4.746210e+04 4.746210e+04 1.628853e+05 4.300208e+04 4.300208e+04 
6.900000e-03 2.277432e+05 4.215452e+04 4.215452e+04 1.449568e+05 3.820614e+04 3.820614e+04 
6.950000e-03 2.008871e+05 3.721667e+04 3.721667e+04 1.282922e+05 3.374847e+04 3.374847e+04 
7.000000e-03 1.690980e+05 3.133608e+04 3.133608e+04 1.120116e+05 2.840812e+04 2.840812e+04 
7.050000e-03 1.470539e+05 2.728183e+04 2.728183e+04 9.776451e+04 2.474940e+04 2.474940e+04 
7.100000e-03 1.223547e+05 2.269668e+04 2.269668e+04 8.604608e+04 2.057614e+04 2.057614e+04 
7.150000e-03 1.074887e+05 1.995839e+04 1.995839e+04 7.574051e+04 1.810421e+04 1.810421e+04 
7.200000e-03 9.493247e+04 1.763955e+04 1.763955e+04 6.519498e+04 1.600637e+04 1.600637e+04 
7.250000e-03 8.433997e+04 1.568264e+04 1.568264e+04 5.064501e+04 1.423657e+04 1.423657e+04 
7.300000e-03 7.401483e+04 1.377564e+04 1.377564e+04 4.449157e+04 1.251264e+04 1.251264e+04 
7.350000e-03 6.429404e+04 1.197938e+04 1.197938e+04 3.875447e+04 1.088829e+04 1.088829e+04 
7.400000e-03 5.596492e+04 1.043895e+04 1.043895e+04 2.772794e+04 9.494681e+03 9.494681e+03 
7.450000e-03 4.914053e+04 9.175171e+03 9.175171e+03 2.437650e+04 8.350561e+03 8.350561e+03 
7.500000e-03 4.228791e+04 7.899948e+03 7.899948e+03 2.143527e+04 7.190856e+03 7.190856e+03 
7.550000e-03 3.312378e+04 6.177071e+03 6.177071e+03 1.204741e+04 5.610091e+03 5.610091e+03 
7.600000e-03 2.931595e+04 5.470985e+03 5.470985e+03 1.070641e+04 4.971008e+03 4.971008e+03 
7.650000e-03 2.550200e+04 4.763760e+03 4.763760e+03 9.365147e+03 4.330902e+03 4.330902e+03 
7.700000e-03 2.156597e+04 4.030696e+03 4.030696e+03 6.501848e+03 3.665044e+03 3.665044e+03 
7.750000e-03 1.612297e+04 3.010061e+03 3.010061e+03 3.667027e+03 2.732650e+03 2.732650e+03 
7.800000e-03 1.410995e+04 2.636831e+03 2.636831e+03 7.326520e+02 2.395330e+03 2.395330e+03 
7.850000e-03 8.018893e+03 1.492897e+03 1.492897e+03 1.537868e+01 1.350494e+03 1.350494e+03 
7.900000e-03 7.170565e+03 1.335746e+03 1.335746e+03 2.218862e-31 1.208766e+03 1.208766e+03 
7.950000e-03 6.331634e+03 1.180293e+03 1.180293e+03 2.218862e-31 1.068543e+03 1.068543e+03 
8.000000e-03 4.459404e+03 8.304787e+02 8.304787e+02 2.218862e-31 7.509944e+02 7.509944e+02 
8.050000e-03 3.510610e+03 6.540228e+02 6.540228e+02 2.218862e-31 5.914695e+02 5.914695e+02 
8.100000e-03 1.309540e+03 2.430942e+02 2.430942e+02 2.218862e-31 2.191585e+02 2.191585e+02 
8.150000e-03 4.440564e+02 8.216789e+01 8.216789e+01 2.218862e-31 7.399492e+01 7.399492e+01 
8.200000e-03 1.104745e+01 1.740385e+00 1.740385e+00 2.218862e-31 1.564026e+00 1.564026e+00 
8.250000e-03 1.473745e+00 2.218862e-31 2.218862e-31 2.218862e-31 2.218862e-31 2.218862e-31 
8.300000e-03 1.297387e+00 2.218862e-31 2.218862e-31 2.218862e-31 2.218862e-31 2.218862e-31 
8.350000e-03 1.141979e+00 2.218862e-31 2.218862e-31 2.218862e-31 2.218862e-31 2.218862e-31 
8.400000e-03 1.005058e+00 2.218862e-31 2.218862e-31 2.218862e-31 2.218862e-31 2.218862e-31 
8.450000e-03 8.844541e-01 2.218862e-31 2.218862e-31 2.218862e-31 2.218862e-31 2.218862e-31 
8.500000e-03 7.782444e-01 2.218862e-31 2.218862e-31 2.218862e-31 2.218862e-31 2.218862e-31 
8.550000e-03 6.847008e-01 2.218862e-31 2.218862e-31 2.218862e-31 2.218862e-31 2.218862e-31 
8.600000e-03 6.023436e-01 2.218862e-31 2.218862e-31 2.218862e-31 2.218862e-31 2.218862e-31 
8.650000e-03 5.298179e-01 2.218862e-31 2.218862e-31 2.218862e-31 2.218862e-31 2.218862e-31 
8.700000e-03 4.659898e-01 2.218862e-31 2.218862e-31 2.218862e-31 2.218862e-31 2.218862e-31 
8.750000e-03 4.097945e-01 2.218862e-31 2.218862e-31 2.218862e-31 2.218862e-31 2.218862e-31 
8.800000e-03 3.603470e-01 2.218862e-31 2.218862e-31 2.218862e-31 2.218862e-31 2.218862e-31 
8.850000e-03 3.168316e-01 2.218862e-31 2.218862e-31 2.218862e-31 2.218862e-31 2.218862e-31 
8.900000e-03 2.785430e-01 2.218862e-31 2.218862e-31 2.218862e-31 2.218862e-31 2.218862e-31 
8.950000e-03 2.448590e-01 2.218862e-31 2.218862e-31 2.218862e-31 2.218862e-31 2.218862e-31 
9.000000e-03 2.152126e-01 2.218862e-31 2.218862e-31 2.218862e-31 2.218862e-31 2.218862e-31 
9.050000e-03 1.891476e-01 2.218862e-31 2.218862e-31 2.218862e-31 2.218862e-31 2.218862e-31 
9.100000e-03 1.662215e-01 2.218862e-31 2.218862e-31 2.218862e-31 2.218862e-31 2.218862e-31 
9.150000e-03 1.460608e-01 2.218862e-31 2.218862e-31 2.218862e-31 2.218862e-31 2.218862e-31 
9.200000e-03 1.283325e-01 2.218862e-31 2.218862e-31 2.218862e-31 2.218862e-31 2.218862e-31 
9.250000e-03 1.127446e-01 2.218862e-31 2.218862e-31 2.218862e-31 2.218862e-31 2.218862e-31 
9.300000e-03 9.904150e-02 2.218862e-31 2.218862e-31 2.218862e-31 2.218862e-31 2.218862e-31 
9.350000e-03 8.699490e-02 2.218862e-31 2.218862e-31 2.218862e-31 2.218862e-31 2.218862e-31 
9.400000e-03 7.640573e-02 2.218862e-31 2.218862e-31 2.218862e-31 2.218862e-31 2.218862e-31 
9.450000e-03 6.709976e-02 2.218862e-31 2.218862e-31 2.218862e-31 2.218862e-31 2.218862e-31 
9.500000e-03 5.892213e-02 2.218862e-31 2.218862e-31 2.218862e-31 2.218862e-31 2.218862e-31 
9.550000e-03 5.173731e-02 2.218862e-31 2.218862e-31 2.218862e-31 2.218862e-31 2.218862e-31 
9.600000e-03 4.542363e-02 2.218862e-31 2.218862e-31 2.218862e-31 2.218862e-31 2.218862e-31 
9.650000e-03 3.987739e-02 2.218862e-31 2.218862e-31 2.218862e-31 2.218862e-31 2.218862e-31 
9.700000e-03 3.500454e-02 2.218862e-31 2.218862e-31 2.218862e-31 2.218862e-31 2.218862e-31 
9.750000e-03 3.072490e-02 2.218862e-31 2.218862e-31 2.218862e-31 2.218862e-31 2.218862e-31 
9.800000e-03 2.696657e-02 2.218862e-31 2.218862e-31 2.218862e-31 2.218862e-31 2.218862e-31 
9.850000e-03 2.366454e-02 2.218862e-31 2.218862e-31 2.218862e-31 2.218862e-31 2.218862e-31 
9.900000e-03 2.076627e-02 2.218862e-31 2.218862e-31 2.218862e-31 2.218862e-31 2.218862e-31 
9.950000e-03 1.822200e-02 2.218862e-31 2.218862e-31 2.218862e-31 2.218862e-31 2.218862e-31 
1.000000e-02 1.598746e-02 2.218862e-31 2.218862e-31 2.218862e-31 2.218862e-31 2.218862e-31 
1.005000e-02 1.402532e-02 2.218862e-31 2.218862e-31 2.218862e-31 2.218862e-31 2.218862e-31 
1.010000e-02 1.230337e-02 2.218862e-31 2.218862e-31 2.218862e-31 2.218862e-31 2.218862e-31 
1.015000e-02 1.079202e-02 2.218862e-31 2.218862e-31 2.218862e-31 2.218862e-31 2.218862e-31 
1.020000e-02 9.465538e-03 2.218862e-31 2.218862e-31 2.218862e-31 2.218862e-31 2.218862e-31 
1.025000e-02 8.301394e-03 2.218862e-31 2.218862e-31 2.218862e-31 2.218862e-31 2.218862e-31 
1.030000e-02 7.279950e-03 2.218862e-31 2.218862e-31 2.218862e-31 2.218862e-31 2.218862e-31 
1.035000e-02 6.383645e-03 2.218862e-31 2.218862e-31 2.218862e-31 2.218862e-31 2.218862e-31 
1.040000e-02 5.597270e-03 2.218862e-31 2.218862e-31 2.218862e-31 2.218862e-31 2.218862e-31 
1.045000e-02 4.907412e-03 2.218862e-31 2.218862e-31 2.218862e-31 2.218862e-31 2.218862e-31 
1.050000e-02 4.302316e-03 2.218862e-31 2.218862e-31 2.218862e-31 2.218862e-31 2.218862e-31 
1.055000e-02 3.771475e-03 2.218862e-31 2.218862e-31 2.218862e-31 2.218862e-31 2.218862e-31 
1.060000e-02 3.305900e-03 2.218862e-31 2.218862e-31 2.218862e-31 2.218862e-31 2.218862e-31 
1.065000e-02 2.897571e-03 2.218862e-31 2.218862e-31 2.218862e-31 2.218862e-31 2.218862e-31 
1.070000e-02 2.539575e-03 2.218862e-31 2.218862e-31 2.218862e-31 2.218862e-31 2.218862e-31 
1.075000e-02 2.225551e-03 2.218862e-31 2.218862e-31 2.218862e-31 2.218862e-31 2.218862e-31 
1.080000e-02 1.950243e-03 2.218862e-31 2.218862e-31 2.218862e-31 2.218862e-31 2.218862e-31 
1.085000e-02 1.708952e-03 2.218862e-31 2.218862e-31 2.218862e-31 2.218862e-31 2.218862e-31 
1.090000e-02 1.497390e-03 2.218862e-31 2.218862e-31 2.218862e-31 2.218862e-31 2.218862e-31 
1.095000e-02 1.311865e-03 2.218862e-31 2.218862e-31 2.218862e-31 2.218862e-31 2.218862e-31 
1.100000e-02 1.149280e-03 2.218862e-31 2.218862e-31 2.218862e-31 2.218862e-31 2.218862e-31 
1.105000e-02 1.006773e-03 2.218862e-31 2.218862e-31 2.218862e-31 2.218862e-31 2.218862e-31 
1.110000e-02 8.818822e-04 2.218862e-31 2.218862e-31 2.218862e-31 2.218862e-31 2.218862e-31 
1.115000e-02 7.724368e-04 2.218862e-31 2.218862e-31 2.218862e-31 2.218862e-31 2.218862e-31 
1.120000e-02 6.765148e-04 2.218862e-31 2.218862e-31 2.218862e-31 2.218862e-31 2.218862e-31 
1.125000e-02 5.924846e-04 2.218862e-31 2.218862e-31 2.218862e-31 2.218862e-31 2.218862e-31 
1.130000e-02 5.188388e-04 2.218862e-31 2.218862e-31 2.218862e-31 2.218862e-31 2.218862e-31 
1.135000e-02 4.543331e-04 2.218862e-31 2.218862e-31 2.218862e-31 2.218862e-31 2.218862e-31 
1.140000e-02 3.978198e-04 2.218862e-31 2.218862e-31 2.218862e-31 2.218862e-31 2.218862e-31 
1.145000e-02 3.483170e-04 2.218862e-31 2.218862e-31 2.218862e-31 2.218862e-31 2.218862e-31 
1.150000e-02 3.049398e-04 2.218862e-31 2.218862e-31 2.218862e-31 2.218862e-31 2.218862e-31 
1.155000e-02 2.669555e-04 2.218862e-31 2.218862e-31 2.218862e-31 2.218862e-31 2.218862e-31 
1.160000e-02 2.337001e-04 2.218862e-31 2.218862e-31 2.218862e-31 2.218862e-31 2.218862e-31 
1.165000e-02 2.045654e-04 2.218862e-31 2.218862e-31 2.218862e-31 2.218862e-31 2.218862e-31 
1.170000e-02 1.790535e-04 2.218862e-31 2.218862e-31 2.218862e-31 2.218862e-31 2.218862e-31 
1.175000e-02 1.567081e-04 2.218862e-31 2.218862e-31 2.218862e-31 2.218862e-31 2.218862e-31 
1.180000e-02 1.371503e-04 2.218862e-31 2.218862e-31 2.218862e-31 2.218862e-31 2.218862e-31 
1.185000e-02 1.200249e-04 2.218862e-31 2.218862e-31 2.218862e-31 2.218862e-31 2.218862e-31 
1.190000e-02 1.050316e-04 2.218862e-31 2.218862e-31 2.218862e-31 2.218862e-31 2.218862e-31 
1.195000e-02 9.190508e-05 2.218862e-31 2.218862e-31 2.218862e-31 2.218862e-31 2.218862e-31 
1.200000e-02 8.041573e-05 2.218862e-31 2.218862e-31 2.218862e-31 2.218862e-31 2.218862e-31 
1.205000e-02 7.035754e-05 2.218862e-31 2.218862e-31 2.218862e-31 2.218862e-31 2.218862e-31 
1.210000e-02 6.155490e-05 2.218862e-31 2.218862e-31 2.218862e-31 2.218862e-31 2.218862e-31 
1.215000e-02 5.385017e-05 2.218862e-31 2.218862e-31 2.218862e-31 2.218862e-31 2.218862e-31 
1.220000e-02 4.710645e-05 2.218862e-31 2.218862e-31 2.218862e-31 2.218862e-31 2.218862e-31 
1.225000e-02 4.120622e-05 2.218862e-31 2.218862e-31 2.218862e-31 2.218862e-31 2.218862e-31 
1.230000e-02 3.604300e-05 2.218862e-31 2.218862e-31 2.218862e-31 2.218862e-31 2.218862e-31 
1.235000e-02 3.152414e-05 2.218862e-31 2.218862e-31 2.218862e-31 2.218862e-31 2.218862e-31 
1.240000e-02 2.757083e-05 2.218862e-31 2.218862e-31 2.218862e-31 2.218862e-31 2.218862e-31 
1.245000e-02 2.411255e-05 2.218862e-31 2.218862e-31 2.218862e-31 2.218862e-31 2.218862e-31 
1.250000e-02 2.108569e-05 2.218862e-31 2.218862e-31 2.218862e-31 2.218862e-31 2.218862e-31 
1.255000e-02 1.843909e-05 2.218862e-31 2.218862e-31 2.218862e-31 2.218862e-31 2.218862e-31 
1.260000e-02 1.612297e-05 2.218862e-31 2.218862e-31 2.218862e-31 2.218862e-31 2.218862e-31 
1.265000e-02 1.409723e-05 2.218862e-31 2.218862e-31 2.218862e-31 2.218862e-31 2.218862e-31 
1.270000e-02 1.232564e-05 2.218862e-31 2.218862e-31 2.218862e-31 2.218862e-31 2.218862e-31 
1.275000e-02 1.077598e-05 2.218862e-31 2.218862e-31 2.218862e-31 2.218862e-31 2.218862e-31 
1.280000e-02 9.420737e-06 2.218862e-31 2.218862e-31 2.218862e-31 2.218862e-31 2.218862e-31 
1.285000e-02 8.235574e-06 2.218862e-31 2.218862e-31 2.218862e-31 2.218862e-31 2.218862e-31 
1.290000e-02 7.199058e-06 2.218862e-31 2.218862e-31 2.218862e-31 2.218862e-31 2.218862e-31 
1.295000e-02 6.292798e-06 2.218862e-31 2.218862e-31 2.218862e-31 2.218862e-31 2.218862e-31 
1.300000e-02 5.500200e-06 2.218862e-31 2.218862e-31 2.218862e-31 2.218862e-31 2.218862e-31 
1.305000e-02 4.807300e-06 2.218862e-31 2.218862e-31 2.218862e-31 2.218862e-31 2.218862e-31 
1.310000e-02 4.201513e-06 2.218862e-31 2.218862e-31 2.218862e-31 2.218862e-31 2.218862e-31 
1.315000e-02 3.671778e-06 2.218862e-31 2.218862e-31 2.218862e-31 2.218862e-31 2.218862e-31 
1.320000e-02 3.208831e-06 2.218862e-31 2.218862e-31 2.218862e-31 2.218862e-31 2.218862e-31 
1.325000e-02 2.803959e-06 2.218862e-31 2.218862e-31 2.218862e-31 2.218862e-31 2.218862e-31 
1.330000e-02 2.450249e-06 2.218862e-31 2.218862e-31 2.218862e-31 2.218862e-31 2.218862e-31 
1.335000e-02 2.140926e-06 2.218862e-31 2.218862e-31 2.218862e-31 2.218862e-31 2.218862e-31 
1.340000e-02 1.870596e-06 2.218862e-31 2.218862e-31 2.218862e-31 2.218862e-31 2.218862e-31 
1.345000e-02 1.634283e-06 2.218862e-31 2.218862e-31 2.218862e-31 2.218862e-31 2.218862e-31 
1.350000e-02 1.427837e-06 2.218862e-31 2.218862e-31 2.218862e-31 2.218862e-31 2.218862e-31 
1.355000e-02 1.247373e-06 2.218862e-31 2.218862e-31 2.218862e-31 2.218862e-31 2.218862e-31 
1.360000e-02 1.089683e-06 2.218862e-31 2.218862e-31 2.218862e-31 2.218862e-31 2.218862e-31 
1.365000e-02 9.518775e-07 2.218862e-31 2.218862e-31 2.218862e-31 2.218862e-31 2.218862e-31 
1.370000e-02 8.314668e-07 2.218862e-31 2.218862e-31 2.218862e-31 2.218862e-31 2.218862e-31 
1.375000e-02 7.262527e-07 2.218862e-31 2.218862e-31 2.218862e-31 2.218862e-31 2.218862e-31 
1.380000e-02 6.343269e-07 2.218862e-31 2.218862e-31 2.218862e-31 2.218862e-31 2.218862e-31 
1.385000e-02 5.540162e-07 2.218862e-31 2.218862e-31 2.218862e-31 2.218862e-31 2.218862e-31 
1.390000e-02 4.838412e-07 2.218862e-31 2.218862e-31 2.218862e-31 2.218862e-31 2.218862e-31 
1.395000e-02 4.225435e-07 2.218862e-31 2.218862e-31 2.218862e-31 2.218862e-31 2.218862e-31 
1.400000e-02 3.690031e-07 2.218862e-31 2.218862e-31 2.218862e-31 2.218862e-31 2.218862e-31 
1.405000e-02 3.222243e-07 2.218862e-31 2.218862e-31 2.218862e-31 2.218862e-31 2.218862e-31 
1.410000e-02 2.813776e-07 2.218862e-31 2.218862e-31 2.218862e-31 2.218862e-31 2.218862e-31 
1.415000e-02 2.456886e-07 2.218862e-31 2.218862e-31 2.218862e-31 2.218862e-31 2.218862e-31 
1.420000e-02 2.145212e-07 2.218862e-31 2.218862e-31 2.218862e-31 2.218862e-31 2.218862e-31 
1.425000e-02 1.872947e-07 2.218862e-31 2.218862e-31 2.218862e-31 2.218862e-31 2.218862e-31 
1.430000e-02 1.635251e-07 2.218862e-31 2.218862e-31 2.218862e-31 2.218862e-31 2.218862e-31 
1.435000e-02 1.427560e-07 2.218862e-31 2.218862e-31 2.218862e-31 2.218862e-31 2.218862e-31 
1.440000e-02 1.246253e-07 2.218862e-31 2.218862e-31 2.218862e-31 2.218862e-31 2.218862e-31 
1.445000e-02 1.087941e-07 2.218862e-31 2.218862e-31 2.218862e-31 2.218862e-31 2.218862e-31 
1.450000e-02 9.496927e-08 2.218862e-31 2.218862e-31 2.218862e-31 2.218862e-31 2.218862e-31 
1.455000e-02 8.289778e-08 2.218862e-31 2.218862e-31 2.218862e-31 2.218862e-31 2.218862e-31 
1.460000e-02 7.235840e-08 2.218862e-31 2.218862e-31 2.218862e-31 2.218862e-31 2.218862e-31 
1.465000e-02 6.315613e-08 2.218862e-31 2.218862e-31 2.218862e-31 2.218862e-31 2.218862e-31 
1.470000e-02 5.512230e-08 2.218862e-31 2.218862e-31 2.218862e-31 2.218862e-31 2.218862e-31 
1.475000e-02 4.810757e-08 2.218862e-31 2.218862e-31 2.218862e-31 2.218862e-31 2.218862e-31 
1.480000e-02 4.198471e-08 2.218862e-31 2.218862e-31 2.218862e-31 2.218862e-31 2.218862e-31 
1.485000e-02 3.664035e-08 2.218862e-31 2.218862e-31 2.218862e-31 2.218862e-31 2.218862e-31 
1.490000e-02 3.197492e-08 2.218862e-31 2.218862e-31 2.218862e-31 2.218862e-31 2.218862e-31 
1.495000e-02 2.790269e-08 2.218862e-31 2.218862e-31 2.218862e-31 2.218862e-31 2.218862e-31 
1.500000e-02 2.434762e-08 2.218862e-31 2.218862e-31 2.218862e-31 2.218862e-31 2.218862e-31 
1.505000e-02 2.124471e-08 2.218862e-31 2.218862e-31 2.218862e-31 2.218862e-31 2.218862e-31 
1.510000e-02 1.853727e-08 2.218862e-31 2.218862e-31 2.218862e-31 2.218862e-31 2.218862e-31 
1.515000e-02 1.617275e-08 2.218862e-31 2.218862e-31 2.218862e-31 2.218862e-31 2.218862e-31 
1.520000e-02 1.411106e-08 2.218862e-31 2.218862e-31 2.218862e-31 2.218862e-31 2.218862e-31 
1.525000e-02 1.231098e-08 2.218862e-31 2.218862e-31 2.218862e-31 2.218862e-31 2.218862e-31 
1.530000e-02 1.074030e-08 2.218862e-31 2.218862e-31 2.218862e-31 2.218862e-31 2.218862e-31 
1.535000e-02 9.369575e-09 2.218862e-31 2.218862e-31 2.218862e-31 2.218862e-31 2.218862e-31 
1.540000e-02 8.173627e-09 2.218862e-31 2.218862e-31 2.218862e-31 2.218862e-31 2.218862e-31 
1.545000e-02 7.130058e-09 2.218862e-31 2.218862e-31 2.218862e-31 2.218862e-31 2.218862e-31 
1.550000e-02 6.219512e-09 2.218862e-31 2.218862e-31 2.218862e-31 2.218862e-31 2.218862e-31 
1.555000e-02 5.424978e-09 2.218862e-31 2.218862e-31 2.218862e-31 2.218862e-31 2.218862e-31 
1.560000e-02 4.731940e-09 2.218862e-31 2.218862e-31 2.218862e-31 2.218862e-31 2.218862e-31 
1.565000e-02 4.127259e-09 2.218862e-31 2.218862e-31 2.218862e-31 2.218862e-31 2.218862e-31 
1.570000e-02 3.599598e-09 2.218862e-31 2.218862e-31 2.218862e-31 2.218862e-31 2.218862e-31 
1.575000e-02 3.139416e-09 2.218862e-31 2.218862e-31 2.218862e-31 2.218862e-31 2.218862e-31 
1.580000e-02 2.738001e-09 2.218862e-31 2.218862e-31 2.218862e-31 2.218862e-31 2.218862e-31 
1.585000e-02 2.387748e-09 2.218862e-31 2.218862e-31 2.218862e-31 2.218862e-31 2.218862e-31 
1.590000e-02 2.082297e-09 2.218862e-31 2.218862e-31 2.218862e-31 2.218862e-31 2.218862e-31 
1.595000e-02 1.815839e-09 2.218862e-31 2.218862e-31 2.218862e-31 2.218862e-31 2.218862e-31 
1.600000e-02 1.583397e-09 2.218862e-31 2.218862e-31 2.218862e-31 2.218862e-31 2.218862e-31 
1.605000e-02 1.380699e-09 2.218862e-31 2.218862e-31 2.218862e-31 2.218862e-31 2.218862e-31 
1.610000e-02 1.203899e-09 2.218862e-31 2.218862e-31 2.218862e-31 2.218862e-31 2.218862e-31 
1.615000e-02 1.049708e-09 2.218862e-31 2.218862e-31 2.218862e-31 2.218862e-31 2.218862e-31 
1.620000e-02 9.152343e-10 2.218862e-31 2.218862e-31 2.218862e-31 2.218862e-31 2.218862e-31 
1.625000e-02 7.979764e-10 2.218862e-31 2.218862e-31 2.218862e-31 2.218862e-31 2.218862e-31 
1.630000e-02 6.957075e-10 2.218862e-31 2.218862e-31 2.218862e-31 2.218862e-31 2.218862e-31 
1.635000e-02 6.065334e-10 2.218862e-31 2.218862e-31 2.218862e-31 2.218862e-31 2.218862e-31 
1.640000e-02 5.287670e-10 2.218862e-31 2.218862e-31 2.218862e-31 2.218862e-31 2.218862e-31 
1.645000e-02 4.609565e-10 2.218862e-31 2.218862e-31 2.218862e-31 2.218862e-31 2.218862e-31 
1.650000e-02 4.018436e-10 2.218862e-31 2.218862e-31 2.218862e-31 2.218862e-31 2.218862e-31 
1.655000e-02 3.502943e-10 2.218862e-31 2.218862e-31 2.218862e-31 2.218862e-31 2.218862e-31 
1.660000e-02 3.053408e-10 2.218862e-31 2.218862e-31 2.218862e-31 2.218862e-31 2.218862e-31 
1.665000e-02 2.661535e-10 2.218862e-31 2.218862e-31 2.218862e-31 2.218862e-31 2.218862e-31 
1.670000e-02 2.319855e-10 2.218862e-31 2.218862e-31 2.218862e-31 2.218862e-31 2.218862e-31 
1.675000e-02 2.022008e-10 2.218862e-31 2.218862e-31 2.218862e-31 2.218862e-31 2.218862e-31 
1.680000e-02 1.762465e-10 2.218862e-31 2.218862e-31 2.218862e-31 2.218862e-31 2.218862e-31 
1.685000e-02 1.535969e-10 2.218862e-31 2.218862e-31 2.218862e-31 2.218862e-31 2.218862e-31 
1.690000e-02 1.338718e-10 2.218862e-31 2.218862e-31 2.218862e-31 2.218862e-31 2.218862e-31 
1.695000e-02 1.166703e-10 2.218862e-31 2.218862e-31 2.218862e-31 2.218862e-31 2.218862e-31 
1.700000e-02 1.016770e-10 2.218862e-31 2.218862e-31 2.218862e-31 2.218862e-31 2.218862e-31 
1.705000e-02 8.860720e-11 2.218862e-31 2.218862e-31 2.218862e-31 2.218862e-31 2.218862e-31 
1.710000e-02 7.721603e-11 2.218862e-31 2.218862e-31 2.218862e-31 2.218862e-31 2.218862e-31 
1.715000e-02 6.728782e-11 2.218862e-31 2.218862e-31 2.218862e-31 2.218862e-31 2.218862e-31 
1.720000e-02 5.863313e-11 2.218862e-31 2.218862e-31 2.218862e-31 2.218862e-31 2.218862e-31 
1.725000e-02 5.109156e-11 2.218862e-31 2.218862e-31 2.218862e-31 2.218862e-31 2.218862e-31 
1.730000e-02 4.451793e-11 2.218862e-31 2.218862e-31 2.218862e-31 2.218862e-31 2.218862e-31 
1.735000e-02 3.878916e-11 2.218862e-31 2.218862e-31 2.218862e-31 2.218862e-31 2.218862e-31 
1.740000e-02 3.379740e-11 2.218862e-31 2.218862e-31 2.218862e-31 2.218862e-31 2.218862e-31 
1.745000e-02 2.944585e-11 2.218862e-31 2.218862e-31 2.218862e-31 2.218862e-31 2.218862e-31 
1.750000e-02 2.565571e-11 2.218862e-31 2.218862e-31 2.218862e-31 2.218862e-31 2.218862e-31 
1.755000e-02 2.235092e-11 2.218862e-31 2.218862e-31 2.218862e-31 2.218862e-31 2.218862e-31 
1.760000e-02 1.947339e-11 2.218862e-31 2.218862e-31 2.218862e-31 2.218862e-31 2.218862e-31 
1.765000e-02 1.696369e-11 2.218862e-31 2.218862e-31 2.218862e-31 2.218862e-31 2.218862e-31 
1.770000e-02 1.477893e-11 2.218862e-31 2.218862e-31 2.218862e-31 2.218862e-31 2.218862e-31 
1.775000e-02 1.287418e-11 2.218862e-31 2.218862e-31 2.218862e-31 2.218862e-31 2.218862e-31 
1.780000e-02 1.121487e-11 2.218862e-31 2.218862e-31 2.218862e-31 2.218862e-31 2.218862e-31 
1.785000e-02 9.769192e-12 2.218862e-31 2.218862e-31 2.218862e-31 2.218862e-31 2.218862e-31 
1.790000e-02 8.509637e-12 2.218862e-31 2.218862e-31 2.218862e-31 2.218862e-31 2.218862e-31 
1.795000e-02 7.412280e-12 2.218862e-31 2.218862e-31 2.218862e-31 2.218862e-31 2.218862e-31 
1.800000e-02 6.456378e-12 2.218862e-31 2.218862e-31 2.218862e-31 2.218862e-31 2.218862e-31 
1.805000e-02 5.623543e-12 2.218862e-31 2.218862e-31 2.218862e-31 2.218862e-31 2.218862e-31 
1.810000e-02 4.898009e-12 2.218862e-31 2.218862e-31 2.218862e-31 2.218862e-31 2.218862e-31 
1.815000e-02 4.265950e-12 2.218862e-31 2.218862e-31 2.218862e-31 2.218862e-31 2.218862e-31 
1.820000e-02 3.715335e-12 2.218862e-31 2.218862e-31 2.218862e-31 2.218862e-31 2.218862e-31 
1.825000e-02 3.235794e-12 2.218862e-31 2.218862e-31 2.218862e-31 2.218862e-31 2.218862e-31 
1.830000e-02 2.818063e-12 2.218862e-31 2.218862e-31 2.218862e-31 2.218862e-31 2.218862e-31 
1.835000e-02 2.454121e-12 2.218862e-31 2.218862e-31 2.218862e-31 2.218862e-31 2.218862e-31 
1.840000e-02 2.137192e-12 2.218862e-31 2.218862e-31 2.218862e-31 2.218862e-31 2.218862e-31 
1.845000e-02 1.861194e-12 2.218862e-31 2.218862e-31 2.218862e-31 2.218862e-31 2.218862e-31 
1.850000e-02 1.620732e-12 2.218862e-31 2.218862e-31 2.218862e-31 2.218862e-31 2.218862e-31 
1.855000e-02 1.411382e-12 2.218862e-31 2.218862e-31 2.218862e-31 2.218862e-31 2.218862e-31 
1.860000e-02 1.228955e-12 2.218862e-31 2.218862e-31 2.218862e-31 2.218862e-31 2.218862e-31 
1.865000e-02 1.070117e-12 2.218862e-31 2.218862e-31 2.218862e-31 2.218862e-31 2.218862e-31 
1.870000e-02 9.317860e-13 2.218862e-31 2.218862e-31 2.218862e-31 2.218862e-31 2.218862e-31 
1.875000e-02 8.113200e-13 2.218862e-31 2.218862e-31 2.218862e-31 2.218862e-31 2.218862e-31 
1.880000e-02 7.064101e-13 2.218862e-31 2.218862e-31 2.218862e-31 2.218862e-31 2.218862e-31 
1.885000e-02 6.150512e-13 2.218862e-31 2.218862e-31 2.218862e-31 2.218862e-31 2.218862e-31 
1.890000e-02 5.355011e-13 2.218862e-31 2.218862e-31 2.218862e-31 2.218862e-31 2.218862e-31 
1.895000e-02 4.662248e-13 2.218862e-31 2.218862e-31 2.218862e-31 2.218862e-31 2.218862e-31 
1.900000e-02 4.058951e-13 2.218862e-31 2.218862e-31 2.218862e-31 2.218862e-31 2.218862e-31 
1.905000e-02 3.533779e-13 2.218862e-31 2.218862e-31 2.218862e-31 2.218862e-31 2.218862e-31 
1.910000e-02 3.076362e-13 2.218862e-31 2.218862e-31 2.218862e-31 2.218862e-31 2.218862e-31 
1.915000e-02 2.678128e-13 2.218862e-31 2.218862e-31 2.218862e-31 2.218862e-31 2.218862e-31 
1.920000e-02 2.331470e-13 2.218862e-31 2.218862e-31 2.218862e-31 2.218862e-31 2.218862e-31 
1.925000e-02 2.029614e-13 2.218862e-31 2.218862e-31 2.218862e-31 2.218862e-31 2.218862e-31 
1.930000e-02 1.766751e-13 2.218862e-31 2.218862e-31 2.218862e-31 2.218862e-31 2.218862e-31 
1.935000e-02 1.537905e-13 2.218862e-31 2.218862e-31 2.218862e-31 2.218862e-31 2.218862e-31 
1.940000e-02 1.338704e-13 2.218862e-31 2.218862e-31 2.218862e-31 2.218862e-31 2.218862e-31 
1.945000e-02 1.165265e-13 2.218862e-31 2.218862e-31 2.218862e-31 2.218862e-31 2.218862e-31 
1.950000e-02 1.014281e-13 2.218862e-31 2.218862e-31 2.218862e-31 2.218862e-31 2.218862e-31 
1.955000e-02 8.828363e-14 2.218862e-31 2.218862e-31 2.218862e-31 2.218862e-31 2.218862e-31 
1.960000e-02 7.684130e-14 2.218862e-31 2.218862e-31 2.218862e-31 2.218862e-31 2.218862e-31 
1.965000e-02 6.687990e-14 2.218862e-31 2.218862e-31 2.218862e-31 2.218862e-31 2.218862e-31 
1.970000e-02 5.820862e-14 2.218862e-31 2.218862e-31 2.218862e-31 2.218862e-31 2.218862e-31 
1.975000e-02 5.066152e-14 2.218862e-31 2.218862e-31 2.218862e-31 2.218862e-31 2.218862e-31 
1.980000e-02 4.409204e-14 2.218862e-31 2.218862e-31 2.218862e-31 2.218862e-31 2.218862e-31 
1.985000e-02 3.837294e-14 2.218862e-31 2.218862e-31 2.218862e-31 2.218862e-31 2.218862e-31 
1.990000e-02 3.339501e-14 2.218862e-31 2.218862e-31 2.218862e-31 2.218862e-31 2.218862e-31 
1.995000e-02 2.906283e-14 2.218862e-31 2.218862e-31 2.218862e-31 2.218862e-31 2.218862e-31 
2.000000e-02 2.529204e-14 2.218862e-31 2.218862e-31 2.218862e-31 2.218862e-31 2.218862e-31 
2.005000e-02 2.200937e-14 2.218862e-31 2.218862e-31 2.218862e-31 2.218862e-31 2.218862e-31 
2.010000e-02 1.915259e-14 2.218862e-31 2.218862e-31 2.218862e-31 2.218862e-31 2.218862e-31 
2.015000e-02 1.666639e-14 2.218862e-31 2.218862e-31 2.218862e-31 2.218862e-31 2.218862e-31 
2.020000e-02 1.450238e-14 2.218862e-31 2.218862e-31 2.218862e-31 2.218862e-31 2.218862e-31 
2.025000e-02 1.261989e-14 2.218862e-31 2.218862e-31 2.218862e-31 2.218862e-31 2.218862e-31 
2.030000e-02 1.098118e-14 2.218862e-31 2.218862e-31 2.218862e-31 2.218862e-31 2.218862e-31 
2.035000e-02 9.555003e-15 2.218862e-31 2.218862e-31 2.218862e-31 2.218862e-31 2.218862e-31 
2.040000e-02 8.313838e-15 2.218862e-31 2.218862e-31 2.218862e-31 2.218862e-31 2.218862e-31 
2.045000e-02 7.233904e-15 2.218862e-31 2.218862e-31 2.218862e-31 2.218862e-31 2.218862e-31 
2.050000e-02 6.294042e-15 2.218862e-31 2.218862e-31 2.218862e-31 2.218862e-31 2.218862e-31 
2.055000e-02 5.476140e-15 2.218862e-31 2.218862e-31 2.218862e-31 2.218862e-31 2.218862e-31 
2.060000e-02 4.764434e-15 2.218862e-31 2.218862e-31 2.218862e-31 2.218862e-31 2.218862e-31 
2.065000e-02 4.145235e-15 2.218862e-31 2.218862e-31 2.218862e-31 2.218862e-31 2.218862e-31 
2.070000e-02 3.606374e-15 2.218862e-31 2.218862e-31 2.218862e-31 2.218862e-31 2.218862e-31 
2.075000e-02 3.137480e-15 2.218862e-31 2.218862e-31 2.218862e-31 2.218862e-31 2.218862e-31 
2.080000e-02 2.729566e-15 2.218862e-31 2.218862e-31 2.218862e-31 2.218862e-31 2.218862e-31 
2.085000e-02 2.374612e-15 2.218862e-31 2.218862e-31 2.218862e-31 2.218862e-31 2.218862e-31 
2.090000e-02 2.065842e-15 2.218862e-31 2.218862e-31 2.218862e-31 2.218862e-31 2.218862e-31 
2.095000e-02 1.797034e-15 2.218862e-31 2.218862e-31 2.218862e-31 2.218862e-31 2.218862e-31 
2.100000e-02 1.563347e-15 2.218862e-31 2.218862e-31 2.218862e-31 2.218862e-31 2.218862e-31 
2.105000e-02 1.359930e-15 2.218862e-31 2.218862e-31 2.218862e-31 2.218862e-31 2.218862e-31 
2.110000e-02 1.182978e-15 2.218862e-31 2.218862e-31 2.218862e-31 2.218862e-31 2.218862e-31 
2.115000e-02 1.029035e-15 2.218862e-31 2.218862e-31 2.218862e-31 2.218862e-31 2.218862e-31 
2.120000e-02 8.951014e-16 2.218862e-31 2.218862e-31 2.218862e-31 2.218862e-31 2.218862e-31 
2.125000e-02 7.785901e-16 2.218862e-31 2.218862e-31 2.218862e-31 2.218862e-31 2.218862e-31 
2.130000e-02 6.772339e-16 2.218862e-31 2.218862e-31 2.218862e-31 2.218862e-31 2.218862e-31 
2.135000e-02 5.890553e-16 2.218862e-31 2.218862e-31 2.218862e-31 2.218862e-31 2.218862e-31 
2.140000e-02 5.123537e-16 2.218862e-31 2.218862e-31 2.218862e-31 2.218862e-31 2.218862e-31 
2.145000e-02 4.456356e-16 2.218862e-31 2.218862e-31 2.218862e-31 2.218862e-31 2.218862e-31 
2.150000e-02 3.876012e-16 2.218862e-31 2.218862e-31 2.218862e-31 2.218862e-31 2.218862e-31 
2.155000e-02 3.371166e-16 2.218862e-31 2.218862e-31 2.218862e-31 2.218862e-31 2.218862e-31 
2.160000e-02 2.932002e-16 2.218862e-31 2.218862e-31 2.218862e-31 2.218862e-31 2.218862e-31 
2.165000e-02 2.549946e-16 2.218862e-31 2.218862e-31 2.218862e-31 2.218862e-31 2.218862e-31 
2.170000e-02 2.217669e-16 2.218862e-31 2.218862e-31 2.218862e-31 2.218862e-31 2.218862e-31 
2.175000e-02 1.928672e-16 2.218862e-31 2.218862e-31 2.218862e-31 2.218862e-31 2.218862e-31 
2.180000e-02 1.677287e-16 2.218862e-31 2.218862e-31 2.218862e-31 2.218862e-31 2.218862e-31 
2.185000e-02 1.458672e-16 2.218862e-31 2.218862e-31 2.218862e-31 2.218862e-31 2.218862e-31 
2.190000e-02 1.268543e-16 2.218862e-31 2.218862e-31 2.218862e-31 2.218862e-31 2.218862e-31 
2.195000e-02 1.103151e-16 2.218862e-31 2.218862e-31 2.218862e-31 2.218862e-31 2.218862e-31 
2.200000e-02 9.593167e-17 2.218862e-31 2.218862e-31 2.218862e-31 2.218862e-31 2.218862e-31 
2.205000e-02 8.342185e-17 2.218862e-31 2.218862e-31 2.218862e-31 2.218862e-31 2.218862e-31 
2.210000e-02 7.254230e-17 2.218862e-31 2.218862e-31 2.218862e-31 2.218862e-31 2.218862e-31 
2.215000e-02 6.308008e-17 2.218862e-31 2.218862e-31 2.218862e-31 2.218862e-31 2.218862e-31 
2.220000e-02 5.485267e-17 2.218862e-31 2.218862e-31 2.218862e-31 2.218862e-31 2.218862e-31 
2.225000e-02 4.769551e-17 2.218862e-31 2.218862e-31 2.218862e-31 2.218862e-31 2.218862e-31 
2.230000e-02 4.147309e-17 2.218862e-31 2.218862e-31 2.218862e-31 2.218862e-31 2.218862e-31 
2.235000e-02 3.606097e-17 2.218862e-31 2.218862e-31 2.218862e-31 2.218862e-31 2.218862e-31 
2.240000e-02 3.135544e-17 2.218862e-31 2.218862e-31 2.218862e-31 2.218862e-31 2.218862e-31 
2.245000e-02 2.726248e-17 2.218862e-31 2.218862e-31 2.218862e-31 2.218862e-31 2.218862e-31 
2.250000e-02 2.370464e-17 2.218862e-31 2.218862e-31 2.218862e-31 2.218862e-31 2.218862e-31 
2.255000e-02 2.061002e-17 2.218862e-31 2.218862e-31 2.218862e-31 2.218862e-31 2.218862e-31 
2.260000e-02 1.791917e-17 2.218862e-31 2.218862e-31 2.218862e-31 2.218862e-31 2.218862e-31 
2.265000e-02 1.557955e-17 2.218862e-31 2.218862e-31 2.218862e-31 2.218862e-31 2.218862e-31 
2.270000e-02 1.354509e-17 2.218862e-31 2.218862e-31 2.218862e-31 2.218862e-31 2.218862e-31 
2.275000e-02 1.177613e-17 2.218862e-31 2.218862e-31 2.218862e-31 2.218862e-31 2.218862e-31 
2.280000e-02 1.023809e-17 2.218862e-31 2.218862e-31 2.218862e-31 2.218862e-31 2.218862e-31 
2.285000e-02 8.900820e-18 2.218862e-31 2.218862e-31 2.218862e-31 2.218862e-31 2.218862e-31 
2.290000e-02 7.738058e-18 2.218862e-31 2.218862e-31 2.218862e-31 2.218862e-31 2.218862e-31 
2.295000e-02 6.726984e-18 2.218862e-31 2.218862e-31 2.218862e-31 2.218862e-31 2.218862e-31 
2.300000e-02 5.848103e-18 2.218862e-31 2.218862e-31 2.218862e-31 2.218862e-31 2.218862e-31 
2.305000e-02 5.083852e-18 2.218862e-31 2.218862e-31 2.218862e-31 2.218862e-31 2.218862e-31 
2.310000e-02 4.419436e-18 2.218862e-31 2.218862e-31 2.218862e-31 2.218862e-31 2.218862e-31 
2.315000e-02 3.841858e-18 2.218862e-31 2.218862e-31 2.218862e-31 2.218862e-31 2.218862e-31 
2.320000e-02 3.339640e-18 2.218862e-31 2.218862e-31 2.218862e-31 2.218862e-31 2.218862e-31 
2.325000e-02 2.903102e-18 2.218862e-31 2.218862e-31 2.218862e-31 2.218862e-31 2.218862e-31 
2.330000e-02 2.523535e-18 2.218862e-31 2.218862e-31 2.218862e-31 2.218862e-31 2.218862e-31 
2.335000e-02 2.193609e-18 2.218862e-31 2.218862e-31 2.218862e-31 2.218862e-31 2.218862e-31 
2.340000e-02 1.906686e-18 2.218862e-31 2.218862e-31 2.218862e-31 2.218862e-31 2.218862e-31 
2.345000e-02 1.657375e-18 2.218862e-31 2.218862e-31 2.218862e-31 2.218862e-31 2.218862e-31 
2.350000e-02 1.440558e-18 2.218862e-31 2.218862e-31 2.218862e-31 2.218862e-31 2.218862e-31 
2.355000e-02 1.252157e-18 2.218862e-31 2.218862e-31 2.218862e-31 2.218862e-31 2.218862e-31 
2.360000e-02 1.088356e-18 2.218862e-31 2.218862e-31 2.218862e-31 2.218862e-31 2.218862e-31 
2.365000e-02 9.459731e-19 2.218862e-31 2.218862e-31 2.218862e-31 2.218862e-31 2.218862e-31 
2.370000e-02 8.222023e-19 2.218862e-31 2.218862e-31 2.218862e-31 2.218862e-31 2.218862e-31 
2.375000e-02 7.146098e-19 2.218862e-31 2.218862e-31 2.218862e-31 2.218862e-31 2.218862e-31 
2.380000e-02 6.210939e-19 2.218862e-31 2.218862e-31 2.218862e-31 2.218862e-31 2.218862e-31 
2.385000e-02 5.398153e-19 2.218862e-31 2.218862e-31 2.218862e-31 2.218862e-31 2.218862e-31 
2.390000e-02 4.691563e-19 2.218862e-31 2.218862e-31 2.218862e-31 2.218862e-31 2.218862e-31 
2.395000e-02 4.077480e-19 2.218862e-31 2.218862e-31 2.218862e-31 2.218862e-31 2.218862e-31 
2.400000e-02 3.543596e-19 2.218862e-31 2.218862e-31 2.218862e-31 2.218862e-31 2.218862e-31 
2.405000e-02 3.079681e-19 2.218862e-31 2.218862e-31 2.218862e-31 2.218862e-31 2.218862e-31 
2.410000e-02 2.676468e-19 2.218862e-31 2.218862e-31 2.218862e-31 2.218862e-31 2.218862e-31 
2.415000e-02 2.325939e-19 2.218862e-31 2.218862e-31 2.218862e-31 2.218862e-31 2.218862e-31 
2.420000e-02 2.021317e-19 2.218862e-31 2.218862e-31 2.218862e-31 2.218862e-31 2.218862e-31 
2.425000e-02 1.756657e-19 2.218862e-31 2.218862e-31 2.218862e-31 2.218862e-31 2.218862e-31 
2.430000e-02 1.526566e-19 2.218862e-31 2.218862e-31 2.218862e-31 2.218862e-31 2.218862e-31 
2.435000e-02 1.326550e-19 2.218862e-31 2.218862e-31 2.218862e-31 2.218862e-31 2.218862e-31 
2.440000e-02 1.152765e-19 2.218862e-31 2.218862e-31 2.218862e-31 2.218862e-31 2.218862e-31 
2.445000e-02 1.001726e-19 2.218862e-31 2.218862e-31 2.218862e-31 2.218862e-31 2.218862e-31 
2.450000e-02 8.704744e-20 2.218862e-31 2.218862e-31 2.218862e-31 2.218862e-31 2.218862e-31 
2.455000e-02 7.563968e-20 2.218862e-31 2.218862e-31 2.218862e-31 2.218862e-31 2.218862e-31 
2.460000e-02 6.572807e-20 2.218862e-31 2.218862e-31 2.218862e-31 2.218862e-31 2.218862e-31 
2.465000e-02 5.711348e-20 2.218862e-31 2.218862e-31 2.218862e-31 2.218862e-31 2.218862e-31 
2.470000e-02 4.962722e-20 2.218862e-31 2.218862e-31 2.218862e-31 2.218862e-31 2.218862e-31 
2.475000e-02 4.312134e-20 2.218862e-31 2.218862e-31 2.218862e-31 2.218862e-31 2.218862e-31 
2.480000e-02 3.746862e-20 2.218862e-31 2.218862e-31 2.218862e-31 2.218862e-31 2.218862e-31 
2.485000e-02 3.255568e-20 2.218862e-31 2.218862e-31 2.218862e-31 2.218862e-31 2.218862e-31 
2.490000e-02 2.828710e-20 2.218862e-31 2.218862e-31 2.218862e-31 2.218862e-31 2.218862e-31 
2.495000e-02 2.457716e-20 2.218862e-31 2.218862e-31 2.218862e-31 2.218862e-31 2.218862e-31 
2.500000e-02 2.135395e-20 2.218862e-31 2.218862e-31 2.218862e-31 2.218862e-31 2.218862e-31 
