       0	        0	        0	        0	        0	        0	        0	 
   5e-05	  32.5291	  67339.6	  67339.6	  19394.1	  4335.05	  4335.05	 
  0.0001	  155.031	   270838	   270838	  68761.3	  15400.7	  15400.7	 
 0.00015	  935.032	   615014	   615014	   155250	  35226.8	  35226.8	 
  0.0002	  2871.48	 1.10205e+06	 1.10205e+06	   277660	  63934.9	  63934.9	 
 0.00025	  6820.15	 1.7397e+06	 1.7397e+06	   438127	   102665	   102665	 
  0.0003	  13897.7	 2.53276e+06	 2.53276e+06	   638682	   152737	   152737	 
 0.00035	  23850.4	 3.47664e+06	 3.47664e+06	   872628	   212465	   212465	 
  0.0004	  37452.3	 4.5742e+06	 4.5742e+06	 1.13971e+06	   282395	   282395	 
 0.00045	  54075.4	 5.82311e+06	 5.82311e+06	 1.433e+06	   360500	   360500	 
  0.0005	  73806.6	 7.20194e+06	 7.20194e+06	 1.74915e+06	   446101	   446101	 
 0.00055	  96387.2	 8.75197e+06	 8.75197e+06	 2.08407e+06	   538090	   538090	 
  0.0006	   121262	 1.04492e+07	 1.04492e+07	 2.43208e+06	   634771	   634771	 
 0.00065	   148499	 1.22881e+07	 1.22881e+07	 2.79024e+06	   735546	   735546	 
  0.0007	   177043	 1.42686e+07	 1.42686e+07	 3.15381e+06	   838539	   838539	 
 0.00075	   206573	 1.63848e+07	 1.63848e+07	 3.51989e+06	   942858	   942858	 
  0.0008	   236707	 1.86329e+07	 1.86329e+07	 3.886e+06	 1.04765e+06	 1.04765e+06	 
 0.00085	   267279	 2.1008e+07	 2.1008e+07	 4.24915e+06	 1.15213e+06	 1.15213e+06	 
  0.0009	   298293	 2.35102e+07	 2.35102e+07	 4.608e+06	 1.25599e+06	 1.25599e+06	 
 0.00095	   329030	 2.61278e+07	 2.61278e+07	 4.95993e+06	 1.35811e+06	 1.35811e+06	 
   0.001	   359160	 2.88576e+07	 2.88576e+07	 5.30315e+06	 1.45781e+06	 1.45781e+06	 
 0.00105	   388533	 3.16938e+07	 3.16938e+07	 5.6356e+06	 1.55453e+06	 1.55453e+06	 
  0.0011	   416930	 3.46299e+07	 3.46299e+07	 5.95564e+06	 1.64774e+06	 1.64774e+06	 
 0.00115	   444274	 3.76586e+07	 3.76586e+07	 6.26183e+06	 1.73705e+06	 1.73705e+06	 
  0.0012	   470356	 4.07782e+07	 4.07782e+07	 6.55234e+06	 1.82189e+06	 1.82189e+06	 
 0.00125	   495064	 4.39787e+07	 4.39787e+07	 6.82637e+06	 1.90201e+06	 1.90201e+06	 
  0.0013	   518390	 4.72539e+07	 4.72539e+07	 7.08363e+06	 1.97732e+06	 1.97732e+06	 
 0.00135	   540312	 5.05982e+07	 5.05982e+07	 7.3235e+06	 2.04767e+06	 2.04767e+06	 
  0.0014	   560698	 5.40047e+07	 5.40047e+07	 7.54611e+06	 2.11299e+06	 2.11299e+06	 
 0.00145	   579565	 5.74658e+07	 5.74658e+07	 7.75098e+06	 2.1732e+06	 2.1732e+06	 
  0.0015	   597163	 6.09761e+07	 6.09761e+07	 7.93782e+06	 2.2284e+06	 2.2284e+06	 
 0.00155	   613443	 6.45326e+07	 6.45326e+07	 8.1067e+06	 2.27859e+06	 2.27859e+06	 
  0.0016	   628076	 6.81196e+07	 6.81196e+07	 8.25599e+06	 2.32315e+06	 2.32315e+06	 
 0.00165	   641350	 7.17351e+07	 7.17351e+07	 8.38656e+06	 2.36249e+06	 2.36249e+06	 
  0.0017	   653147	 7.53711e+07	 7.53711e+07	 8.49789e+06	 2.3964e+06	 2.3964e+06	 
 0.00175	   663548	 7.90179e+07	 7.90179e+07	 8.59138e+06	 2.42527e+06	 2.42527e+06	 
  0.0018	   672561	 8.26772e+07	 8.26772e+07	 8.66682e+06	 2.44904e+06	 2.44904e+06	 
 0.00185	   680310	 8.63352e+07	 8.63352e+07	 8.72534e+06	 2.46807e+06	 2.46807e+06	 
  0.0019	   686674	 8.99795e+07	 8.99795e+07	 8.76659e+06	 2.48219e+06	 2.48219e+06	 
 0.00195	   691736	 9.36156e+07	 9.36156e+07	 8.79131e+06	 2.49162e+06	 2.49162e+06	 
   0.002	   695580	 9.72297e+07	 9.72297e+07	 8.80061e+06	 2.49668e+06	 2.49668e+06	 
 0.00205	   698337	 1.00822e+08	 1.00822e+08	 8.79475e+06	 2.49752e+06	 2.49752e+06	 
  0.0021	   699940	 1.04374e+08	 1.04374e+08	 8.774e+06	 2.49416e+06	 2.49416e+06	 
 0.00215	   700717	 1.07896e+08	 1.07896e+08	 8.74002e+06	 2.48721e+06	 2.48721e+06	 
  0.0022	   700299	 1.1137e+08	 1.1137e+08	 8.69205e+06	 2.47622e+06	 2.47622e+06	 
 0.00225	   699140	 1.14789e+08	 1.14789e+08	 8.632e+06	 2.46198e+06	 2.46198e+06	 
  0.0023	   696929	 1.18158e+08	 1.18158e+08	 8.55922e+06	 2.44408e+06	 2.44408e+06	 
 0.00235	   694061	 1.2147e+08	 1.2147e+08	 8.47578e+06	 2.42331e+06	 2.42331e+06	 
  0.0024	   690283	 1.24713e+08	 1.24713e+08	 8.38141e+06	 2.3994e+06	 2.3994e+06	 
 0.00245	   685757	 1.27885e+08	 1.27885e+08	 8.27714e+06	 2.37271e+06	 2.37271e+06	 
  0.0025	   680542	 1.3099e+08	 1.3099e+08	 8.16334e+06	 2.34337e+06	 2.34337e+06	 
 0.00255	   674701	 1.3401e+08	 1.3401e+08	 8.04052e+06	 2.31153e+06	 2.31153e+06	 
  0.0026	   668368	 1.36956e+08	 1.36956e+08	 7.91025e+06	 2.27766e+06	 2.27766e+06	 
 0.00265	   661470	 1.39814e+08	 1.39814e+08	 7.77256e+06	 2.24169e+06	 2.24169e+06	 
  0.0027	   654050	 1.42589e+08	 1.42589e+08	 7.62833e+06	 2.20387e+06	 2.20387e+06	 
 0.00275	   646175	 1.45274e+08	 1.45274e+08	 7.47798e+06	 2.16434e+06	 2.16434e+06	 
  0.0028	   637803	 1.47867e+08	 1.47867e+08	 7.32231e+06	 2.12323e+06	 2.12323e+06	 
 0.00285	   629122	 1.50362e+08	 1.50362e+08	 7.16253e+06	 2.08097e+06	 2.08097e+06	 
  0.0029	   620015	 1.52762e+08	 1.52762e+08	 6.99829e+06	 2.03739e+06	 2.03739e+06	 
 0.00295	   610724	 1.55067e+08	 1.55067e+08	 6.83079e+06	 1.99295e+06	 1.99295e+06	 
   0.003	   601094	 1.57274e+08	 1.57274e+08	 6.66064e+06	 1.94764e+06	 1.94764e+06	 
 0.00305	   591187	 1.59384e+08	 1.59384e+08	 6.48815e+06	 1.90161e+06	 1.90161e+06	 
  0.0031	   581083	 1.61394e+08	 1.61394e+08	 6.31401e+06	 1.85505e+06	 1.85505e+06	 
 0.00315	   570887	 1.63297e+08	 1.63297e+08	 6.13885e+06	 1.8082e+06	 1.8082e+06	 
  0.0032	   560510	 1.65104e+08	 1.65104e+08	 5.96298e+06	 1.76104e+06	 1.76104e+06	 
 0.00325	   549918	 1.66813e+08	 1.66813e+08	 5.78671e+06	 1.71364e+06	 1.71364e+06	 
  0.0033	   539399	 1.68424e+08	 1.68424e+08	 5.61133e+06	 1.66648e+06	 1.66648e+06	 
 0.00335	   528712	 1.69933e+08	 1.69933e+08	 5.43624e+06	 1.61926e+06	 1.61926e+06	 
  0.0034	   518020	 1.71336e+08	 1.71336e+08	 5.26201e+06	 1.57223e+06	 1.57223e+06	 
 0.00345	   507308	 1.72654e+08	 1.72654e+08	 5.08952e+06	 1.52557e+06	 1.52557e+06	 
  0.0035	   496487	 1.73866e+08	 1.73866e+08	 4.91846e+06	 1.47914e+06	 1.47914e+06	 
 0.00355	   485764	 1.74987e+08	 1.74987e+08	 4.74962e+06	 1.43328e+06	 1.43328e+06	 
  0.0036	   475022	 1.76018e+08	 1.76018e+08	 4.58297e+06	 1.38789e+06	 1.38789e+06	 
 0.00365	   464331	 1.76949e+08	 1.76949e+08	 4.41907e+06	 1.34315e+06	 1.34315e+06	 
  0.0037	   453501	 1.77789e+08	 1.77789e+08	 4.25744e+06	 1.29881e+06	 1.29881e+06	 
 0.00375	   442863	 1.78545e+08	 1.78545e+08	 4.09919e+06	 1.25537e+06	 1.25537e+06	 
  0.0038	   432175	 1.79211e+08	 1.79211e+08	 3.94385e+06	 1.21254e+06	 1.21254e+06	 
 0.00385	   421626	 1.79794e+08	 1.79794e+08	 3.79223e+06	 1.17064e+06	 1.17064e+06	 
  0.0039	   411241	 1.80287e+08	 1.80287e+08	 3.64419e+06	 1.12967e+06	 1.12967e+06	 
 0.00395	   400954	 1.80707e+08	 1.80707e+08	 3.49932e+06	 1.08947e+06	 1.08947e+06	 
   0.004	   390812	 1.81043e+08	 1.81043e+08	 3.35833e+06	 1.05025e+06	 1.05025e+06	 
 0.00405	   380760	 1.813e+08	 1.813e+08	 3.2214e+06	 1.01201e+06	 1.01201e+06	 
  0.0041	   370788	 1.81485e+08	 1.81485e+08	 3.08844e+06	   974703	   974703	 
 0.00415	   361024	 1.81592e+08	 1.81592e+08	 2.95944e+06	   938444	   938444	 
  0.0042	   351458	 1.81626e+08	 1.81626e+08	 2.83425e+06	   903184	   903184	 
 0.00425	   341968	 1.81598e+08	 1.81598e+08	 2.71262e+06	   868774	   868774	 
  0.0043	   332565	 1.81503e+08	 1.81503e+08	 2.59528e+06	   835384	   835384	 
 0.00435	   323264	 1.81336e+08	 1.81336e+08	 2.48178e+06	   802929	   802929	 
  0.0044	   314314	 1.81113e+08	 1.81113e+08	 2.37278e+06	   771747	   771747	 
 0.00445	   305432	 1.80823e+08	 1.80823e+08	 2.26723e+06	   741382	   741382	 
  0.0045	   296716	 1.80477e+08	 1.80477e+08	 2.16552e+06	   712002	   712002	 
 0.00455	   288312	 1.8007e+08	 1.8007e+08	 2.0683e+06	   683860	   683860	 
  0.0046	   280045	 1.79613e+08	 1.79613e+08	 1.97257e+06	   656157	   656157	 
 0.00465	   271947	 1.79101e+08	 1.79101e+08	 1.88305e+06	   629965	   629965	 
  0.0047	   263990	 1.78538e+08	 1.78538e+08	 1.79691e+06	   604635	   604635	 
 0.00475	   256273	 1.77919e+08	 1.77919e+08	 1.71449e+06	   580318	   580318	 
  0.0048	   248671	 1.77256e+08	 1.77256e+08	 1.63527e+06	   556800	   556800	 
 0.00485	   241200	 1.76543e+08	 1.76543e+08	 1.55924e+06	   534094	   534094	 
  0.0049	   233875	 1.75785e+08	 1.75785e+08	 1.47298e+06	   509228	   509228	 
 0.00495	   226722	 1.74988e+08	 1.74988e+08	 1.40626e+06	   488838	   488838	 
   0.005	   219706	 1.74147e+08	 1.74147e+08	 1.34193e+06	   469086	   469086	 
 0.00505	   212746	 1.73255e+08	 1.73255e+08	 1.27969e+06	   449841	   449841	 
  0.0051	   205952	 1.7233e+08	 1.7233e+08	 1.21992e+06	   431276	   431276	 
 0.00515	   199374	 1.71367e+08	 1.71367e+08	 1.16269e+06	   413443	   413443	 
  0.0052	   192992	 1.70364e+08	 1.70364e+08	 1.10758e+06	   396232	   396232	 
 0.00525	   186798	 1.69329e+08	 1.69329e+08	 1.05517e+06	   379767	   379767	 
  0.0053	   180780	 1.68254e+08	 1.68254e+08	 1.00498e+06	   363933	   363933	 
 0.00535	   174871	 1.67146e+08	 1.67146e+08	   956511	   348567	   348567	 
  0.0054	   169104	 1.66005e+08	 1.66005e+08	   910288	   333809	   333809	 
 0.00545	   163571	 1.64831e+08	 1.64831e+08	   866314	   319734	   319734	 
  0.0055	   158257	 1.63629e+08	 1.63629e+08	   824409	   306289	   306289	 
 0.00555	   153108	 1.62394e+08	 1.62394e+08	   784596	   293437	   293437	 
  0.0056	   148160	 1.61126e+08	 1.61126e+08	   746792	   281188	   281188	 
 0.00565	   143305	 1.59842e+08	 1.59842e+08	   710565	   269361	   269361	 
  0.0057	   138560	 1.58518e+08	 1.58518e+08	   675917	   257971	   257971	 
 0.00575	   133912	 1.57172e+08	 1.57172e+08	   642774	   246991	   246991	 
  0.0058	   129365	 1.55804e+08	 1.55804e+08	   611095	   236415	   236415	 
 0.00585	   125014	 1.54409e+08	 1.54409e+08	   580862	   226312	   226312	 
  0.0059	   120714	 1.52985e+08	 1.52985e+08	   552671	   216703	   216703	 
 0.00595	   116468	 1.51545e+08	 1.51545e+08	   525327	   207325	   207325	 
   0.006	   112413	 1.50078e+08	 1.50078e+08	   499545	   198442	   198442	 
 0.00605	   108461	 1.48593e+08	 1.48593e+08	   475023	   189919	   189919	 
  0.0061	   104586	 1.47087e+08	 1.47087e+08	   451571	   181693	   181693	 
 0.00615	   100762	 1.45558e+08	 1.45558e+08	   428599	   173614	   173614	 
  0.0062	  97176.4	 1.44012e+08	 1.44012e+08	   407726	   166187	   166187	 
 0.00625	  93756.8	 1.42451e+08	 1.42451e+08	   388043	   159153	   159153	 
  0.0063	  90447.4	 1.40873e+08	 1.40873e+08	   369361	   152427	   152427	 
 0.00635	  87227.3	 1.39273e+08	 1.39273e+08	   351561	   145967	   145967	 
  0.0064	  84152.4	 1.37656e+08	 1.37656e+08	   334810	   139854	   139854	 
 0.00645	  81139.1	 1.36034e+08	 1.36034e+08	   318214	   133822	   133822	 
  0.0065	  78245.5	 1.34392e+08	 1.34392e+08	   303231	   128242	   128242	 
 0.00655	  75433.6	 1.32731e+08	 1.32731e+08	   288977	   122887	   122887	 
  0.0066	  72694.5	 1.31064e+08	 1.31064e+08	   275379	   117735	   117735	 
 0.00665	  69981.9	 1.29384e+08	 1.29384e+08	   262272	   112712	   112712	 
  0.0067	  67326.1	 1.27691e+08	 1.27691e+08	   249730	   107860	   107860	 
 0.00675	  64870.3	 1.25992e+08	 1.25992e+08	   237690	   103274	   103274	 
  0.0068	  62500.4	 1.24276e+08	 1.24276e+08	   226899	    99033	    99033	 
 0.00685	  60153.9	 1.22558e+08	 1.22558e+08	   216520	  94901.5	  94901.5	 
  0.0069	    57858	 1.20828e+08	 1.20828e+08	   206601	  90911.5	  90911.5	 
 0.00695	  55690.4	 1.19086e+08	 1.19086e+08	   197382	    87177	    87177	 
   0.007	  53561.9	 1.17343e+08	 1.17343e+08	   188530	  83554.5	  83554.5	 
 0.00705	    51561	 1.15593e+08	 1.15593e+08	   180300	  80169.3	  80169.3	 
  0.0071	  49644.1	 1.13837e+08	 1.13837e+08	   172326	  76906.4	  76906.4	 
 0.00715	  47791.5	 1.12074e+08	 1.12074e+08	   165071	  73853.2	  73853.2	 
  0.0072	  46000.6	 1.10311e+08	 1.10311e+08	   158146	  70921.5	  70921.5	 
 0.00725	  44246.4	 1.08539e+08	 1.08539e+08	   151495	  68079.1	  68079.1	 
  0.0073	  42546.7	 1.06767e+08	 1.06767e+08	   145168	  65351.2	  65351.2	 
 0.00735	    40872	 1.04994e+08	 1.04994e+08	   139058	    62691	    62691	 
  0.0074	  39249.8	 1.03218e+08	 1.03218e+08	   133036	  60090.9	  60090.9	 
 0.00745	  37694.6	 1.01442e+08	 1.01442e+08	   127629	  57679.6	  57679.6	 
  0.0075	  36240.6	 9.96637e+07	 9.96637e+07	   122599	  55431.1	  55431.1	 
 0.00755	  34826.7	 9.78897e+07	 9.78897e+07	   117782	  53261.1	  53261.1	 
  0.0076	  33443.4	 9.61136e+07	 9.61136e+07	   113144	  51154.4	  51154.4	 
 0.00765	  32113.5	 9.4341e+07	 9.4341e+07	   108748	  49143.1	  49143.1	 
  0.0077	  30849.7	 9.25719e+07	 9.25719e+07	   104497	  47215.5	  47215.5	 
 0.00775	    29636	 9.08064e+07	 9.08064e+07	   100634	  45413.2	  45413.2	 
  0.0078	  28501.1	 8.90433e+07	 8.90433e+07	  97109.8	  43747.3	  43747.3	 
 0.00785	    27393	 8.72871e+07	 8.72871e+07	  93703.8	  42128.6	  42128.6	 
  0.0079	  26325.2	 8.55372e+07	 8.55372e+07	  90469.5	  40579.4	  40579.4	 
 0.00795	  25288.9	 8.37935e+07	 8.37935e+07	  87370.2	  39084.6	  39084.6	 
   0.008	  24292.1	 8.20573e+07	 8.20573e+07	  84268.7	  37620.1	  37620.1	 
 0.00805	  23326.9	 8.03296e+07	 8.03296e+07	    81485	  36250.8	  36250.8	 
  0.0081	  22378.1	 7.86115e+07	 7.86115e+07	  78787.5	  34913.4	  34913.4	 
 0.00815	  21451.5	 7.69025e+07	 7.69025e+07	  76161.6	  33609.1	  33609.1	 
  0.0082	  20561.8	 7.52054e+07	 7.52054e+07	    73661	  32361.5	  32361.5	 
 0.00825	  19732.4	 7.35191e+07	 7.35191e+07	  71353.3	  31203.6	  31203.6	 
  0.0083	  18923.3	 7.18453e+07	 7.18453e+07	  69116.4	  30077.2	  30077.2	 
 0.00835	  18133.8	 7.0185e+07	 7.0185e+07	  66899.5	  28970.5	  28970.5	 
  0.0084	  17364.2	 6.85383e+07	 6.85383e+07	  64808.5	  27907.3	  27907.3	 
 0.00845	  16636.7	 6.69069e+07	 6.69069e+07	  62831.5	  26902.1	  26902.1	 
  0.0085	  15950.9	 6.52907e+07	 6.52907e+07	  60977.1	  25956.6	  25956.6	 
 0.00855	  15291.4	 6.36915e+07	 6.36915e+07	    59195	  25047.6	  25047.6	 
  0.0086	  14680.1	 6.21094e+07	 6.21094e+07	  57545.7	  24205.7	  24205.7	 
 0.00865	    14093	 6.05447e+07	 6.05447e+07	  55913.9	  23386.4	  23386.4	 
  0.0087	  13526.1	 5.89992e+07	 5.89992e+07	  54414.1	  22612.2	  22612.2	 
 0.00875	  12986.2	 5.74728e+07	 5.74728e+07	  52985.1	  21874.7	  21874.7	 
  0.0088	  12458.6	 5.59662e+07	 5.59662e+07	  51583.2	  21152.9	  21152.9	 
 0.00885	  11943.4	 5.44793e+07	 5.44793e+07	  50207.8	  20446.5	  20446.5	 
  0.0089	    11436	 5.30144e+07	 5.30144e+07	  48845.9	  19749.2	  19749.2	 
 0.00895	  10953.4	 5.15714e+07	 5.15714e+07	  47533.8	  19082.3	  19082.3	 
   0.009	  10498.3	 5.01498e+07	 5.01498e+07	  46313.6	  18457.2	  18457.2	 
 0.00905	  10060.3	 4.87514e+07	 4.87514e+07	  45134.7	  17854.5	  17854.5	 
  0.0091	  9622.95	 4.73766e+07	 4.73766e+07	  43944.7	  17249.9	  17249.9	 
 0.00915	  9196.93	 4.60248e+07	 4.60248e+07	  42772.8	  16658.1	  16658.1	 
  0.0092	  8790.89	 4.46973e+07	 4.46973e+07	  41646.3	    16092	    16092	 
 0.00925	  8408.16	 4.33934e+07	 4.33934e+07	    40542	  15548.9	  15548.9	 
  0.0093	  8040.04	 4.21144e+07	 4.21144e+07	  39508.8	    15033	    15033	 
 0.00935	  7697.19	 4.08612e+07	 4.08612e+07	  38535.7	  14550.1	  14550.1	 
  0.0094	  7365.94	 3.96323e+07	 3.96323e+07	    37581	  14080.3	  14080.3	 
 0.00945	  7058.29	 3.84287e+07	 3.84287e+07	  36680.2	  13640.9	  13640.9	 
  0.0095	  6766.47	 3.72499e+07	 3.72499e+07	  35809.6	  13220.4	  13220.4	 
 0.00955	  6488.51	 3.60975e+07	 3.60975e+07	  34965.4	  12816.6	  12816.6	 
  0.0096	  6218.32	 3.49699e+07	 3.49699e+07	    34130	  12420.8	  12420.8	 
 0.00965	  5955.81	 3.38682e+07	 3.38682e+07	  33312.7	    12035	    12035	 
  0.0097	  5708.46	 3.27912e+07	 3.27912e+07	  32531.4	    11669	    11669	 
 0.00975	  5468.77	 3.17407e+07	 3.17407e+07	  31764.2	  11312.1	  11312.1	 
  0.0098	  5233.88	 3.07149e+07	 3.07149e+07	  31001.9	    10960	    10960	 
 0.00985	   5004.9	 2.9715e+07	 2.9715e+07	  30246.5	  10614.1	  10614.1	 
  0.0099	  4780.04	 2.87393e+07	 2.87393e+07	    29493	  10271.8	  10271.8	 
 0.00995	   4560.5	 2.77894e+07	 2.77894e+07	  28749.6	   9935.8	   9935.8	 
    0.01	  4354.32	 2.68637e+07	 2.68637e+07	  28038.1	  9617.33	  9617.33	 
 0.01005	  4154.53	 2.59617e+07	 2.59617e+07	  27338.1	  9306.38	  9306.38	 
  0.0101	  3965.69	 2.5085e+07	 2.5085e+07	  26661.5	  9009.15	  9009.15	 
 0.01015	  3791.32	 2.42314e+07	 2.42314e+07	  26018.7	  8730.68	  8730.68	 
  0.0102	  3622.17	 2.34019e+07	 2.34019e+07	  25385.4	  8458.39	  8458.39	 
 0.01025	  3459.91	 2.25961e+07	 2.25961e+07	  24766.4	  8194.64	  8194.64	 
  0.0103	  3307.56	 2.18128e+07	 2.18128e+07	  24170.8	  7943.77	  7943.77	 
 0.01035	  3166.31	 2.10526e+07	 2.10526e+07	  23597.5	  7706.53	  7706.53	 
  0.0104	  3032.79	 2.03137e+07	 2.03137e+07	  23039.1	   7478.6	   7478.6	 
 0.01045	  2909.01	 1.95968e+07	 1.95968e+07	  22505.9	  7263.82	  7263.82	 
  0.0105	  2787.82	 1.89018e+07	 1.89018e+07	    21978	  7052.24	  7052.24	 
 0.01055	  2667.46	 1.82276e+07	 1.82276e+07	  21449.4	  6841.18	  6841.18	 
  0.0106	  2550.43	 1.75742e+07	 1.75742e+07	  20930.3	  6634.81	  6634.81	 
 0.01065	  2435.71	 1.69405e+07	 1.69405e+07	  20415.1	  6431.07	  6431.07	 
  0.0107	  2323.52	 1.63271e+07	 1.63271e+07	  19905.9	  6230.67	  6230.67	 
 0.01075	  2215.77	 1.57327e+07	 1.57327e+07	  19409.9	  6036.64	  6036.64	 
  0.0108	  2112.95	 1.51575e+07	 1.51575e+07	  18927.1	  5849.38	  5849.38	 
 0.01085	  2013.61	 1.46008e+07	 1.46008e+07	  18453.7	  5666.91	  5666.91	 
  0.0109	  1921.76	 1.40622e+07	 1.40622e+07	  18002.4	  5495.21	  5495.21	 
 0.01095	  1832.74	 1.35409e+07	 1.35409e+07	  17558.9	  5327.39	  5327.39	 
   0.011	  1749.34	 1.30371e+07	 1.30371e+07	  17130.5	  5167.33	  5167.33	 
 0.01105	  1667.73	 1.255e+07	 1.255e+07	  16709.4	  5010.27	  5010.27	 
  0.0111	  1590.46	 1.20789e+07	 1.20789e+07	  16299.4	  4859.07	  4859.07	 
 0.01115	  1518.52	 1.16236e+07	 1.16236e+07	  15904.6	  4715.39	  4715.39	 
  0.0112	  1452.15	 1.11841e+07	 1.11841e+07	  15525.8	   4579.6	   4579.6	 
 0.01125	  1391.57	 1.07596e+07	 1.07596e+07	  15161.6	  4451.55	  4451.55	 
  0.0113	  1332.94	 1.03499e+07	 1.03499e+07	  14803.7	  4326.41	  4326.41	 
 0.01135	  1274.54	 9.95395e+06	 9.95395e+06	  14448.4	  4202.03	  4202.03	 
  0.0114	  1217.36	 9.57208e+06	 9.57208e+06	  14096.8	  4079.42	  4079.42	 
 0.01145	  1161.74	 9.20353e+06	 9.20353e+06	  13753.2	  3959.81	  3959.81	 
  0.0115	  1109.01	 8.84791e+06	 8.84791e+06	  13420.2	  3844.81	  3844.81	 
 0.01155	  1057.35	 8.505e+06	 8.505e+06	  13092.2	  3731.72	  3731.72	 
  0.0116	  1007.41	 8.17423e+06	 8.17423e+06	  12772.5	  3621.84	  3621.84	 
 0.01165	   960.24	 7.85534e+06	 7.85534e+06	  12461.9	  3516.13	  3516.13	 
  0.0117	  915.638	 7.5479e+06	 7.5479e+06	  12161.7	  3414.72	  3414.72	 
 0.01175	  872.314	 7.25172e+06	 7.25172e+06	  11865.7	  3315.26	  3315.26	 
  0.0118	  830.825	 6.96616e+06	 6.96616e+06	  11578.6	  3219.19	  3219.19	 
 0.01185	  791.714	 6.69118e+06	 6.69118e+06	  11300.1	   3126.9	   3126.9	 
  0.0119	  753.838	 6.4262e+06	 6.4262e+06	  11027.6	  3036.88	  3036.88	 
 0.01195	  718.521	 6.171e+06	 6.171e+06	  10763.4	  2950.69	  2950.69	 
   0.012	  685.648	 5.92537e+06	 5.92537e+06	  10509.4	  2868.68	  2868.68	 
 0.01205	  654.577	 5.6888e+06	 5.6888e+06	  10261.7	  2789.48	  2789.48	 
  0.0121	  625.542	 5.4611e+06	 5.4611e+06	  10020.7	  2713.34	  2713.34	 
 0.01215	  597.969	 5.24196e+06	 5.24196e+06	  9784.73	  2639.45	  2639.45	 
  0.0122	  571.121	 5.03108e+06	 5.03108e+06	  9553.12	   2567.1	   2567.1	 
 0.01225	  545.059	 4.82813e+06	 4.82813e+06	   9326.9	  2496.56	  2496.56	 
  0.0123	  520.516	 4.63293e+06	 4.63293e+06	   9106.9	  2428.58	  2428.58	 
 0.01235	  496.514	 4.44516e+06	 4.44516e+06	  8891.42	  2362.03	  2362.03	 
  0.0124	  472.937	 4.26458e+06	 4.26458e+06	  8679.56	  2296.61	  2296.61	 
 0.01245	  451.148	 4.09097e+06	 4.09097e+06	  8475.19	  2234.25	  2234.25	 
  0.0125	   429.62	 3.92399e+06	 3.92399e+06	  8274.25	  2172.85	  2172.85	 
 0.01255	  408.884	 3.76348e+06	 3.76348e+06	  8077.42	  2112.98	  2112.98	 
  0.0126	  389.051	 3.60922e+06	 3.60922e+06	  7885.34	  2054.87	  2054.87	 
 0.01265	  370.307	 3.46102e+06	 3.46102e+06	  7698.45	  1998.76	  1998.76	 
  0.0127	  353.003	 3.31851e+06	 3.31851e+06	  7518.03	  1945.21	  1945.21	 
 0.01275	  336.027	 3.18161e+06	 3.18161e+06	  7340.86	  1892.64	  1892.64	 
  0.0128	  319.835	 3.05017e+06	 3.05017e+06	  7167.71	  1841.57	  1841.57	 
 0.01285	  304.655	 2.92385e+06	 2.92385e+06	  6999.28	  1792.33	  1792.33	 
  0.0129	  290.019	 2.80253e+06	 2.80253e+06	  6833.39	  1744.09	  1744.09	 
 0.01295	  276.267	 2.68604e+06	 2.68604e+06	  6672.34	   1697.6	   1697.6	 
   0.013	  263.893	 2.57417e+06	 2.57417e+06	  6516.25	  1653.29	  1653.29	 
 0.01305	  252.246	 2.46674e+06	 2.46674e+06	  6364.37	  1610.48	  1610.48	 
  0.0131	  240.931	 2.36364e+06	 2.36364e+06	  6215.51	   1568.6	   1568.6	 
 0.01315	  229.902	 2.2647e+06	 2.2647e+06	  6069.41	  1527.56	  1527.56	 
  0.0132	   219.14	 2.16963e+06	 2.16963e+06	  5926.06	  1487.33	  1487.33	 
 0.01325	  208.874	 2.0785e+06	 2.0785e+06	  5786.27	  1448.28	  1448.28	 
  0.0133	  198.861	 1.99103e+06	 1.99103e+06	  5648.91	  1409.97	  1409.97	 
 0.01335	  189.259	 1.9071e+06	 1.9071e+06	  5514.06	  1372.54	  1372.54	 
  0.0134	  180.143	 1.82654e+06	 1.82654e+06	  5383.08	  1336.34	  1336.34	 
 0.01345	   171.51	 1.74929e+06	 1.74929e+06	  5255.43	  1301.26	  1301.26	 
  0.0135	  163.215	 1.6752e+06	 1.6752e+06	  5129.44	  1266.81	  1266.81	 
 0.01355	  155.357	 1.60414e+06	 1.60414e+06	   5007.4	  1233.58	  1233.58	 
  0.0136	  147.607	 1.536e+06	 1.536e+06	  4887.38	  1200.88	  1200.88	 
 0.01365	   140.29	 1.47062e+06	 1.47062e+06	  4770.08	  1169.12	  1169.12	 
  0.0137	  133.315	 1.408e+06	 1.408e+06	  4655.38	  1138.21	  1138.21	 
 0.01375	  126.629	 1.3479e+06	 1.3479e+06	     4543	  1108.03	  1108.03	 
  0.0138	  120.579	 1.29028e+06	 1.29028e+06	  4433.88	  1079.08	  1079.08	 
 0.01385	  115.201	 1.23508e+06	 1.23508e+06	  4327.76	  1051.32	  1051.32	 
  0.0139	  110.017	 1.18221e+06	 1.18221e+06	  4223.73	  1024.17	  1024.17	 
 0.01395	  104.997	 1.13149e+06	 1.13149e+06	  4121.71	   997.59	   997.59	 
   0.014	  100.148	 1.08289e+06	 1.08289e+06	  4022.07	  971.675	  971.675	 
 0.01405	  95.4301	 1.03632e+06	 1.03632e+06	  3923.97	  946.207	  946.207	 
  0.0141	  90.9028	   991699	   991699	  3827.59	  921.269	  921.269	 
 0.01415	  86.4604	   948942	   948942	   3733.8	  896.971	  896.971	 
  0.0142	  82.3375	   907983	   907983	  3641.93	  873.349	  873.349	 
 0.01425	  78.3817	   868745	   868745	     3552	  850.287	  850.287	 
  0.0143	  74.5527	   831159	   831159	  3463.82	  827.715	  827.715	 
 0.01435	  70.9467	   795164	   795164	  3377.22	  805.665	  805.665	 
  0.0144	  67.4242	   760682	   760682	  3292.65	  784.133	  784.133	 
 0.01445	  63.9579	   727666	   727666	  3209.18	  762.888	  762.888	 
  0.0145	  60.6914	   696044	   696044	  3128.03	  742.314	  742.314	 
 0.01455	   57.623	   665767	   665767	  3048.71	  722.302	  722.302	 
  0.0146	  54.7176	   636782	   636782	  2971.07	  702.788	  702.788	 
 0.01465	  52.0022	   609024	   609024	  2895.26	  683.829	  683.829	 
  0.0147	  49.5865	   582451	   582451	  2821.32	   665.52	   665.52	 
 0.01475	   47.344	   557015	   557015	  2749.19	  647.747	  647.747	 
  0.0148	  45.2258	   532669	   532669	  2677.86	  630.249	  630.249	 
 0.01485	  43.1208	   509363	   509363	  2608.48	  613.195	  613.195	 
  0.0149	  41.1363	   487052	   487052	  2540.63	  596.573	  596.573	 
 0.01495	  39.2097	   465708	   465708	  2474.19	   580.31	   580.31	 
   0.015	  37.3635	   445274	   445274	  2408.95	  564.376	  564.376	 
 0.01505	  35.4931	   425723	   425723	  2345.14	  548.743	  548.743	 
  0.0151	  33.7799	   407015	   407015	  2282.79	  533.554	  533.554	 
 0.01515	  32.0086	   389111	   389111	   2221.6	  518.579	  518.579	 
  0.0152	  30.4413	   371982	   371982	  2160.46	  503.773	  503.773	 
 0.01525	  28.9105	   355590	   355590	  2101.99	   489.59	   489.59	 
  0.0153	  27.3936	   339912	   339912	  2044.66	  475.669	  475.669	 
 0.01535	   25.976	   324914	   324914	  1988.75	  462.144	  462.144	 
  0.0154	   24.635	   310563	   310563	  1934.05	  448.945	  448.945	 
 0.01545	   23.353	   296841	   296841	  1880.59	  436.068	  436.068	 
  0.0155	  22.0758	   283715	   283715	  1828.34	  423.463	  423.463	 
 0.01555	    21.07	   271157	   271157	  1777.55	  411.395	  411.395	 
  0.0156	  20.1482	   259150	   259150	  1726.27	  399.282	  399.282	 
 0.01565	  19.2412	   247661	   247661	  1677.78	    387.8	    387.8	 
  0.0157	  18.3363	   236677	   236677	  1630.38	  376.564	  376.564	 
 0.01575	  17.4925	   226171	   226171	  1584.08	   365.62	   365.62	 
  0.0158	   16.671	   216126	   216126	  1538.79	  354.916	  354.916	 
 0.01585	  15.8729	   206519	   206519	  1494.58	   344.47	   344.47	 
  0.0159	  14.8897	   197339	   197339	   1451.3	  334.088	  334.088	 
 0.01595	   14.152	   188559	   188559	     1409	  324.115	  324.115	 
   0.016	  13.4358	   180161	   180161	   1367.7	  314.379	  314.379	 
 0.01605	  12.7725	   172134	   172134	  1327.47	  304.924	  304.924	 
  0.0161	  12.1242	   164461	   164461	  1287.43	  295.522	  295.522	 
 0.01615	  11.4761	   157125	   157125	  1248.97	  286.472	  286.472	 
  0.0162	  10.8684	   150109	   150109	   1211.1	  277.584	  277.584	 
 0.01625	  10.3029	   143409	   143409	  1174.67	  269.049	  269.049	 
  0.0163	  9.76619	   137001	   137001	  1138.62	  260.619	  260.619	 
 0.01635	  9.02551	   130873	   130873	  1103.95	   252.34	   252.34	 
  0.0164	  8.60345	   125016	   125016	  1070.05	  244.478	  244.478	 
 0.01645	  8.22848	   119423	   119423	  1036.74	  236.785	  236.785	 
  0.0165	  7.85873	   114078	   114078	  1004.83	  229.405	  229.405	 
 0.01655	  7.50318	   108967	   108967	  973.715	  222.215	  222.215	 
  0.0166	   7.1557	   104082	   104082	  943.403	  215.208	  215.208	 
 0.01665	  6.82099	  99415.1	  99415.1	  913.827	  208.376	  208.376	 
  0.0167	  6.49233	  94954.7	  94954.7	  884.969	  201.707	  201.707	 
 0.01675	  6.17603	  90692.9	  90692.9	  856.762	  195.193	  195.193	 
  0.0168	  5.86849	  86620.4	  86620.4	  829.446	  188.884	  188.884	 
 0.01685	  5.46426	  82728.6	  82728.6	  802.836	  182.656	  182.656	 
  0.0169	  5.19282	  79010.3	  79010.3	  776.996	  176.703	  176.703	 
 0.01695	  4.85417	  75457.5	  75457.5	  751.788	  170.838	  170.838	 
   0.017	  4.59077	  72063.5	  72063.5	  727.074	  165.141	  165.141	 
 0.01705	  4.27601	  68819.4	  68819.4	  702.886	  159.521	  159.521	 
  0.0171	  4.05702	  65721.6	  65721.6	  679.772	  154.214	  154.214	 
 0.01715	  3.79986	  62761.5	  62761.5	  657.272	  149.014	  149.014	 
  0.0172	  3.60884	  59933.6	  59933.6	  635.449	  144.016	  144.016	 
 0.01725	  3.36356	    57232	    57232	  614.239	  139.112	  139.112	 
  0.0173	  3.21586	  54651.5	  54651.5	  593.677	  134.428	  134.428	 
 0.01735	  3.07052	  52186.2	  52186.2	  573.693	  129.874	  129.874	 
  0.0174	   2.9318	  49830.5	  49830.5	   554.29	  125.455	  125.455	 
 0.01745	  2.79643	  47581.1	  47581.1	  535.334	  121.137	  121.137	 
  0.0175	  2.66595	  45431.7	  45431.7	  517.036	  116.969	  116.969	 
 0.01755	  2.51389	  43378.9	  43378.9	    499.2	  112.887	  112.887	 
  0.0176	  2.39358	  41418.3	  41418.3	   481.75	  108.916	  108.916	 
 0.01765	  2.27496	  39545.5	  39545.5	  465.033	  105.109	  105.109	 
  0.0177	  2.16339	  37756.3	  37756.3	  448.824	   101.42	   101.42	 
 0.01775	  2.02541	  36047.5	  36047.5	  433.097	   97.818	   97.818	 
  0.0178	  1.91951	  34415.2	  34415.2	    417.8	  94.3364	  94.3364	 
 0.01785	  1.76139	  32855.8	  32855.8	  402.989	  90.9221	  90.9221	 
  0.0179	  1.66921	  31366.8	  31366.8	  388.588	  87.6502	  87.6502	 
 0.01795	  1.58238	  29944.8	  29944.8	   374.72	  84.5009	  84.5009	 
   0.018	  1.49924	  28586.2	  28586.2	  361.024	  81.3926	  81.3926	 
 0.01805	  1.42296	  27288.9	  27288.9	  348.034	  78.4468	  78.4468	 
  0.0181	  1.35191	  26050.1	  26050.1	  335.469	  75.5993	  75.5993	 
 0.01815	  1.29098	  24866.9	  24866.9	  323.313	  72.8507	  72.8507	 
  0.0182	  1.23487	  23736.1	  23736.1	  311.432	  70.1668	  70.1668	 
 0.01825	  1.16348	  22656.9	  22656.9	  300.048	  67.5816	  67.5816	 
  0.0183	  1.11059	    21626	    21626	  288.895	  65.0619	  65.0619	 
 0.01835	  1.04882	  20641.3	  20641.3	   278.24	  62.6462	  62.6462	 
  0.0184	 0.965098	  19700.8	  19700.8	   267.76	  60.2521	  60.2521	 
 0.01845	  0.91913	  18802.6	  18802.6	  257.799	   58.003	   58.003	 
  0.0185	 0.873137	  17945.5	  17945.5	  248.174	  55.8283	  55.8283	 
 0.01855	 0.831207	  17126.6	  17126.6	  238.875	  53.7293	  53.7293	 
  0.0186	  0.78965	  16344.1	  16344.1	  229.881	  51.6983	  51.6983	 
 0.01865	 0.739954	  15597.7	  15597.7	  221.195	  49.7295	  49.7295	 
  0.0187	 0.685064	  14883.8	  14883.8	  212.788	  47.8185	  47.8185	 
 0.01875	 0.648513	  14203.1	  14203.1	   204.69	  45.9904	  45.9904	 
  0.0188	 0.570549	  13552.7	  13552.7	  196.847	  44.1871	  44.1871	 
 0.01885	 0.539335	  12931.6	  12931.6	  189.292	  42.4839	  42.4839	 
  0.0189	 0.511361	  12339.2	  12339.2	  182.009	  40.8437	  40.8437	 
 0.01895	 0.485148	  11773.2	  11773.2	  174.979	  39.2612	  39.2612	 
   0.019	 0.443621	  11232.5	  11232.5	  168.193	  37.7209	  37.7209	 
 0.01905	 0.424966	  10716.3	  10716.3	  161.659	  36.2543	  36.2543	 
  0.0191	 0.382779	  10223.5	  10223.5	  155.351	  34.8197	  34.8197	 
 0.01915	 0.365899	  9753.16	  9753.16	  149.268	  33.4549	  33.4549	 
  0.0192	 0.349016	  9304.09	  9304.09	  143.403	  32.1385	  32.1385	 
 0.01925	 0.303776	  8875.34	  8875.34	   137.74	  30.8448	  30.8448	 
  0.0193	 0.289115	  8466.06	  8466.06	  132.288	   29.622	   29.622	 
 0.01935	 0.274626	  8075.38	  8075.38	  126.894	  28.4119	  28.4119	 
  0.0194	 0.261301	  7702.47	  7702.47	  121.841	  27.2788	  27.2788	 
 0.01945	 0.247969	  7346.53	  7346.53	  116.968	  26.1854	  26.1854	 
  0.0195	 0.234628	  7006.77	  7006.77	  112.273	  25.1318	  25.1318	 
 0.01955	 0.221276	  6682.47	  6682.47	  107.757	  24.1179	  24.1179	 
  0.0196	 0.209367	  6372.95	  6372.95	    103.3	   23.118	   23.118	 
 0.01965	   0.1983	   6077.6	   6077.6	  99.1194	  22.1805	  22.1805	 
  0.0197	 0.187223	  5795.68	  5795.68	   95.087	  21.2758	  21.2758	 
 0.01975	 0.177415	  5526.63	  5526.63	  91.1545	  20.3943	  20.3943	 
  0.0198	 0.168305	  5269.89	  5269.89	  87.4312	  19.5598	  19.5598	 
 0.01985	 0.160749	   5024.9	   5024.9	   83.851	  18.7584	  18.7584	 
  0.0199	 0.154482	  4791.16	  4791.16	  80.4134	  17.9896	  17.9896	 
 0.01995	 0.148214	  4568.09	  4568.09	  77.1019	  17.2488	  17.2488	 
    0.02	 0.141945	  4355.25	  4355.25	   73.918	  16.5364	  16.5364	 
 0.02005	 0.135675	  4152.19	  4152.19	   70.857	  15.8514	  15.8514	 
  0.0201	 0.129404	  3958.51	  3958.51	  67.9151	  15.1927	  15.1927	 
 0.02015	 0.123131	  3773.66	  3773.66	  65.0868	  14.5593	  14.5593	 
  0.0202	 0.0931852	  3597.27	  3597.27	  62.3609	  13.9303	  13.9303	 
 0.02025	 0.0886257	  3429.12	  3429.12	  59.7495	  13.3464	  13.3464	 
  0.0203	 0.0840658	  3268.66	  3268.66	  57.2407	  12.7854	  12.7854	 
 0.02035	 0.0795054	  3115.62	  3115.62	    54.83	  12.2462	  12.2462	 
  0.0204	 0.0749445	  2969.71	  2969.71	   52.515	  11.7282	  11.7282	 
 0.02045	 0.0509863	  2830.44	  2830.44	  50.2859	  11.2142	  11.2142	 
  0.0205	 0.0479297	  2697.58	  2697.58	  48.1519	  10.7376	  10.7376	 
 0.02055	 0.044873	  2571.01	  2571.01	  46.1027	  10.2798	  10.2798	 
  0.0206	 0.0309095	  2450.14	  2450.14	  44.1326	  9.83118	  9.83118	 
 0.02065	 0.0288013	  2334.99	  2334.99	  42.2231	   9.4052	   9.4052	 
  0.0207	 0.0271377	  2225.17	  2225.17	  40.3972	  8.99815	  8.99815	 
 0.02075	 0.0261989	  2120.42	  2120.42	  38.6635	  8.61217	  8.61217	 
  0.0208	 0.0252723	  2020.61	  2020.61	  36.9998	  8.24175	  8.24175	 
 0.02085	 0.0243457	   1925.4	   1925.4	  35.4047	  7.88656	  7.88656	 
  0.0209	 0.0234191	  1834.59	  1834.59	  33.8749	  7.54589	  7.54589	 
 0.02095	 0.0224925	  1748.09	  1748.09	  32.4074	  7.21905	  7.21905	 
   0.021	 0.0215658	  1665.54	  1665.54	  31.0013	  6.90587	  6.90587	 
 0.02105	 0.0206392	  1586.86	  1586.86	  29.6528	  6.60549	  6.60549	 
  0.0211	 0.0197126	  1511.89	  1511.89	  28.3603	  6.31756	  6.31756	 
 0.02115	 0.0187859	   1440.4	   1440.4	  27.1223	  6.04173	  6.04173	 
  0.0212	 0.0178593	  1372.23	  1372.23	  25.9357	  5.77731	  5.77731	 
 0.02125	 0.0169327	  1307.26	  1307.26	  24.7981	  5.52379	  5.52379	 
  0.0213	 0.016006	  1245.33	  1245.33	  23.7087	  5.28099	  5.28099	 
 0.02135	 0.0150793	  1186.32	  1186.32	   22.666	  5.04856	  5.04856	 
  0.0214	 0.0141527	  1130.06	  1130.06	  21.6661	  4.82564	  4.82564	 
 0.02145	 0.013226	  1076.43	  1076.43	   20.709	  4.61224	  4.61224	 
  0.0215	 0.0112142	  1025.34	  1025.34	  19.7928	  4.40708	  4.40708	 
 0.02155	 0.00368507	  976.617	  976.617	  18.9131	  4.20572	  4.20572	 
  0.0216	 0.0035256	  930.209	  930.209	  18.0691	  4.01804	  4.01804	 
 0.02165	 0.00340366	  885.986	  885.986	  17.2652	  3.83931	  3.83931	 
  0.0217	 0.00328171	  843.838	  843.838	  16.4971	  3.66853	  3.66853	 
 0.02175	 0.00315977	  803.679	  803.679	  15.7609	  3.50484	  3.50484	 
  0.0218	 0.00303782	  765.414	  765.414	  15.0574	  3.34841	  3.34841	 
 0.02185	 0.00291588	  728.952	  728.952	  14.3834	  3.19855	  3.19855	 
  0.0219	 0.00279393	   694.21	   694.21	  13.7391	  3.05526	  3.05526	 
 0.02195	 0.00267198	   661.11	   661.11	  13.1227	   2.9182	   2.9182	 
   0.022	 0.00255003	  629.566	  629.566	  12.5336	  2.78719	  2.78719	 
 0.02205	 0.00242808	  599.517	  599.517	  11.9693	  2.66171	  2.66171	 
  0.0221	 0.00230614	  570.889	  570.889	  11.4308	  2.54194	  2.54194	 
 0.02215	 0.00218419	  543.616	  543.616	  10.9148	  2.42718	  2.42718	 
  0.0222	 0.00206224	   517.63	   517.63	  10.4222	  2.31761	  2.31761	 
 0.02225	 0.00194029	   492.88	   492.88	  9.95053	  2.21271	  2.21271	 
  0.0223	 0.00181834	    469.3	    469.3	  9.49991	  2.11248	  2.11248	 
 0.02235	 0.00169639	  446.843	  446.843	  9.06951	  2.01674	  2.01674	 
  0.0224	 0.00157443	  425.448	  425.448	   8.6578	  1.92516	  1.92516	 
 0.02245	 0.000388395	  405.061	  405.061	  8.26377	  1.83667	  1.83667	 
  0.0225	 0.000375045	  385.651	  385.651	  7.88793	  1.75315	  1.75315	 
 0.02255	 0.000361694	  367.162	  367.162	  7.52867	   1.6733	   1.6733	 
  0.0226	 0.000348344	  349.549	  349.549	  7.18551	  1.59703	  1.59703	 
 0.02265	 0.000334994	  332.774	  332.774	  6.85768	  1.52417	  1.52417	 
  0.0227	 0.000321644	  316.797	  316.797	  6.54441	  1.45455	  1.45455	 
 0.02275	 0.000308293	  301.585	  301.585	  6.24522	  1.38805	  1.38805	 
  0.0228	 0.000294943	  287.091	  287.091	  5.95941	  1.32453	  1.32453	 
 0.02285	 0.000281592	  273.289	  273.289	  5.68636	  1.26384	  1.26384	 
  0.0229	 0.000268242	   260.15	   260.15	  5.42561	  1.20589	  1.20589	 
 0.02295	 0.000254891	  247.635	  247.635	  5.17661	  1.15054	  1.15054	 
   0.023	 0.00024154	  235.721	  235.721	  4.93881	  1.09769	  1.09769	 
 0.02305	 0.00022819	  224.369	  224.369	  4.71167	   1.0472	   1.0472	 
  0.0231	 0.000214839	  213.562	  213.562	   4.4948	 0.999001	 0.999001	 
 0.02315	 0.000201488	  203.272	  203.272	  4.28774	 0.952978	 0.952978	 
  0.0232	 0.000188137	  193.472	  193.472	   4.0901	 0.909046	 0.909046	 
 0.02325	 0.000174786	  184.143	  184.143	  3.90132	 0.867086	 0.867086	 
  0.0233	 1.16182e-37	  175.257	  175.257	  3.72113	 0.826908	 0.826908	 
 0.02335	 1.16182e-37	    166.8	    166.8	  3.54917	 0.788695	 0.788695	 
  0.0234	 1.16182e-37	  158.746	  158.746	  3.38498	  0.75221	  0.75221	 
 0.02345	 1.16182e-37	  151.081	  151.081	  3.22827	 0.717385	 0.717385	 
  0.0235	 1.16182e-37	  143.775	  143.775	  3.07871	 0.684151	 0.684151	 
 0.02355	 1.16182e-37	  136.829	  136.829	  2.93593	 0.652421	 0.652421	 
  0.0236	 1.16182e-37	  130.215	  130.215	  2.79968	 0.622144	 0.622144	 
 0.02365	 1.16182e-37	   123.91	   123.91	  2.66973	 0.593267	 0.593267	 
  0.0237	 1.16182e-37	  117.918	  117.918	  2.54562	 0.565688	 0.565688	 
 0.02375	 1.16182e-37	  112.207	  112.207	  2.42727	 0.539387	 0.539387	 
  0.0238	 1.16182e-37	  106.776	  106.776	  2.31429	  0.51428	  0.51428	 
 0.02385	 1.16182e-37	  101.603	  101.603	  2.20652	 0.490332	 0.490332	 
  0.0239	 1.16182e-37	  96.6792	  96.6792	  2.10365	 0.467473	 0.467473	 
 0.02395	 1.16182e-37	  91.9918	  91.9918	  2.00553	 0.445668	 0.445668	 
   0.024	 1.16182e-37	  87.5309	  87.5309	    1.912	 0.424884	 0.424884	 
 0.02405	 1.16182e-37	   83.284	   83.284	  1.82267	 0.405033	 0.405033	 
  0.0241	 1.16182e-37	  79.2423	  79.2423	  1.73747	 0.386099	 0.386099	 
 0.02415	 1.16182e-37	   75.395	   75.395	  1.65623	 0.368047	 0.368047	 
  0.0242	 1.16182e-37	  71.7332	  71.7332	  1.57873	 0.350825	 0.350825	 
 0.02425	 1.16182e-37	  68.2484	  68.2484	  1.50481	 0.334398	 0.334398	 
  0.0243	 1.16182e-37	  64.9317	  64.9317	  1.43431	 0.318732	 0.318732	 
 0.02435	 1.16182e-37	  61.7751	  61.7751	  1.36708	 0.303792	 0.303792	 
  0.0244	 1.16182e-37	  58.7702	  58.7702	  1.30296	 0.289544	 0.289544	 
 0.02445	 1.16182e-37	  55.9109	  55.9109	   1.2418	 0.275953	 0.275953	 
  0.0245	 1.16182e-37	  53.1903	  53.1903	  1.18344	 0.262985	 0.262985	 
 0.02455	 1.16182e-37	  50.6007	  50.6007	  1.12781	 0.250621	 0.250621	 
  0.0246	 1.16182e-37	  48.1365	  48.1365	  1.07482	 0.238846	 0.238846	 
 0.02465	 1.16182e-37	  45.7919	  45.7919	  1.02424	 0.227607	 0.227607	 
  0.0247	 1.16182e-37	  43.5598	  43.5598	 0.975997	 0.216886	 0.216886	 
 0.02475	 1.16182e-37	  41.4366	  41.4366	  0.93001	 0.206667	 0.206667	 
  0.0248	 1.16182e-37	  39.4158	  39.4158	 0.886124	 0.196914	 0.196914	 
 0.02485	 1.16182e-37	  37.4932	  37.4932	 0.844339	 0.187629	 0.187629	 
  0.0249	 1.16182e-37	  35.6635	  35.6635	   0.8045	 0.178776	 0.178776	 
 0.02495	 1.16182e-37	   33.923	   33.923	 0.766527	 0.170337	 0.170337	 
   0.025	 1.16182e-37	  32.2663	  32.2663	 0.730313	  0.16229	  0.16229	 
       0	        0	        0	        0	        0	        0	        0	 
