0.000000e+00 0.000000e+00 0.000000e+00 0.000000e+00 0.000000e+00 0.000000e+00 0.000000e+00 
5.000000e-05 8.271528e+06 1.866659e+03 1.866659e+03 2.487432e+06 2.461868e+03 2.461868e+03 
1.000000e-04 3.305981e+07 1.120886e+04 1.120886e+04 9.216033e+06 1.324584e+04 1.324584e+04 
1.500000e-04 7.460068e+07 6.875693e+04 6.875693e+04 2.062261e+07 8.254448e+04 8.254448e+04 
2.000000e-04 1.326733e+08 2.195054e+05 2.195054e+05 3.662115e+07 2.564026e+05 2.564026e+05 
2.500000e-04 2.085043e+08 5.412198e+05 5.412198e+05 5.742739e+07 6.244760e+05 6.244760e+05 
3.000000e-04 3.022247e+08 1.101533e+06 1.101533e+06 8.298828e+07 1.257844e+06 1.257844e+06 
3.500000e-04 4.128636e+08 1.915400e+06 1.915400e+06 1.127112e+08 2.167033e+06 2.167033e+06 
4.000000e-04 5.403678e+08 3.007362e+06 3.007362e+06 1.462215e+08 3.380716e+06 3.380716e+06 
4.500000e-04 6.842043e+08 4.348964e+06 4.348964e+06 1.827602e+08 4.857113e+06 4.857113e+06 
5.000000e-04 8.404449e+08 5.948814e+06 5.948814e+06 2.219502e+08 6.606264e+06 6.606264e+06 
5.500000e-04 1.015784e+09 7.761391e+06 7.761391e+06 2.630577e+08 8.571992e+06 8.571992e+06 
6.000000e-04 1.206298e+09 9.781752e+06 9.781752e+06 3.055829e+08 1.074270e+07 1.074270e+07 
6.500000e-04 1.410626e+09 1.194625e+07 1.194625e+07 3.489395e+08 1.305110e+07 1.305110e+07 
7.000000e-04 1.628514e+09 1.420185e+07 1.420185e+07 3.927292e+08 1.544383e+07 1.544383e+07 
7.500000e-04 1.859070e+09 1.651944e+07 1.651944e+07 4.365391e+08 1.789108e+07 1.789108e+07 
8.000000e-04 2.101755e+09 1.888599e+07 1.888599e+07 4.800862e+08 2.037391e+07 2.037391e+07 
8.500000e-04 2.355751e+09 2.129535e+07 2.129535e+07 5.230832e+08 2.288378e+07 2.288378e+07 
9.000000e-04 2.620698e+09 2.368410e+07 2.368410e+07 5.652061e+08 2.536726e+07 2.536726e+07 
9.500000e-04 2.894873e+09 2.602372e+07 2.602372e+07 6.062158e+08 2.779845e+07 2.779845e+07 
1.000000e-03 3.177941e+09 2.830198e+07 2.830198e+07 6.459004e+08 3.016109e+07 3.016109e+07 
1.050000e-03 3.469050e+09 3.050751e+07 3.050751e+07 6.840162e+08 3.244225e+07 3.244225e+07 
1.100000e-03 3.767295e+09 3.262580e+07 3.262580e+07 7.203591e+08 3.462570e+07 3.462570e+07 
1.150000e-03 4.071607e+09 3.463812e+07 3.463812e+07 7.547240e+08 3.669651e+07 3.669651e+07 
1.200000e-03 4.381958e+09 3.654009e+07 3.654009e+07 7.870409e+08 3.864907e+07 3.864907e+07 
1.250000e-03 4.696953e+09 3.833191e+07 3.833191e+07 8.172783e+08 4.047595e+07 4.047595e+07 
1.300000e-03 5.016057e+09 4.000458e+07 4.000458e+07 8.453273e+08 4.217484e+07 4.217484e+07 
1.350000e-03 5.338342e+09 4.156244e+07 4.156244e+07 8.711832e+08 4.375061e+07 4.375061e+07 
1.400000e-03 5.663157e+09 4.299471e+07 4.299471e+07 8.948344e+08 4.519087e+07 4.519087e+07 
1.450000e-03 5.989596e+09 4.430375e+07 4.430375e+07 9.162087e+08 4.649663e+07 4.649663e+07 
1.500000e-03 6.317119e+09 4.550742e+07 4.550742e+07 9.351955e+08 4.767007e+07 4.767007e+07 
1.550000e-03 6.645655e+09 4.660269e+07 4.660269e+07 9.518085e+08 4.871841e+07 4.871841e+07 
1.600000e-03 6.973018e+09 4.756842e+07 4.756842e+07 9.660539e+08 4.964194e+07 4.964194e+07 
1.650000e-03 7.299227e+09 4.841010e+07 4.841010e+07 9.780050e+08 5.041895e+07 5.041895e+07 
1.700000e-03 7.623529e+09 4.914360e+07 4.914360e+07 9.877664e+08 5.107598e+07 5.107598e+07 
1.750000e-03 7.944986e+09 4.976593e+07 4.976593e+07 9.953613e+08 5.161590e+07 5.161590e+07 
1.800000e-03 8.263345e+09 5.027808e+07 5.027808e+07 1.000860e+09 5.203978e+07 5.203978e+07 
1.850000e-03 8.578034e+09 5.067678e+07 5.067678e+07 1.004262e+09 5.234585e+07 5.234585e+07 
1.900000e-03 8.888154e+09 5.097140e+07 5.097140e+07 1.005684e+09 5.254404e+07 5.254404e+07 
1.950000e-03 9.193052e+09 5.117847e+07 5.117847e+07 1.005234e+09 5.265184e+07 5.265184e+07 
2.000000e-03 9.492501e+09 5.130583e+07 5.130583e+07 1.003015e+09 5.267726e+07 5.267726e+07 
2.050000e-03 9.785782e+09 5.134063e+07 5.134063e+07 9.990059e+08 5.260829e+07 5.260829e+07 
2.100000e-03 1.007255e+10 5.130349e+07 5.130349e+07 9.933846e+08 5.246582e+07 5.246582e+07 
2.150000e-03 1.035249e+10 5.117985e+07 5.117985e+07 9.861345e+08 5.223650e+07 5.223650e+07 
2.200000e-03 1.062470e+10 5.099840e+07 5.099840e+07 9.774550e+08 5.194891e+07 5.194891e+07 
2.250000e-03 1.088923e+10 5.073549e+07 5.073549e+07 9.673273e+08 5.158284e+07 5.158284e+07 
2.300000e-03 1.114551e+10 5.040902e+07 5.040902e+07 9.558981e+08 5.115584e+07 5.115584e+07 
2.350000e-03 1.139331e+10 5.002473e+07 5.002473e+07 9.432288e+08 5.066933e+07 5.066933e+07 
2.400000e-03 1.163248e+10 4.959594e+07 4.959594e+07 9.294069e+08 5.013356e+07 5.013356e+07 
2.450000e-03 1.186270e+10 4.911485e+07 4.911485e+07 9.145064e+08 4.954920e+07 4.954920e+07 
2.500000e-03 1.208372e+10 4.858477e+07 4.858477e+07 8.986693e+08 4.892080e+07 4.892080e+07 
2.550000e-03 1.229542e+10 4.801090e+07 4.801090e+07 8.819625e+08 4.825374e+07 4.825374e+07 
2.600000e-03 1.249748e+10 4.739531e+07 4.739531e+07 8.644103e+08 4.754753e+07 4.754753e+07 
2.650000e-03 1.268985e+10 4.674957e+07 4.674957e+07 8.461555e+08 4.681267e+07 4.681267e+07 
2.700000e-03 1.287267e+10 4.606939e+07 4.606939e+07 8.272974e+08 4.604832e+07 4.604832e+07 
2.750000e-03 1.304573e+10 4.536136e+07 4.536136e+07 8.078921e+08 4.525990e+07 4.525990e+07 
2.800000e-03 1.320952e+10 4.462469e+07 4.462469e+07 7.880051e+08 4.444340e+07 4.444340e+07 
2.850000e-03 1.336320e+10 4.386804e+07 4.386804e+07 7.677451e+08 4.361205e+07 4.361205e+07 
2.900000e-03 1.350714e+10 4.309003e+07 4.309003e+07 7.471646e+08 4.276404e+07 4.276404e+07 
2.950000e-03 1.364150e+10 4.230160e+07 4.230160e+07 7.263573e+08 4.190776e+07 4.190776e+07 
3.000000e-03 1.376614e+10 4.149874e+07 4.149874e+07 7.053767e+08 4.104403e+07 4.104403e+07 
3.050000e-03 1.388140e+10 4.068616e+07 4.068616e+07 6.842984e+08 4.017260e+07 4.017260e+07 
3.100000e-03 1.398740e+10 3.986152e+07 3.986152e+07 6.631737e+08 3.929545e+07 3.929545e+07 
3.150000e-03 1.408415e+10 3.903573e+07 3.903573e+07 6.420505e+08 3.841810e+07 3.841810e+07 
3.200000e-03 1.417172e+10 3.820121e+07 3.820121e+07 6.209400e+08 3.753136e+07 3.753136e+07 
3.250000e-03 1.425040e+10 3.736581e+07 3.736581e+07 5.999972e+08 3.664825e+07 3.664825e+07 
3.300000e-03 1.432041e+10 3.652489e+07 3.652489e+07 5.792054e+08 3.576326e+07 3.576326e+07 
3.350000e-03 1.438180e+10 3.568655e+07 3.568655e+07 5.586062e+08 3.488227e+07 3.488227e+07 
3.400000e-03 1.443490e+10 3.484756e+07 3.484756e+07 5.382360e+08 3.400484e+07 3.400484e+07 
3.450000e-03 1.447960e+10 3.400755e+07 3.400755e+07 5.181703e+08 3.313464e+07 3.313464e+07 
3.500000e-03 1.451646e+10 3.316371e+07 3.316371e+07 4.983801e+08 3.226478e+07 3.226478e+07 
3.550000e-03 1.454559e+10 3.233083e+07 3.233083e+07 4.789702e+08 3.140750e+07 3.140750e+07 
3.600000e-03 1.456702e+10 3.149682e+07 3.149682e+07 4.599139e+08 3.054996e+07 3.054996e+07 
3.650000e-03 1.458134e+10 3.068162e+07 3.068162e+07 4.412892e+08 2.971312e+07 2.971312e+07 
3.700000e-03 1.458840e+10 2.987268e+07 2.987268e+07 4.230900e+08 2.888615e+07 2.888615e+07 
3.750000e-03 1.458857e+10 2.907640e+07 2.907640e+07 4.053503e+08 2.807267e+07 2.807267e+07 
3.800000e-03 1.458213e+10 2.828761e+07 2.828761e+07 3.880530e+08 2.726973e+07 2.726973e+07 
3.850000e-03 1.456915e+10 2.750561e+07 2.750561e+07 3.712263e+08 2.647697e+07 2.647697e+07 
3.900000e-03 1.454985e+10 2.673868e+07 2.673868e+07 3.549043e+08 2.570032e+07 2.570032e+07 
3.950000e-03 1.452456e+10 2.598244e+07 2.598244e+07 3.390619e+08 2.493885e+07 2.493885e+07 
4.000000e-03 1.449328e+10 2.523748e+07 2.523748e+07 3.237091e+08 2.418999e+07 2.418999e+07 
4.050000e-03 1.445653e+10 2.450375e+07 2.450375e+07 3.088708e+08 2.345408e+07 2.345408e+07 
4.100000e-03 1.441428e+10 2.378039e+07 2.378039e+07 2.945286e+08 2.273215e+07 2.273215e+07 
4.150000e-03 1.436643e+10 2.307185e+07 2.307185e+07 2.807046e+08 2.202808e+07 2.202808e+07 
4.200000e-03 1.431372e+10 2.237984e+07 2.237984e+07 2.673818e+08 2.134000e+07 2.134000e+07 
4.250000e-03 1.425590e+10 2.170812e+07 2.170812e+07 2.545545e+08 2.067368e+07 2.067368e+07 
4.300000e-03 1.419348e+10 2.105789e+07 2.105789e+07 2.422987e+08 2.003018e+07 2.003018e+07 
4.350000e-03 1.412638e+10 2.041708e+07 2.041708e+07 2.305033e+08 1.939682e+07 1.939682e+07 
4.400000e-03 1.405468e+10 1.978464e+07 1.978464e+07 2.191574e+08 1.877301e+07 1.877301e+07 
4.450000e-03 1.397878e+10 1.917320e+07 1.917320e+07 2.083024e+08 1.817078e+07 1.817078e+07 
4.500000e-03 1.389862e+10 1.856994e+07 1.856994e+07 1.979000e+08 1.757867e+07 1.757867e+07 
4.550000e-03 1.381443e+10 1.798129e+07 1.798129e+07 1.879505e+08 1.700250e+07 1.700250e+07 
4.600000e-03 1.372627e+10 1.739890e+07 1.739890e+07 1.781921e+08 1.643274e+07 1.643274e+07 
4.650000e-03 1.363451e+10 1.683533e+07 1.683533e+07 1.691306e+08 1.588245e+07 1.588245e+07 
4.700000e-03 1.353878e+10 1.627901e+07 1.627901e+07 1.604442e+08 1.534026e+07 1.534026e+07 
4.750000e-03 1.343969e+10 1.572876e+07 1.572876e+07 1.521146e+08 1.480482e+07 1.480482e+07 
4.800000e-03 1.333712e+10 1.519875e+07 1.519875e+07 1.442049e+08 1.429025e+07 1.429025e+07 
4.850000e-03 1.323114e+10 1.468756e+07 1.468756e+07 1.366849e+08 1.379335e+07 1.379335e+07 
4.900000e-03 1.312207e+10 1.419346e+07 1.419346e+07 1.280685e+08 1.331362e+07 1.331362e+07 
4.950000e-03 1.300985e+10 1.370356e+07 1.370356e+07 1.215699e+08 1.283872e+07 1.283872e+07 
5.000000e-03 1.289462e+10 1.322858e+07 1.322858e+07 1.153509e+08 1.237865e+07 1.237865e+07 
5.050000e-03 1.277641e+10 1.277323e+07 1.277323e+07 1.094274e+08 1.193835e+07 1.193835e+07 
5.100000e-03 1.265540e+10 1.233159e+07 1.233159e+07 1.037723e+08 1.151185e+07 1.151185e+07 
5.150000e-03 1.253170e+10 1.190660e+07 1.190660e+07 9.839062e+07 1.110225e+07 1.110225e+07 
5.200000e-03 1.240532e+10 1.149904e+07 1.149904e+07 9.324895e+07 1.071040e+07 1.071040e+07 
5.250000e-03 1.227654e+10 1.110183e+07 1.110183e+07 8.837786e+07 1.032933e+07 1.032933e+07 
5.300000e-03 1.214513e+10 1.071380e+07 1.071380e+07 8.372221e+07 9.957301e+06 9.957301e+06 
5.350000e-03 1.201151e+10 1.033438e+07 1.033438e+07 7.926221e+07 9.594115e+06 9.594115e+06 
5.400000e-03 1.187549e+10 9.966448e+06 9.966448e+06 7.503716e+07 9.242580e+06 9.242580e+06 
5.450000e-03 1.173727e+10 9.612343e+06 9.612343e+06 7.103328e+07 8.904872e+06 8.904872e+06 
5.500000e-03 1.159703e+10 9.263287e+06 9.263287e+06 6.718990e+07 8.572755e+06 8.572755e+06 
5.550000e-03 1.145467e+10 8.920854e+06 8.920854e+06 6.354664e+07 8.248226e+06 8.248226e+06 
5.600000e-03 1.131053e+10 8.592687e+06 8.592687e+06 6.010543e+07 7.937743e+06 7.937743e+06 
5.650000e-03 1.116456e+10 8.268133e+06 8.268133e+06 5.681548e+07 7.631382e+06 7.631382e+06 
5.700000e-03 1.101680e+10 7.957567e+06 7.957567e+06 5.371643e+07 7.338672e+06 7.338672e+06 
5.750000e-03 1.086744e+10 7.654200e+06 7.654200e+06 5.076510e+07 7.052941e+06 7.052941e+06 
5.800000e-03 1.071652e+10 7.367539e+06 7.367539e+06 4.799706e+07 6.783163e+06 6.783163e+06 
5.850000e-03 1.056433e+10 7.093050e+06 7.093050e+06 4.535394e+07 6.524982e+06 6.524982e+06 
5.900000e-03 1.041075e+10 6.825548e+06 6.825548e+06 4.292031e+07 6.273662e+06 6.273662e+06 
5.950000e-03 1.025589e+10 6.569690e+06 6.569690e+06 4.059763e+07 6.033451e+06 6.033451e+06 
6.000000e-03 1.010005e+10 6.322518e+06 6.322518e+06 3.839859e+07 5.801406e+06 5.801406e+06 
6.050000e-03 9.943119e+09 6.083096e+06 6.083096e+06 3.631954e+07 5.576992e+06 5.576992e+06 
6.100000e-03 9.785197e+09 5.849698e+06 5.849698e+06 3.434508e+07 5.358339e+06 5.358339e+06 
6.150000e-03 9.626490e+09 5.623342e+06 5.623342e+06 3.242495e+07 5.146386e+06 5.146386e+06 
6.200000e-03 9.467097e+09 5.403217e+06 5.403217e+06 3.066579e+07 4.940406e+06 4.940406e+06 
6.250000e-03 9.307015e+09 5.188664e+06 5.188664e+06 2.899258e+07 4.739701e+06 4.739701e+06 
6.300000e-03 9.146483e+09 4.986549e+06 4.986549e+06 2.743285e+07 4.550917e+06 4.550917e+06 
6.350000e-03 8.985563e+09 4.788754e+06 4.788754e+06 2.595178e+07 4.366604e+06 4.366604e+06 
6.400000e-03 8.824277e+09 4.600062e+06 4.600062e+06 2.456465e+07 4.191062e+06 4.191062e+06 
6.450000e-03 8.662915e+09 4.416756e+06 4.416756e+06 2.321461e+07 4.020968e+06 4.020968e+06 
6.500000e-03 8.501393e+09 4.242763e+06 4.242763e+06 2.200272e+07 3.859983e+06 3.859983e+06 
6.550000e-03 8.339891e+09 4.073468e+06 4.073468e+06 2.085713e+07 3.703569e+06 3.703569e+06 
6.600000e-03 8.178532e+09 3.912040e+06 3.912040e+06 1.978337e+07 3.554580e+06 3.554580e+06 
6.650000e-03 8.017305e+09 3.756484e+06 3.756484e+06 1.877200e+07 3.411183e+06 3.411183e+06 
6.700000e-03 7.856524e+09 3.608003e+06 3.608003e+06 1.782507e+07 3.274459e+06 3.274459e+06 
6.750000e-03 7.695963e+09 3.463253e+06 3.463253e+06 1.688105e+07 3.141167e+06 3.141167e+06 
6.800000e-03 7.536043e+09 3.322229e+06 3.322229e+06 1.603777e+07 3.011420e+06 3.011420e+06 
6.850000e-03 7.376856e+09 3.184242e+06 3.184242e+06 1.523596e+07 2.884521e+06 2.884521e+06 
6.900000e-03 7.218304e+09 3.050299e+06 3.050299e+06 1.447342e+07 2.761393e+06 2.761393e+06 
6.950000e-03 7.060508e+09 2.923600e+06 2.923600e+06 1.376317e+07 2.645021e+06 2.645021e+06 
7.000000e-03 6.903662e+09 2.802288e+06 2.802288e+06 1.309630e+07 2.533661e+06 2.533661e+06 
7.050000e-03 6.747856e+09 2.683781e+06 2.683781e+06 1.246067e+07 2.424886e+06 2.424886e+06 
7.100000e-03 6.593105e+09 2.571145e+06 2.571145e+06 1.184743e+07 2.321519e+06 2.321519e+06 
7.150000e-03 6.439503e+09 2.462669e+06 2.462669e+06 1.129550e+07 2.221981e+06 2.221981e+06 
7.200000e-03 6.287365e+09 2.359739e+06 2.359739e+06 1.077818e+07 2.127629e+06 2.127629e+06 
7.250000e-03 6.136487e+09 2.262854e+06 2.262854e+06 1.029899e+07 2.038905e+06 2.038905e+06 
7.300000e-03 5.987070e+09 2.171092e+06 2.171092e+06 9.853746e+06 1.955018e+06 1.955018e+06 
7.350000e-03 5.839199e+09 2.081354e+06 2.081354e+06 9.431499e+06 1.873237e+06 1.873237e+06 
7.400000e-03 5.692982e+09 1.994432e+06 1.994432e+06 9.016189e+06 1.794126e+06 1.794126e+06 
7.450000e-03 5.548427e+09 1.911491e+06 1.911491e+06 8.648303e+06 1.718714e+06 1.718714e+06 
7.500000e-03 5.405630e+09 1.831798e+06 1.831798e+06 8.300360e+06 1.646313e+06 1.646313e+06 
7.550000e-03 5.264585e+09 1.753872e+06 1.753872e+06 7.967707e+06 1.575582e+06 1.575582e+06 
7.600000e-03 5.125495e+09 1.677213e+06 1.677213e+06 7.646918e+06 1.505993e+06 1.505993e+06 
7.650000e-03 4.988267e+09 1.604084e+06 1.604084e+06 7.346215e+06 1.439646e+06 1.439646e+06 
7.700000e-03 4.853209e+09 1.534068e+06 1.534068e+06 7.050600e+06 1.376170e+06 1.376170e+06 
7.750000e-03 4.720007e+09 1.466277e+06 1.466277e+06 6.784756e+06 1.314748e+06 1.314748e+06 
7.800000e-03 4.589177e+09 1.401385e+06 1.401385e+06 6.536171e+06 1.255990e+06 1.255990e+06 
7.850000e-03 4.460308e+09 1.338914e+06 1.338914e+06 6.298875e+06 1.199433e+06 1.199433e+06 
7.900000e-03 4.333610e+09 1.279855e+06 1.279855e+06 6.077645e+06 1.145985e+06 1.145985e+06 
7.950000e-03 4.209284e+09 1.223714e+06 1.223714e+06 5.870121e+06 1.095190e+06 1.095190e+06 
8.000000e-03 4.087125e+09 1.170172e+06 1.170172e+06 5.662417e+06 1.046740e+06 1.046740e+06 
8.050000e-03 3.967338e+09 1.119590e+06 1.119590e+06 5.483016e+06 1.000981e+06 1.000981e+06 
8.100000e-03 3.849819e+09 1.071274e+06 1.071274e+06 5.314125e+06 9.572670e+05 9.572670e+05 
8.150000e-03 3.734673e+09 1.025962e+06 1.025962e+06 5.157987e+06 9.164125e+05 9.164125e+05 
8.200000e-03 3.621792e+09 9.826615e+05 9.826615e+05 5.010501e+06 8.774074e+05 8.774074e+05 
8.250000e-03 3.511376e+09 9.402221e+05 9.402221e+05 4.866909e+06 8.391865e+05 8.391865e+05 
8.300000e-03 3.403320e+09 8.983400e+05 8.983400e+05 4.726197e+06 8.014899e+05 8.014899e+05 
8.350000e-03 3.297633e+09 8.586398e+05 8.586398e+05 4.590534e+06 7.658257e+05 7.658257e+05 
8.400000e-03 3.194311e+09 8.203392e+05 8.203392e+05 4.465770e+06 7.314483e+05 7.314483e+05 
8.450000e-03 3.093351e+09 7.828838e+05 7.828838e+05 4.343277e+06 6.978319e+05 6.978319e+05 
8.500000e-03 2.994756e+09 7.469885e+05 7.469885e+05 4.226349e+06 6.656425e+05 6.656425e+05 
8.550000e-03 2.898527e+09 7.125489e+05 7.125489e+05 4.114450e+06 6.347829e+05 6.347829e+05 
8.600000e-03 2.804661e+09 6.791768e+05 6.791768e+05 4.005983e+06 6.048927e+05 6.048927e+05 
8.650000e-03 2.713060e+09 6.476790e+05 6.476790e+05 3.900357e+06 5.767089e+05 5.767089e+05 
8.700000e-03 2.623723e+09 6.179806e+05 6.179806e+05 3.804893e+06 5.501102e+05 5.501102e+05 
8.750000e-03 2.536751e+09 5.895992e+05 5.895992e+05 3.713226e+06 5.247297e+05 5.247297e+05 
8.800000e-03 2.452041e+09 5.625660e+05 5.625660e+05 3.625278e+06 5.005539e+05 5.005539e+05 
8.850000e-03 2.369594e+09 5.369005e+05 5.369005e+05 3.541307e+06 4.776117e+05 4.776117e+05 
8.900000e-03 2.289309e+09 5.130195e+05 5.130195e+05 3.462336e+06 4.562484e+05 4.562484e+05 
8.950000e-03 2.211134e+09 4.907961e+05 4.907961e+05 3.386714e+06 4.363212e+05 4.363212e+05 
9.000000e-03 2.135249e+09 4.693468e+05 4.693468e+05 3.314015e+06 4.170963e+05 4.170963e+05 
9.050000e-03 2.061439e+09 4.487884e+05 4.487884e+05 3.244280e+06 3.987191e+05 3.987191e+05 
9.100000e-03 1.989691e+09 4.285498e+05 4.285498e+05 3.174248e+06 3.806318e+05 3.806318e+05 
9.150000e-03 1.919913e+09 4.086928e+05 4.086928e+05 3.104446e+06 3.628833e+05 3.628833e+05 
9.200000e-03 1.852240e+09 3.896400e+05 3.896400e+05 3.036415e+06 3.458777e+05 3.458777e+05 
9.250000e-03 1.786520e+09 3.713814e+05 3.713814e+05 2.967950e+06 3.295979e+05 3.295979e+05 
9.300000e-03 1.722748e+09 3.534539e+05 3.534539e+05 2.902495e+06 3.136119e+05 3.136119e+05 
9.350000e-03 1.660859e+09 3.366385e+05 3.366385e+05 2.840162e+06 2.986463e+05 2.986463e+05 
9.400000e-03 1.600828e+09 3.204761e+05 3.204761e+05 2.778829e+06 2.842665e+05 2.842665e+05 
9.450000e-03 1.542636e+09 3.051596e+05 3.051596e+05 2.719349e+06 2.706506e+05 2.706506e+05 
9.500000e-03 1.486223e+09 2.908323e+05 2.908323e+05 2.662373e+06 2.579234e+05 2.579234e+05 
9.550000e-03 1.431564e+09 2.767297e+05 2.767297e+05 2.605143e+06 2.454095e+05 2.454095e+05 
9.600000e-03 1.378622e+09 2.636002e+05 2.636002e+05 2.549979e+06 2.337597e+05 2.337597e+05 
9.650000e-03 1.327344e+09 2.511459e+05 2.511459e+05 2.496783e+06 2.227148e+05 2.227148e+05 
9.700000e-03 1.277701e+09 2.396863e+05 2.396863e+05 2.445627e+06 2.125336e+05 2.125336e+05 
9.750000e-03 1.229662e+09 2.291759e+05 2.291759e+05 2.396513e+06 2.031708e+05 2.031708e+05 
9.800000e-03 1.183173e+09 2.189059e+05 2.189059e+05 2.347257e+06 1.940035e+05 1.940035e+05 
9.850000e-03 1.138202e+09 2.087930e+05 2.087930e+05 2.297787e+06 1.849797e+05 1.849797e+05 
9.900000e-03 1.094719e+09 1.990699e+05 1.990699e+05 2.248831e+06 1.763145e+05 1.763145e+05 
9.950000e-03 1.052683e+09 1.896663e+05 1.896663e+05 2.200590e+06 1.679427e+05 1.679427e+05 
1.000000e-02 1.012052e+09 1.804811e+05 1.804811e+05 2.152504e+06 1.597678e+05 1.597678e+05 
1.005000e-02 9.728083e+08 1.718058e+05 1.718058e+05 2.105658e+06 1.520638e+05 1.520638e+05 
1.010000e-02 9.348882e+08 1.634663e+05 1.634663e+05 2.059603e+06 1.446636e+05 1.446636e+05 
1.015000e-02 8.982818e+08 1.554315e+05 1.554315e+05 2.014031e+06 1.375418e+05 1.375418e+05 
1.020000e-02 8.629389e+08 1.479167e+05 1.479167e+05 1.969978e+06 1.308954e+05 1.308954e+05 
1.025000e-02 8.288175e+08 1.407187e+05 1.407187e+05 1.926620e+06 1.245284e+05 1.245284e+05 
1.030000e-02 7.959176e+08 1.338320e+05 1.338320e+05 1.884181e+06 1.184433e+05 1.184433e+05 
1.035000e-02 7.641664e+08 1.270841e+05 1.270841e+05 1.841785e+06 1.124897e+05 1.124897e+05 
1.040000e-02 7.335562e+08 1.209455e+05 1.209455e+05 1.801212e+06 1.070718e+05 1.070718e+05 
1.045000e-02 7.040550e+08 1.151484e+05 1.151484e+05 1.761573e+06 1.019617e+05 1.019617e+05 
1.050000e-02 6.756112e+08 1.096524e+05 1.096524e+05 1.722457e+06 9.710478e+04 9.710478e+04 
1.055000e-02 6.482148e+08 1.044867e+05 1.044867e+05 1.684135e+06 9.251480e+04 9.251480e+04 
1.060000e-02 6.218146e+08 9.964101e+04 9.964101e+04 1.646657e+06 8.819150e+04 8.819150e+04 
1.065000e-02 5.963995e+08 9.500451e+04 9.500451e+04 1.609794e+06 8.406170e+04 8.406170e+04 
1.070000e-02 5.719382e+08 9.046284e+04 9.046284e+04 1.573388e+06 8.001884e+04 8.001884e+04 
1.075000e-02 5.483799e+08 8.610782e+04 8.610782e+04 1.537344e+06 7.614781e+04 7.614781e+04 
1.080000e-02 5.257042e+08 8.195670e+04 8.195670e+04 1.502298e+06 7.246464e+04 7.246464e+04 
1.085000e-02 5.039005e+08 7.795336e+04 7.795336e+04 1.467799e+06 6.891689e+04 6.891689e+04 
1.090000e-02 4.829283e+08 7.416072e+04 7.416072e+04 1.434184e+06 6.556190e+04 6.556190e+04 
1.095000e-02 4.627563e+08 7.052138e+04 7.052138e+04 1.401231e+06 6.234643e+04 6.234643e+04 
1.100000e-02 4.433636e+08 6.692855e+04 6.692855e+04 1.368424e+06 5.917180e+04 5.917180e+04 
1.105000e-02 4.247207e+08 6.360418e+04 6.360418e+04 1.336766e+06 5.623595e+04 5.623595e+04 
1.110000e-02 4.068164e+08 6.041291e+04 6.041291e+04 1.305713e+06 5.342560e+04 5.342560e+04 
1.115000e-02 3.895996e+08 5.733718e+04 5.733718e+04 1.275065e+06 5.072282e+04 5.072282e+04 
1.120000e-02 3.730709e+08 5.452994e+04 5.452994e+04 1.245723e+06 4.825172e+04 4.825172e+04 
1.125000e-02 3.571985e+08 5.174370e+04 5.174370e+04 1.216446e+06 4.579862e+04 4.579862e+04 
1.130000e-02 3.419522e+08 4.912322e+04 4.912322e+04 1.188014e+06 4.348588e+04 4.348588e+04 
1.135000e-02 3.273222e+08 4.673428e+04 4.673428e+04 1.160421e+06 4.137199e+04 4.137199e+04 
1.140000e-02 3.132777e+08 4.454830e+04 4.454830e+04 1.133554e+06 3.942216e+04 3.942216e+04 
1.145000e-02 2.997973e+08 4.242105e+04 4.242105e+04 1.107135e+06 3.752659e+04 3.752659e+04 
1.150000e-02 2.868710e+08 4.041532e+04 4.041532e+04 1.081383e+06 3.574424e+04 3.574424e+04 
1.155000e-02 2.744678e+08 3.847724e+04 3.847724e+04 1.056136e+06 3.402368e+04 3.402368e+04 
1.160000e-02 2.625673e+08 3.661033e+04 3.661033e+04 1.031393e+06 3.236822e+04 3.236822e+04 
1.165000e-02 2.511490e+08 3.483214e+04 3.483214e+04 1.007236e+06 3.079437e+04 3.079437e+04 
1.170000e-02 2.402125e+08 3.306033e+04 3.306033e+04 9.833851e+05 2.922487e+04 2.922487e+04 
1.175000e-02 2.297276e+08 3.138789e+04 3.138789e+04 9.600833e+05 2.774654e+04 2.774654e+04 
1.180000e-02 2.196735e+08 2.979217e+04 2.979217e+04 9.373112e+05 2.633906e+04 2.633906e+04 
1.185000e-02 2.100373e+08 2.831321e+04 2.831321e+04 9.152276e+05 2.503686e+04 2.503686e+04 
1.190000e-02 2.008072e+08 2.686883e+04 2.686883e+04 8.935307e+05 2.376655e+04 2.376655e+04 
1.195000e-02 1.919616e+08 2.545670e+04 2.545670e+04 8.721987e+05 2.252482e+04 2.252482e+04 
1.200000e-02 1.834887e+08 2.414987e+04 2.414987e+04 8.514483e+05 2.137466e+04 2.137466e+04 
1.205000e-02 1.753727e+08 2.287264e+04 2.287264e+04 8.309904e+05 2.025155e+04 2.025155e+04 
1.210000e-02 1.676026e+08 2.168044e+04 2.168044e+04 8.111296e+05 1.920100e+04 1.920100e+04 
1.215000e-02 1.601609e+08 2.057512e+04 2.057512e+04 7.917766e+05 1.822450e+04 1.822450e+04 
1.220000e-02 1.530380e+08 1.962477e+04 1.962477e+04 7.731282e+05 1.737793e+04 1.737793e+04 
1.225000e-02 1.462185e+08 1.870338e+04 1.870338e+04 7.548176e+05 1.655756e+04 1.655756e+04 
1.230000e-02 1.396904e+08 1.780700e+04 1.780700e+04 7.368559e+05 1.575998e+04 1.575998e+04 
1.235000e-02 1.334433e+08 1.695390e+04 1.695390e+04 7.193031e+05 1.500231e+04 1.500231e+04 
1.240000e-02 1.274648e+08 1.611863e+04 1.611863e+04 7.020734e+05 1.426071e+04 1.426071e+04 
1.245000e-02 1.217448e+08 1.530624e+04 1.530624e+04 6.851007e+05 1.354018e+04 1.354018e+04 
1.250000e-02 1.162731e+08 1.454419e+04 1.454419e+04 6.686212e+05 1.286667e+04 1.286667e+04 
1.255000e-02 1.110373e+08 1.380254e+04 1.380254e+04 6.524631e+05 1.221187e+04 1.221187e+04 
1.260000e-02 1.060303e+08 1.309396e+04 1.309396e+04 6.365722e+05 1.158576e+04 1.158576e+04 
1.265000e-02 1.012397e+08 1.242830e+04 1.242830e+04 6.211495e+05 1.099903e+04 1.099903e+04 
1.270000e-02 9.666039e+07 1.177378e+04 1.177378e+04 6.059952e+05 1.042275e+04 1.042275e+04 
1.275000e-02 9.228108e+07 1.114486e+04 1.114486e+04 5.911688e+05 9.869652e+03 9.869652e+03 
1.280000e-02 8.809365e+07 1.055249e+04 1.055249e+04 5.766802e+05 9.347991e+03 9.347991e+03 
1.285000e-02 8.409079e+07 9.972475e+03 9.972475e+03 5.624525e+05 8.837651e+03 8.837651e+03 
1.290000e-02 8.026456e+07 9.450805e+03 9.450805e+03 5.486420e+05 8.378632e+03 8.378632e+03 
1.295000e-02 7.660766e+07 8.965704e+03 8.965704e+03 5.351701e+05 7.951127e+03 7.951127e+03 
1.300000e-02 7.311306e+07 8.540614e+03 8.540614e+03 5.220531e+05 7.572098e+03 7.572098e+03 
1.305000e-02 6.977231e+07 8.130809e+03 8.130809e+03 5.092203e+05 7.206027e+03 7.206027e+03 
1.310000e-02 6.658133e+07 7.744132e+03 7.744132e+03 4.966228e+05 6.861784e+03 6.861784e+03 
1.315000e-02 6.353083e+07 7.367686e+03 7.367686e+03 4.843150e+05 6.526982e+03 6.526982e+03 
1.320000e-02 6.061772e+07 6.996473e+03 6.996473e+03 4.722762e+05 6.196539e+03 6.196539e+03 
1.325000e-02 5.783386e+07 6.643559e+03 6.643559e+03 4.604555e+05 5.883724e+03 5.883724e+03 
1.330000e-02 5.517514e+07 6.308216e+03 6.308216e+03 4.489032e+05 5.586880e+03 5.586880e+03 
1.335000e-02 5.263536e+07 5.979454e+03 5.979454e+03 4.375303e+05 5.296188e+03 5.296188e+03 
1.340000e-02 5.020952e+07 5.679273e+03 5.679273e+03 4.264927e+05 5.030997e+03 5.030997e+03 
1.345000e-02 4.789339e+07 5.386784e+03 5.386784e+03 4.156218e+05 4.773053e+03 4.773053e+03 
1.350000e-02 4.568080e+07 5.096109e+03 5.096109e+03 4.050035e+05 4.516881e+03 4.516881e+03 
1.355000e-02 4.356872e+07 4.815326e+03 4.815326e+03 3.946014e+05 4.269344e+03 4.269344e+03 
1.360000e-02 4.155207e+07 4.553725e+03 4.553725e+03 3.844486e+05 4.038842e+03 4.038842e+03 
1.365000e-02 3.962569e+07 4.303974e+03 4.303974e+03 3.745140e+05 3.819225e+03 3.819225e+03 
1.370000e-02 3.778757e+07 4.074518e+03 4.074518e+03 3.648163e+05 3.617100e+03 3.617100e+03 
1.375000e-02 3.603355e+07 3.853111e+03 3.853111e+03 3.552727e+05 3.421325e+03 3.421325e+03 
1.380000e-02 3.435867e+07 3.670430e+03 3.670430e+03 3.460606e+05 3.258723e+03 3.258723e+03 
1.385000e-02 3.276074e+07 3.498877e+03 3.498877e+03 3.370562e+05 3.105635e+03 3.105635e+03 
1.390000e-02 3.123458e+07 3.331872e+03 3.331872e+03 3.282333e+05 2.956778e+03 2.956778e+03 
1.395000e-02 2.977815e+07 3.170106e+03 3.170106e+03 3.195944e+05 2.812790e+03 2.812790e+03 
1.400000e-02 2.838938e+07 3.008017e+03 3.008017e+03 3.111017e+05 2.668309e+03 2.668309e+03 
1.405000e-02 2.706318e+07 2.855711e+03 2.855711e+03 3.028245e+05 2.533066e+03 2.533066e+03 
1.410000e-02 2.579849e+07 2.704376e+03 2.704376e+03 2.947116e+05 2.398421e+03 2.398421e+03 
1.415000e-02 2.459025e+07 2.566776e+03 2.566776e+03 2.866442e+05 2.276691e+03 2.276691e+03 
1.420000e-02 2.343842e+07 2.436944e+03 2.436944e+03 2.789149e+05 2.161903e+03 2.161903e+03 
1.425000e-02 2.234093e+07 2.307023e+03 2.307023e+03 2.713289e+05 2.047035e+03 2.047035e+03 
1.430000e-02 2.129223e+07 2.178429e+03 2.178429e+03 2.638918e+05 1.933444e+03 1.933444e+03 
1.435000e-02 2.029237e+07 2.058158e+03 2.058158e+03 2.566374e+05 1.827313e+03 1.827313e+03 
1.440000e-02 1.933803e+07 1.939700e+03 1.939700e+03 2.495554e+05 1.722258e+03 1.722258e+03 
1.445000e-02 1.842864e+07 1.830174e+03 1.830174e+03 2.426124e+05 1.625758e+03 1.625758e+03 
1.450000e-02 1.756112e+07 1.731465e+03 1.731465e+03 2.358482e+05 1.538762e+03 1.538762e+03 
1.455000e-02 1.673362e+07 1.639804e+03 1.639804e+03 2.291512e+05 1.458038e+03 1.458038e+03 
1.460000e-02 1.594473e+07 1.560579e+03 1.560579e+03 2.227235e+05 1.387609e+03 1.387609e+03 
1.465000e-02 1.519235e+07 1.484998e+03 1.484998e+03 2.164338e+05 1.319893e+03 1.319893e+03 
1.470000e-02 1.447495e+07 1.413556e+03 1.413556e+03 2.102852e+05 1.256132e+03 1.256132e+03 
1.475000e-02 1.379088e+07 1.344253e+03 1.344253e+03 2.042778e+05 1.194334e+03 1.194334e+03 
1.480000e-02 1.313859e+07 1.276058e+03 1.276058e+03 1.983217e+05 1.133589e+03 1.133589e+03 
1.485000e-02 1.251659e+07 1.198316e+03 1.198316e+03 1.925851e+05 1.063297e+03 1.063297e+03 
1.490000e-02 1.192379e+07 1.137206e+03 1.137206e+03 1.869758e+05 1.009132e+03 1.009132e+03 
1.495000e-02 1.135857e+07 1.079018e+03 1.079018e+03 1.814993e+05 9.575653e+02 9.575653e+02 
1.500000e-02 1.081971e+07 1.022795e+03 1.022795e+03 1.760054e+05 9.077757e+02 9.077757e+02 
1.505000e-02 1.030607e+07 9.677829e+02 9.677829e+02 1.707823e+05 8.591453e+02 8.591453e+02 
1.510000e-02 9.816321e+06 9.131266e+02 9.131266e+02 1.656836e+05 8.108503e+02 8.108503e+02 
1.515000e-02 9.349553e+06 8.630237e+02 8.630237e+02 1.606723e+05 7.666137e+02 7.666137e+02 
1.520000e-02 8.904836e+06 8.153555e+02 8.153555e+02 1.558141e+05 7.245562e+02 7.245562e+02 
1.525000e-02 8.480897e+06 7.608750e+02 7.608750e+02 1.510330e+05 6.758016e+02 6.758016e+02 
1.530000e-02 8.076807e+06 7.198906e+02 7.198906e+02 1.464113e+05 6.397406e+02 6.397406e+02 
1.535000e-02 7.691690e+06 6.806102e+02 6.806102e+02 1.419077e+05 6.051531e+02 6.051531e+02 
1.540000e-02 7.324747e+06 6.467437e+02 6.467437e+02 1.374787e+05 5.751077e+02 5.751077e+02 
1.545000e-02 6.975044e+06 6.161735e+02 6.161735e+02 1.332166e+05 5.477864e+02 5.477864e+02 
1.550000e-02 6.641710e+06 5.788690e+02 5.788690e+02 1.290476e+05 5.138926e+02 5.138926e+02 
1.555000e-02 6.324307e+06 5.507457e+02 5.507457e+02 1.249792e+05 4.888719e+02 4.888719e+02 
1.560000e-02 6.021671e+06 5.235702e+02 5.235702e+02 1.210234e+05 4.647186e+02 4.647186e+02 
1.565000e-02 5.733364e+06 4.919047e+02 4.919047e+02 1.171637e+05 4.361967e+02 4.361967e+02 
1.570000e-02 5.458718e+06 4.661251e+02 4.661251e+02 1.134064e+05 4.133348e+02 4.133348e+02 
1.575000e-02 5.196961e+06 4.344226e+02 4.344226e+02 1.097390e+05 3.845747e+02 3.845747e+02 
1.580000e-02 4.947547e+06 4.116442e+02 4.116442e+02 1.061630e+05 3.644627e+02 3.644627e+02 
1.585000e-02 4.710112e+06 3.858819e+02 3.858819e+02 1.026911e+05 3.415038e+02 3.415038e+02 
1.590000e-02 4.483766e+06 3.639871e+02 3.639871e+02 9.927606e+04 3.222195e+02 3.222195e+02 
1.595000e-02 4.268170e+06 3.389423e+02 3.389423e+02 9.599415e+04 2.997206e+02 2.997206e+02 
1.600000e-02 4.062752e+06 3.202531e+02 3.202531e+02 9.280161e+04 2.833308e+02 2.833308e+02 
1.605000e-02 3.867176e+06 3.019114e+02 3.019114e+02 8.969433e+04 2.672528e+02 2.672528e+02 
1.610000e-02 3.680809e+06 2.798050e+02 2.798050e+02 8.667673e+04 2.473619e+02 2.473619e+02 
1.615000e-02 3.503289e+06 2.643042e+02 2.643042e+02 8.374207e+04 2.338084e+02 2.338084e+02 
1.620000e-02 3.334288e+06 2.507869e+02 2.507869e+02 8.089435e+04 2.219057e+02 2.219057e+02 
1.625000e-02 3.173387e+06 2.373947e+02 2.373947e+02 7.812984e+04 2.099000e+02 2.099000e+02 
1.630000e-02 3.020083e+06 2.262760e+02 2.262760e+02 7.543541e+04 2.000440e+02 2.000440e+02 
1.635000e-02 2.874057e+06 2.153144e+02 2.153144e+02 7.279483e+04 1.903347e+02 1.903347e+02 
1.640000e-02 2.734903e+06 2.049520e+02 2.049520e+02 7.026154e+04 1.811718e+02 1.811718e+02 
1.645000e-02 2.602503e+06 1.925229e+02 1.925229e+02 6.780118e+04 1.700437e+02 1.700437e+02 
1.650000e-02 2.476363e+06 1.813801e+02 1.813801e+02 6.541359e+04 1.601261e+02 1.601261e+02 
1.655000e-02 2.356383e+06 1.722506e+02 1.722506e+02 6.309673e+04 1.520860e+02 1.520860e+02 
1.660000e-02 2.241990e+06 1.631151e+02 1.631151e+02 6.084854e+04 1.440405e+02 1.440405e+02 
1.665000e-02 2.133001e+06 1.503013e+02 1.503013e+02 5.865744e+04 1.325207e+02 1.325207e+02 
1.670000e-02 2.029394e+06 1.416939e+02 1.416939e+02 5.653061e+04 1.249698e+02 1.249698e+02 
1.675000e-02 1.930733e+06 1.340752e+02 1.340752e+02 5.448180e+04 1.182996e+02 1.182996e+02 
1.680000e-02 1.836685e+06 1.265798e+02 1.265798e+02 5.248440e+04 1.117409e+02 1.117409e+02 
1.685000e-02 1.747272e+06 1.192453e+02 1.192453e+02 5.055363e+04 1.053274e+02 1.053274e+02 
1.690000e-02 1.662096e+06 1.126929e+02 1.126929e+02 4.869139e+04 9.960006e+01 9.960006e+01 
1.695000e-02 1.581031e+06 1.063567e+02 1.063567e+02 4.687991e+04 9.406355e+01 9.406355e+01 
1.700000e-02 1.503852e+06 1.000331e+02 1.000331e+02 4.513058e+04 8.846626e+01 8.846626e+01 
1.705000e-02 1.430404e+06 9.549890e+01 9.549890e+01 4.342880e+04 8.444503e+01 8.444503e+01 
1.710000e-02 1.360475e+06 8.771060e+01 8.771060e+01 4.179695e+04 7.736830e+01 7.736830e+01 
1.715000e-02 1.293927e+06 8.356470e+01 8.356470e+01 4.019723e+04 7.370732e+01 7.370732e+01 
1.720000e-02 1.230589e+06 7.956252e+01 7.956252e+01 3.867050e+04 7.017726e+01 7.017726e+01 
1.725000e-02 1.170305e+06 7.555794e+01 7.555794e+01 3.719399e+04 6.664506e+01 6.664506e+01 
1.730000e-02 1.112943e+06 7.181484e+01 7.181484e+01 3.572911e+04 6.334890e+01 6.334890e+01 
1.735000e-02 1.058350e+06 6.819655e+01 6.819655e+01 3.435079e+04 6.016541e+01 6.016541e+01 
1.740000e-02 1.006386e+06 6.352269e+01 6.352269e+01 3.301962e+04 5.599381e+01 5.599381e+01 
1.745000e-02 9.569333e+05 5.879880e+01 5.879880e+01 3.173355e+04 5.177792e+01 5.177792e+01 
1.750000e-02 9.098959e+05 5.539311e+01 5.539311e+01 3.049057e+04 4.879168e+01 4.879168e+01 
1.755000e-02 8.651195e+05 5.108794e+01 5.108794e+01 2.929029e+04 4.495128e+01 4.495128e+01 
1.760000e-02 8.225334e+05 4.818189e+01 4.818189e+01 2.813204e+04 4.241429e+01 4.241429e+01 
1.765000e-02 7.820045e+05 4.463159e+01 4.463159e+01 2.701384e+04 3.927645e+01 3.927645e+01 
1.770000e-02 7.434552e+05 4.129929e+01 4.129929e+01 2.593556e+04 3.632612e+01 3.632612e+01 
1.775000e-02 7.067731e+05 3.830863e+01 3.830863e+01 2.489635e+04 3.369126e+01 3.369126e+01 
1.780000e-02 6.718702e+05 3.440880e+01 3.440880e+01 2.389385e+04 3.019876e+01 3.019876e+01 
1.785000e-02 6.386811e+05 3.288536e+01 3.288536e+01 2.292830e+04 2.885989e+01 2.885989e+01 
1.790000e-02 6.071117e+05 3.137877e+01 3.137877e+01 2.199764e+04 2.753472e+01 2.753472e+01 
1.795000e-02 5.770582e+05 2.761756e+01 2.761756e+01 2.110081e+04 2.413604e+01 2.413604e+01 
1.800000e-02 5.485034e+05 2.630016e+01 2.630016e+01 2.023679e+04 2.298394e+01 2.298394e+01 
1.805000e-02 5.213081e+05 2.023773e+01 2.023773e+01 1.940351e+04 1.751411e+01 1.751411e+01 
1.810000e-02 4.954612e+05 1.926983e+01 1.926983e+01 1.860201e+04 1.667843e+01 1.667843e+01 
1.815000e-02 4.708957e+05 1.830180e+01 1.830180e+01 1.783023e+04 1.584265e+01 1.584265e+01 
1.820000e-02 4.475192e+05 1.733363e+01 1.733363e+01 1.708716e+04 1.500675e+01 1.500675e+01 
1.825000e-02 4.252908e+05 1.636529e+01 1.636529e+01 1.637176e+04 1.417069e+01 1.417069e+01 
1.830000e-02 4.041593e+05 1.541412e+01 1.541412e+01 1.567059e+04 1.334992e+01 1.334992e+01 
1.835000e-02 3.840533e+05 1.453783e+01 1.453783e+01 1.500945e+04 1.259586e+01 1.259586e+01 
1.840000e-02 3.649415e+05 1.366080e+01 1.366080e+01 1.437393e+04 1.184115e+01 1.184115e+01 
1.845000e-02 3.467728e+05 1.279485e+01 1.279485e+01 1.375279e+04 1.109620e+01 1.109620e+01 
1.850000e-02 3.294967e+05 1.205881e+01 1.205881e+01 1.316616e+04 1.046566e+01 1.046566e+01 
1.855000e-02 3.130611e+05 1.133176e+01 1.133176e+01 1.259935e+04 9.842937e+00 9.842937e+00 
1.860000e-02 2.974359e+05 1.071711e+01 1.071711e+01 1.205813e+04 9.317213e+00 9.317213e+00 
1.865000e-02 2.825908e+05 1.027923e+01 1.027923e+01 1.153788e+04 8.938218e+00 8.938218e+00 
1.870000e-02 2.684838e+05 9.865247e+00 9.865247e+00 1.103922e+04 8.578834e+00 8.578834e+00 
1.875000e-02 2.550636e+05 9.451232e+00 9.451232e+00 1.056004e+04 8.219423e+00 8.219423e+00 
1.880000e-02 2.423097e+05 9.037182e+00 9.037182e+00 1.009993e+04 7.859980e+00 7.859980e+00 
1.885000e-02 2.301852e+05 8.623090e+00 8.623090e+00 9.658465e+03 7.500500e+00 7.500500e+00 
1.890000e-02 2.186563e+05 8.208949e+00 8.208949e+00 9.234943e+03 7.140976e+00 7.140976e+00 
1.895000e-02 2.077054e+05 7.794750e+00 7.794750e+00 8.828539e+03 6.781402e+00 6.781402e+00 
1.900000e-02 1.972907e+05 7.380482e+00 7.380482e+00 8.438843e+03 6.421766e+00 6.421766e+00 
1.905000e-02 1.873885e+05 6.966131e+00 6.966131e+00 8.065138e+03 6.062057e+00 6.062057e+00 
1.910000e-02 1.779807e+05 5.040521e+00 5.040521e+00 7.706912e+03 4.340776e+00 4.340776e+00 
1.915000e-02 1.690427e+05 4.745517e+00 4.745517e+00 7.363549e+03 4.087955e+00 4.087955e+00 
1.920000e-02 1.605496e+05 4.450489e+00 4.450489e+00 7.034434e+03 3.835114e+00 3.835114e+00 
1.925000e-02 1.524715e+05 2.974274e+00 2.974274e+00 6.719157e+03 2.534028e+00 2.534028e+00 
1.930000e-02 1.448030e+05 2.773675e+00 2.773675e+00 6.417104e+03 2.364396e+00 2.364396e+00 
1.935000e-02 1.375150e+05 2.420086e+00 2.420086e+00 6.127761e+03 2.060191e+00 2.060191e+00 
1.940000e-02 1.305887e+05 2.047883e+00 2.047883e+00 5.848830e+03 1.739792e+00 1.739792e+00 
1.945000e-02 1.240104e+05 1.954522e+00 1.954522e+00 5.581236e+03 1.661122e+00 1.661122e+00 
1.950000e-02 1.177593e+05 1.882108e+00 1.882108e+00 5.327698e+03 1.599827e+00 1.599827e+00 
1.955000e-02 1.118207e+05 1.809692e+00 1.809692e+00 5.085232e+03 1.538532e+00 1.538532e+00 
1.960000e-02 1.061795e+05 1.737277e+00 1.737277e+00 4.853118e+03 1.477237e+00 1.477237e+00 
1.965000e-02 1.008180e+05 1.664862e+00 1.664862e+00 4.631050e+03 1.415942e+00 1.415942e+00 
1.970000e-02 9.572619e+04 1.592446e+00 1.592446e+00 4.418617e+03 1.354647e+00 1.354647e+00 
1.975000e-02 9.088959e+04 1.520030e+00 1.520030e+00 4.215512e+03 1.293351e+00 1.293351e+00 
1.980000e-02 8.629387e+04 1.447614e+00 1.447614e+00 4.021326e+03 1.232055e+00 1.232055e+00 
1.985000e-02 8.192879e+04 1.375197e+00 1.375197e+00 3.835647e+03 1.170759e+00 1.170759e+00 
1.990000e-02 7.778308e+04 1.302780e+00 1.302780e+00 3.658066e+03 1.109463e+00 1.109463e+00 
1.995000e-02 7.384442e+04 1.230362e+00 1.230362e+00 3.488480e+03 1.048166e+00 1.048166e+00 
2.000000e-02 7.010360e+04 1.157944e+00 1.157944e+00 3.326378e+03 9.868683e-01 9.868683e-01 
2.005000e-02 6.655037e+04 1.085525e+00 1.085525e+00 3.171451e+03 9.255703e-01 9.255703e-01 
2.010000e-02 6.317549e+04 1.013106e+00 1.013106e+00 3.023494e+03 8.642716e-01 8.642716e-01 
2.015000e-02 5.997180e+04 9.406850e-01 9.406850e-01 2.882097e+03 8.029720e-01 8.029720e-01 
2.020000e-02 5.692657e+04 5.988120e-01 5.988120e-01 2.747159e+03 5.064407e-01 5.064407e-01 
2.025000e-02 5.403366e+04 1.851693e-01 1.851693e-01 2.617826e+03 1.534614e-01 1.534614e-01 
2.030000e-02 5.128853e+04 1.783715e-01 1.783715e-01 2.494716e+03 1.478540e-01 1.478540e-01 
2.035000e-02 4.868178e+04 1.715737e-01 1.715737e-01 2.377346e+03 1.422466e-01 1.422466e-01 
2.040000e-02 4.620828e+04 1.647759e-01 1.647759e-01 2.265203e+03 1.366391e-01 1.366391e-01 
2.045000e-02 4.385677e+04 1.579781e-01 1.579781e-01 2.158186e+03 1.310317e-01 1.310317e-01 
2.050000e-02 4.162519e+04 1.511802e-01 1.511802e-01 2.056089e+03 1.254242e-01 1.254242e-01 
2.055000e-02 3.950637e+04 1.443824e-01 1.443824e-01 1.958605e+03 1.198167e-01 1.198167e-01 
2.060000e-02 3.749415e+04 1.375844e-01 1.375844e-01 1.865631e+03 1.142092e-01 1.142092e-01 
2.065000e-02 3.558341e+04 1.307865e-01 1.307865e-01 1.776962e+03 1.086016e-01 1.086016e-01 
2.070000e-02 3.377006e+04 1.239885e-01 1.239885e-01 1.692393e+03 1.029940e-01 1.029940e-01 
2.075000e-02 3.204793e+04 1.171905e-01 1.171905e-01 1.611720e+03 9.738641e-02 9.738641e-02 
2.080000e-02 3.041293e+04 1.103924e-01 1.103924e-01 1.534737e+03 9.177876e-02 9.177876e-02 
2.085000e-02 2.885993e+04 1.035943e-01 1.035943e-01 1.461341e+03 8.617108e-02 8.617108e-02 
2.090000e-02 2.738689e+04 9.679618e-02 9.679618e-02 1.391431e+03 8.056336e-02 8.056336e-02 
2.095000e-02 2.598766e+04 8.999799e-02 8.999799e-02 1.324699e+03 7.495561e-02 7.495561e-02 
2.100000e-02 2.465915e+04 8.319975e-02 8.319975e-02 1.261144e+03 6.934781e-02 6.934781e-02 
2.105000e-02 2.339863e+04 7.472335e-03 7.472335e-03 1.200543e+03 6.125508e-03 6.125508e-03 
2.110000e-02 2.220167e+04 7.195855e-03 7.195855e-03 1.142730e+03 5.899931e-03 5.899931e-03 
2.115000e-02 2.106560e+04 6.919374e-03 6.919374e-03 1.087684e+03 5.674352e-03 5.674352e-03 
2.120000e-02 1.998694e+04 6.642891e-03 6.642891e-03 1.035304e+03 5.448772e-03 5.448772e-03 
2.125000e-02 1.896342e+04 6.366407e-03 6.366407e-03 9.852711e+02 5.223191e-03 5.223191e-03 
2.130000e-02 1.799177e+04 6.089921e-03 6.089921e-03 9.376471e+02 4.997609e-03 4.997609e-03 
2.135000e-02 1.706973e+04 5.813433e-03 5.813433e-03 8.922680e+02 4.772026e-03 4.772026e-03 
2.140000e-02 1.619454e+04 5.536944e-03 5.536944e-03 8.490415e+02 4.546441e-03 4.546441e-03 
2.145000e-02 1.536374e+04 5.260453e-03 5.260453e-03 8.078753e+02 4.320854e-03 4.320854e-03 
2.150000e-02 1.457537e+04 4.983960e-03 4.983960e-03 7.686568e+02 4.095266e-03 4.095266e-03 
2.155000e-02 1.382718e+04 4.707466e-03 4.707466e-03 7.313038e+02 3.869677e-03 3.869677e-03 
2.160000e-02 1.311702e+04 4.430969e-03 4.430969e-03 6.957345e+02 3.644085e-03 3.644085e-03 
2.165000e-02 1.244315e+04 4.154470e-03 4.154470e-03 6.618565e+02 3.418492e-03 3.418492e-03 
2.170000e-02 1.180351e+04 3.877968e-03 3.877968e-03 6.295980e+02 3.192897e-03 3.192897e-03 
2.175000e-02 1.119658e+04 3.601464e-03 3.601464e-03 5.988772e+02 2.967300e-03 2.967300e-03 
2.180000e-02 1.062060e+04 3.324957e-03 3.324957e-03 5.696324e+02 2.741700e-03 2.741700e-03 
2.185000e-02 1.007412e+04 1.079555e-35 1.079555e-35 5.417920e+02 1.079555e-35 1.079555e-35 
2.190000e-02 9.555445e+03 1.079555e-35 1.079555e-35 5.152841e+02 1.079555e-35 1.079555e-35 
2.195000e-02 9.063317e+03 1.079555e-35 1.079555e-35 4.900575e+02 1.079555e-35 1.079555e-35 
2.200000e-02 8.596508e+03 1.079555e-35 1.079555e-35 4.660405e+02 1.079555e-35 1.079555e-35 
2.205000e-02 8.153377e+03 1.079555e-35 1.079555e-35 4.431818e+02 1.079555e-35 1.079555e-35 
2.210000e-02 7.733003e+03 1.079555e-35 1.079555e-35 4.214302e+02 1.079555e-35 1.079555e-35 
2.215000e-02 7.334155e+03 1.079555e-35 1.079555e-35 4.007241e+02 1.079555e-35 1.079555e-35 
2.220000e-02 6.955705e+03 1.079555e-35 1.079555e-35 3.810123e+02 1.079555e-35 1.079555e-35 
2.225000e-02 6.596629e+03 1.079555e-35 1.079555e-35 3.622641e+02 1.079555e-35 1.079555e-35 
2.230000e-02 6.256003e+03 1.079555e-35 1.079555e-35 3.444179e+02 1.079555e-35 1.079555e-35 
2.235000e-02 5.932804e+03 1.079555e-35 1.079555e-35 3.274431e+02 1.079555e-35 1.079555e-35 
2.240000e-02 5.626211e+03 1.079555e-35 1.079555e-35 3.112882e+02 1.079555e-35 1.079555e-35 
2.245000e-02 5.335300e+03 1.079555e-35 1.079555e-35 2.959227e+02 1.079555e-35 1.079555e-35 
2.250000e-02 5.059459e+03 1.079555e-35 1.079555e-35 2.813054e+02 1.079555e-35 1.079555e-35 
2.255000e-02 4.797660e+03 1.079555e-35 1.079555e-35 2.673954e+02 1.079555e-35 1.079555e-35 
2.260000e-02 4.549392e+03 1.079555e-35 1.079555e-35 2.541620e+02 1.079555e-35 1.079555e-35 
2.265000e-02 4.313835e+03 1.079555e-35 1.079555e-35 2.415846e+02 1.079555e-35 1.079555e-35 
2.270000e-02 4.090373e+03 1.079555e-35 1.079555e-35 2.296120e+02 1.079555e-35 1.079555e-35 
2.275000e-02 3.878495e+03 1.079555e-35 1.079555e-35 2.182236e+02 1.079555e-35 1.079555e-35 
2.280000e-02 3.677482e+03 1.079555e-35 1.079555e-35 2.073888e+02 1.079555e-35 1.079555e-35 
2.285000e-02 3.486822e+03 1.079555e-35 1.079555e-35 1.970973e+02 1.079555e-35 1.079555e-35 
2.290000e-02 3.306002e+03 1.079555e-35 1.079555e-35 1.872978e+02 1.079555e-35 1.079555e-35 
2.295000e-02 3.134408e+03 1.079555e-35 1.079555e-35 1.779800e+02 1.079555e-35 1.079555e-35 
2.300000e-02 2.971732e+03 1.079555e-35 1.079555e-35 1.691236e+02 1.079555e-35 1.079555e-35 
2.305000e-02 2.817462e+03 1.079555e-35 1.079555e-35 1.607079e+02 1.079555e-35 1.079555e-35 
2.310000e-02 2.671084e+03 1.079555e-35 1.079555e-35 1.527022e+02 1.079555e-35 1.079555e-35 
2.315000e-02 2.532394e+03 1.079555e-35 1.079555e-35 1.450861e+02 1.079555e-35 1.079555e-35 
2.320000e-02 2.400696e+03 1.079555e-35 1.079555e-35 1.378492e+02 1.079555e-35 1.079555e-35 
2.325000e-02 2.275895e+03 1.079555e-35 1.079555e-35 1.309608e+02 1.079555e-35 1.079555e-35 
2.330000e-02 2.157491e+03 1.079555e-35 1.079555e-35 1.244210e+02 1.079555e-35 1.079555e-35 
2.335000e-02 2.045228e+03 1.079555e-35 1.079555e-35 1.181989e+02 1.079555e-35 1.079555e-35 
2.340000e-02 1.938776e+03 1.079555e-35 1.079555e-35 1.122843e+02 1.079555e-35 1.079555e-35 
2.345000e-02 1.837910e+03 1.079555e-35 1.079555e-35 1.066671e+02 1.079555e-35 1.079555e-35 
2.350000e-02 1.742160e+03 1.079555e-35 1.079555e-35 1.013245e+02 1.079555e-35 1.079555e-35 
2.355000e-02 1.651392e+03 1.079555e-35 1.079555e-35 9.624636e+01 1.079555e-35 1.079555e-35 
2.360000e-02 1.565339e+03 1.079555e-35 1.079555e-35 9.142041e+01 1.079555e-35 1.079555e-35 
2.365000e-02 1.483734e+03 1.079555e-35 1.079555e-35 8.683330e+01 1.079555e-35 1.079555e-35 
2.370000e-02 1.406353e+03 1.079555e-35 1.079555e-35 8.247375e+01 1.079555e-35 1.079555e-35 
2.375000e-02 1.332990e+03 1.079555e-35 1.079555e-35 7.833048e+01 1.079555e-35 1.079555e-35 
2.380000e-02 1.263430e+03 1.079555e-35 1.079555e-35 7.439325e+01 1.079555e-35 1.079555e-35 
2.385000e-02 1.197488e+03 1.079555e-35 1.079555e-35 7.065078e+01 1.079555e-35 1.079555e-35 
2.390000e-02 1.134960e+03 1.079555e-35 1.079555e-35 6.709590e+01 1.079555e-35 1.079555e-35 
2.395000e-02 1.075681e+03 1.079555e-35 1.079555e-35 6.371732e+01 1.079555e-35 1.079555e-35 
2.400000e-02 1.019477e+03 1.079555e-35 1.079555e-35 6.050685e+01 1.079555e-35 1.079555e-35 
2.405000e-02 9.661846e+02 1.079555e-35 1.079555e-35 5.745629e+01 1.079555e-35 1.079555e-35 
2.410000e-02 9.156700e+02 1.079555e-35 1.079555e-35 5.455847e+01 1.079555e-35 1.079555e-35 
2.415000e-02 8.677897e+02 1.079555e-35 1.079555e-35 5.180517e+01 1.079555e-35 1.079555e-35 
2.420000e-02 8.224003e+02 1.079555e-35 1.079555e-35 4.918924e+01 1.079555e-35 1.079555e-35 
2.425000e-02 7.793584e+02 1.079555e-35 1.079555e-35 4.670451e+01 1.079555e-35 1.079555e-35 
2.430000e-02 7.385510e+02 1.079555e-35 1.079555e-35 4.434279e+01 1.079555e-35 1.079555e-35 
2.435000e-02 6.998860e+02 1.079555e-35 1.079555e-35 4.210099e+01 1.079555e-35 1.079555e-35 
2.440000e-02 6.632198e+02 1.079555e-35 1.079555e-35 3.996991e+01 1.079555e-35 1.079555e-35 
2.445000e-02 6.284807e+02 1.079555e-35 1.079555e-35 3.794645e+01 1.079555e-35 1.079555e-35 
2.450000e-02 5.955355e+02 1.079555e-35 1.079555e-35 3.602448e+01 1.079555e-35 1.079555e-35 
2.455000e-02 5.643124e+02 1.079555e-35 1.079555e-35 3.419783e+01 1.079555e-35 1.079555e-35 
2.460000e-02 5.347191e+02 1.079555e-35 1.079555e-35 3.246344e+01 1.079555e-35 1.079555e-35 
2.465000e-02 5.066736e+02 1.079555e-35 1.079555e-35 3.081721e+01 1.079555e-35 1.079555e-35 
2.470000e-02 4.800940e+02 1.079555e-35 1.079555e-35 2.925297e+01 1.079555e-35 1.079555e-35 
2.475000e-02 4.548879e+02 1.079555e-35 1.079555e-35 2.776665e+01 1.079555e-35 1.079555e-35 
2.480000e-02 4.310145e+02 1.079555e-35 1.079555e-35 2.635617e+01 1.079555e-35 1.079555e-35 
2.485000e-02 4.083813e+02 1.079555e-35 1.079555e-35 2.501643e+01 1.079555e-35 1.079555e-35 
2.490000e-02 3.869167e+02 1.079555e-35 1.079555e-35 2.374331e+01 1.079555e-35 1.079555e-35 
2.495000e-02 3.665898e+02 1.079555e-35 1.079555e-35 2.253477e+01 1.079555e-35 1.079555e-35 
2.500000e-02 3.473188e+02 1.079555e-35 1.079555e-35 2.138774e+01 1.079555e-35 1.079555e-35 
