       0	        0	        0	        0	        0	        0	        0	 
   5e-05	 5.97182e+06	 6.71791e+06	 6.71791e+06	  3735.67	 8.49734e+06	 8.49734e+06	 
  0.0001	 2.37593e+07	 2.67209e+07	 2.67209e+07	  68721.1	 3.32636e+07	 3.32636e+07	 
 0.00015	 5.38123e+07	 6.04883e+07	 6.04883e+07	   409522	 7.43544e+07	 7.43544e+07	 
  0.0002	 9.33913e+07	 1.04877e+08	 1.04877e+08	 1.51389e+06	 1.33224e+08	 1.33224e+08	 
 0.00025	 1.51912e+08	 1.70394e+08	 1.70394e+08	 4.07545e+06	 2.11731e+08	 2.11731e+08	 
  0.0003	 2.28972e+08	 2.56516e+08	 2.56516e+08	 8.63859e+06	 3.09593e+08	 3.09593e+08	 
 0.00035	 3.21126e+08	 3.59351e+08	 3.59351e+08	 1.53522e+07	 4.24611e+08	 4.24611e+08	 
  0.0004	 4.29405e+08	 4.80026e+08	 4.80026e+08	 2.44824e+07	 5.55025e+08	 5.55025e+08	 
 0.00045	 5.52489e+08	 6.17087e+08	 6.17087e+08	 3.57559e+07	 6.97405e+08	 6.97405e+08	 
  0.0005	 6.84689e+08	 7.64133e+08	 7.64133e+08	 4.92057e+07	 8.49484e+08	 8.49484e+08	 
 0.00055	 8.346e+08	 9.30901e+08	 9.30901e+08	 6.4268e+07	 1.00772e+09	 1.00772e+09	 
  0.0006	 9.96365e+08	 1.11089e+09	 1.11089e+09	 8.02356e+07	 1.16933e+09	 1.16933e+09	 
 0.00065	 1.16687e+09	 1.30062e+09	 1.30062e+09	 9.69974e+07	 1.33224e+09	 1.33224e+09	 
  0.0007	 1.34611e+09	 1.5001e+09	 1.5001e+09	 1.143e+08	 1.49485e+09	 1.49485e+09	 
 0.00075	 1.53189e+09	 1.70695e+09	 1.70695e+09	 1.31589e+08	 1.65507e+09	 1.65507e+09	 
  0.0008	 1.72285e+09	 1.91964e+09	 1.91964e+09	 1.48631e+08	 1.81128e+09	 1.81128e+09	 
 0.00085	 1.91755e+09	 2.13661e+09	 2.13661e+09	 1.65263e+08	 1.9622e+09	 1.9622e+09	 
  0.0009	 2.11718e+09	 2.35918e+09	 2.35918e+09	 1.81372e+08	 2.10669e+09	 2.10669e+09	 
 0.00095	 2.31677e+09	 2.58181e+09	 2.58181e+09	 1.9671e+08	 2.24318e+09	 2.24318e+09	 
   0.001	 2.51708e+09	 2.80534e+09	 2.80534e+09	 2.11203e+08	 2.3713e+09	 2.3713e+09	 
 0.00105	 2.71706e+09	 3.02862e+09	 3.02862e+09	 2.24847e+08	 2.49042e+09	 2.49042e+09	 
  0.0011	 2.91551e+09	 3.2503e+09	 3.2503e+09	 2.3746e+08	 2.60043e+09	 2.60043e+09	 
 0.00115	 3.1117e+09	 3.46957e+09	 3.46957e+09	 2.49044e+08	 2.70108e+09	 2.70108e+09	 
  0.0012	 3.30566e+09	 3.68645e+09	 3.68645e+09	 2.59618e+08	 2.79171e+09	 2.79171e+09	 
 0.00125	 3.49535e+09	 3.89867e+09	 3.89867e+09	 2.69133e+08	 2.87181e+09	 2.87181e+09	 
  0.0013	 3.68046e+09	 4.10586e+09	 4.10586e+09	 2.77597e+08	 2.94159e+09	 2.94159e+09	 
 0.00135	 3.86008e+09	 4.30702e+09	 4.30702e+09	 2.84932e+08	 3.00117e+09	 3.00117e+09	 
  0.0014	 4.03384e+09	 4.50172e+09	 4.50172e+09	 2.91182e+08	 3.05101e+09	 3.05101e+09	 
 0.00145	 4.20071e+09	 4.6888e+09	 4.6888e+09	 2.96399e+08	 3.09114e+09	 3.09114e+09	 
  0.0015	 4.36063e+09	 4.86818e+09	 4.86818e+09	 3.00643e+08	 3.12165e+09	 3.12165e+09	 
 0.00155	 4.51518e+09	 5.04162e+09	 5.04162e+09	 3.04049e+08	 3.14352e+09	 3.14352e+09	 
  0.0016	 4.65962e+09	 5.20384e+09	 5.20384e+09	 3.06334e+08	 3.15636e+09	 3.15636e+09	 
 0.00165	 4.79549e+09	 5.35652e+09	 5.35652e+09	 3.07712e+08	 3.16065e+09	 3.16065e+09	 
  0.0017	 4.92298e+09	 5.49986e+09	 5.49986e+09	 3.08368e+08	 3.15725e+09	 3.15725e+09	 
 0.00175	 5.04085e+09	 5.63248e+09	 5.63248e+09	 3.0827e+08	 3.14645e+09	 3.14645e+09	 
  0.0018	 5.15032e+09	 5.75575e+09	 5.75575e+09	 3.07443e+08	 3.1284e+09	 3.1284e+09	 
 0.00185	 5.25097e+09	 5.86916e+09	 5.86916e+09	 3.05946e+08	 3.10354e+09	 3.10354e+09	 
  0.0019	 5.34206e+09	 5.9719e+09	 5.9719e+09	 3.03878e+08	 3.07253e+09	 3.07253e+09	 
 0.00195	 5.42356e+09	 6.06391e+09	 6.06391e+09	 3.01216e+08	 3.03571e+09	 3.03571e+09	 
   0.002	 5.49571e+09	 6.14549e+09	 6.14549e+09	 2.98022e+08	 2.99319e+09	 2.99319e+09	 
 0.00205	 5.55874e+09	 6.21685e+09	 6.21685e+09	 2.94398e+08	 2.94587e+09	 2.94587e+09	 
  0.0021	 5.61228e+09	 6.2776e+09	 6.2776e+09	 2.90329e+08	 2.8939e+09	 2.8939e+09	 
 0.00215	 5.65726e+09	 6.32874e+09	 6.32874e+09	 2.85919e+08	 2.83802e+09	 2.83802e+09	 
  0.0022	 5.69311e+09	 6.36967e+09	 6.36967e+09	 2.81145e+08	 2.77859e+09	 2.77859e+09	 
 0.00225	 5.72021e+09	 6.4008e+09	 6.4008e+09	 2.7605e+08	 2.71585e+09	 2.71585e+09	 
  0.0023	 5.73866e+09	 6.42222e+09	 6.42222e+09	 2.70688e+08	 2.65029e+09	 2.65029e+09	 
 0.00235	 5.74902e+09	 6.43457e+09	 6.43457e+09	 2.65157e+08	 2.58234e+09	 2.58234e+09	 
  0.0024	 5.75145e+09	 6.43803e+09	 6.43803e+09	 2.59392e+08	 2.5123e+09	 2.5123e+09	 
 0.00245	 5.74672e+09	 6.43344e+09	 6.43344e+09	 2.53502e+08	 2.4406e+09	 2.4406e+09	 
  0.0025	 5.73449e+09	 6.42043e+09	 6.42043e+09	 2.47523e+08	 2.36771e+09	 2.36771e+09	 
 0.00255	 5.71529e+09	 6.39959e+09	 6.39959e+09	 2.4146e+08	 2.29386e+09	 2.29386e+09	 
  0.0026	 5.68937e+09	 6.3712e+09	 6.3712e+09	 2.35286e+08	 2.21926e+09	 2.21926e+09	 
 0.00265	 5.65722e+09	 6.33581e+09	 6.33581e+09	 2.2905e+08	 2.14419e+09	 2.14419e+09	 
  0.0027	 5.61923e+09	 6.29385e+09	 6.29385e+09	 2.22804e+08	 2.06902e+09	 2.06902e+09	 
 0.00275	 5.57566e+09	 6.24562e+09	 6.24562e+09	 2.16527e+08	 1.994e+09	 1.994e+09	 
  0.0028	 5.52905e+09	 6.19396e+09	 6.19396e+09	 2.10277e+08	 1.91943e+09	 1.91943e+09	 
 0.00285	 5.47578e+09	 6.13481e+09	 6.13481e+09	 2.04037e+08	 1.84539e+09	 1.84539e+09	 
  0.0029	 5.41806e+09	 6.07065e+09	 6.07065e+09	 1.97849e+08	 1.77205e+09	 1.77205e+09	 
 0.00295	 5.35613e+09	 6.00175e+09	 6.00175e+09	 1.91698e+08	 1.6997e+09	 1.6997e+09	 
   0.003	 5.2904e+09	 5.92856e+09	 5.92856e+09	 1.856e+08	 1.62837e+09	 1.62837e+09	 
 0.00305	 5.22103e+09	 5.85128e+09	 5.85128e+09	 1.7951e+08	 1.55819e+09	 1.55819e+09	 
  0.0031	 5.14859e+09	 5.77053e+09	 5.77053e+09	 1.73542e+08	 1.4895e+09	 1.4895e+09	 
 0.00315	 5.07335e+09	 5.68662e+09	 5.68662e+09	 1.67735e+08	 1.42253e+09	 1.42253e+09	 
  0.0032	 4.99534e+09	 5.59957e+09	 5.59957e+09	 1.61946e+08	 1.35706e+09	 1.35706e+09	 
 0.00325	 4.91504e+09	 5.50994e+09	 5.50994e+09	 1.56295e+08	 1.29332e+09	 1.29332e+09	 
  0.0033	 4.83286e+09	 5.41817e+09	 5.41817e+09	 1.50835e+08	 1.23162e+09	 1.23162e+09	 
 0.00335	 4.74867e+09	 5.32413e+09	 5.32413e+09	 1.45448e+08	 1.17162e+09	 1.17162e+09	 
  0.0034	 4.66317e+09	 5.22859e+09	 5.22859e+09	 1.40282e+08	 1.11384e+09	 1.11384e+09	 
 0.00345	 4.57602e+09	 5.13119e+09	 5.13119e+09	 1.3517e+08	 1.05771e+09	 1.05771e+09	 
  0.0035	 4.48768e+09	 5.03243e+09	 5.03243e+09	 1.30122e+08	 1.00343e+09	 1.00343e+09	 
 0.00355	 4.39839e+09	 4.93259e+09	 4.93259e+09	 1.25257e+08	 9.51226e+08	 9.51226e+08	 
  0.0036	 4.30845e+09	 4.83199e+09	 4.83199e+09	 1.20571e+08	 9.0116e+08	 9.0116e+08	 
 0.00365	 4.21764e+09	 4.73041e+09	 4.73041e+09	 1.15936e+08	 8.52805e+08	 8.52805e+08	 
  0.0037	 4.1264e+09	 4.62833e+09	 4.62833e+09	 1.11415e+08	 8.06404e+08	 8.06404e+08	 
 0.00375	 4.03482e+09	 4.52584e+09	 4.52584e+09	 1.0702e+08	 7.61924e+08	 7.61924e+08	 
  0.0038	 3.94302e+09	 4.4231e+09	 4.4231e+09	 1.02759e+08	 7.19354e+08	 7.19354e+08	 
 0.00385	 3.85127e+09	 4.3204e+09	 4.3204e+09	 9.86523e+07	 6.78764e+08	 6.78764e+08	 
  0.0039	 3.75945e+09	 4.2176e+09	 4.2176e+09	 9.4611e+07	 6.39843e+08	 6.39843e+08	 
 0.00395	 3.66784e+09	 4.11503e+09	 4.11503e+09	 9.06807e+07	 6.02667e+08	 6.02667e+08	 
   0.004	 3.57657e+09	 4.01282e+09	 4.01282e+09	 8.69302e+07	 5.67437e+08	 5.67437e+08	 
 0.00405	 3.48614e+09	 3.91154e+09	 3.91154e+09	 8.33272e+07	 5.33996e+08	 5.33996e+08	 
  0.0041	 3.39594e+09	 3.8105e+09	 3.8105e+09	 7.98312e+07	 5.02149e+08	 5.02149e+08	 
 0.00415	 3.30638e+09	 3.71016e+09	 3.71016e+09	 7.64767e+07	 4.72003e+08	 4.72003e+08	 
  0.0042	 3.21762e+09	 3.6107e+09	 3.6107e+09	 7.32888e+07	 4.43558e+08	 4.43558e+08	 
 0.00425	 3.12965e+09	 3.51212e+09	 3.51212e+09	 7.02096e+07	 4.16576e+08	 4.16576e+08	 
  0.0043	 3.04234e+09	 3.41427e+09	 3.41427e+09	 6.71839e+07	 3.90938e+08	 3.90938e+08	 
 0.00435	 2.95604e+09	 3.31755e+09	 3.31755e+09	 6.42943e+07	 3.66775e+08	 3.66775e+08	 
  0.0044	 2.87065e+09	 3.22183e+09	 3.22183e+09	 6.14954e+07	 3.43894e+08	 3.43894e+08	 
 0.00445	 2.78626e+09	 3.12723e+09	 3.12723e+09	 5.87711e+07	 3.22257e+08	 3.22257e+08	 
  0.0045	 2.70296e+09	 3.03384e+09	 3.03384e+09	 5.61669e+07	 3.01918e+08	 3.01918e+08	 
 0.00455	 2.62077e+09	 2.94169e+09	 2.94169e+09	 5.36496e+07	 2.82759e+08	 2.82759e+08	 
  0.0046	 2.5398e+09	 2.8509e+09	 2.8509e+09	 5.1232e+07	 2.64716e+08	 2.64716e+08	 
 0.00465	 2.46029e+09	 2.76174e+09	 2.76174e+09	 4.89344e+07	 2.47886e+08	 2.47886e+08	 
  0.0047	 2.38181e+09	 2.67372e+09	 2.67372e+09	 4.66953e+07	 2.31986e+08	 2.31986e+08	 
 0.00475	 2.30473e+09	 2.58728e+09	 2.58728e+09	 4.45436e+07	 2.17045e+08	 2.17045e+08	 
  0.0048	 2.22903e+09	 2.50237e+09	 2.50237e+09	 4.25059e+07	 2.03088e+08	 2.03088e+08	 
 0.00485	 2.15471e+09	 2.41901e+09	 2.41901e+09	 4.05413e+07	 1.89974e+08	 1.89974e+08	 
  0.0049	 2.08186e+09	 2.33728e+09	 2.33728e+09	 3.86738e+07	 1.75301e+08	 1.75301e+08	 
 0.00495	 2.01044e+09	 2.25716e+09	 2.25716e+09	 3.68706e+07	 1.6437e+08	 1.6437e+08	 
   0.005	 1.94037e+09	 2.17856e+09	 2.17856e+09	 3.50901e+07	 1.53922e+08	 1.53922e+08	 
 0.00505	 1.87199e+09	 2.10183e+09	 2.10183e+09	 3.34291e+07	 1.44189e+08	 1.44189e+08	 
  0.0051	 1.80503e+09	 2.0267e+09	 2.0267e+09	 3.18299e+07	 1.35003e+08	 1.35003e+08	 
 0.00515	 1.73977e+09	 1.95347e+09	 1.95347e+09	 3.03378e+07	 1.26459e+08	 1.26459e+08	 
  0.0052	 1.67598e+09	 1.88188e+09	 1.88188e+09	 2.88897e+07	 1.18346e+08	 1.18346e+08	 
 0.00525	 1.6137e+09	 1.812e+09	 1.812e+09	 2.74664e+07	 1.10666e+08	 1.10666e+08	 
  0.0053	 1.55312e+09	 1.74401e+09	 1.74401e+09	 2.61528e+07	 1.03595e+08	 1.03595e+08	 
 0.00535	 1.49412e+09	 1.67779e+09	 1.67779e+09	 2.49001e+07	 9.69571e+07	 9.69571e+07	 
  0.0054	 1.4367e+09	 1.61334e+09	 1.61334e+09	 2.37012e+07	 9.07629e+07	 9.07629e+07	 
 0.00545	 1.38083e+09	 1.55063e+09	 1.55063e+09	 2.2546e+07	 8.49283e+07	 8.49283e+07	 
  0.0055	 1.32651e+09	 1.48967e+09	 1.48967e+09	 2.14319e+07	 7.94116e+07	 7.94116e+07	 
 0.00555	 1.27382e+09	 1.43051e+09	 1.43051e+09	 2.03523e+07	 7.42223e+07	 7.42223e+07	 
  0.0056	 1.22266e+09	 1.37309e+09	 1.37309e+09	 1.93277e+07	 6.93774e+07	 6.93774e+07	 
 0.00565	 1.17304e+09	 1.31739e+09	 1.31739e+09	 1.83409e+07	 6.48094e+07	 6.48094e+07	 
  0.0057	 1.12505e+09	 1.26352e+09	 1.26352e+09	 1.74105e+07	 6.05597e+07	 6.05597e+07	 
 0.00575	 1.07857e+09	 1.21134e+09	 1.21134e+09	 1.65195e+07	 5.65754e+07	 5.65754e+07	 
  0.0058	 1.03358e+09	 1.16083e+09	 1.16083e+09	 1.56814e+07	 5.28773e+07	 5.28773e+07	 
 0.00585	 9.90168e+08	 1.11209e+09	 1.11209e+09	 1.48793e+07	 4.93682e+07	 4.93682e+07	 
  0.0059	 9.48181e+08	 1.06495e+09	 1.06495e+09	 1.4117e+07	 4.61692e+07	 4.61692e+07	 
 0.00595	 9.07735e+08	 1.01954e+09	 1.01954e+09	 1.34104e+07	 4.32033e+07	 4.32033e+07	 
   0.006	 8.68678e+08	 9.7568e+08	 9.7568e+08	 1.27469e+07	 4.04613e+07	 4.04613e+07	 
 0.00605	 8.31021e+08	 9.33397e+08	 9.33397e+08	 1.21018e+07	 3.78793e+07	 3.78793e+07	 
  0.0061	 7.94705e+08	 8.92619e+08	 8.92619e+08	 1.14714e+07	 3.54269e+07	 3.54269e+07	 
 0.00615	 7.59729e+08	 8.53346e+08	 8.53346e+08	 1.08762e+07	 3.3093e+07	 3.3093e+07	 
  0.0062	 7.26044e+08	 8.15521e+08	 8.15521e+08	 1.02988e+07	 3.0958e+07	 3.0958e+07	 
 0.00625	 6.93662e+08	 7.79158e+08	 7.79158e+08	 9.75999e+06	 2.89881e+07	 2.89881e+07	 
  0.0063	 6.62506e+08	 7.44173e+08	 7.44173e+08	 9.24211e+06	 2.713e+07	 2.713e+07	 
 0.00635	 6.32566e+08	 7.10551e+08	 7.10551e+08	 8.74788e+06	 2.53984e+07	 2.53984e+07	 
  0.0064	 6.03785e+08	 6.78232e+08	 6.78232e+08	 8.26732e+06	 2.37561e+07	 2.37561e+07	 
 0.00645	 5.76174e+08	 6.47225e+08	 6.47225e+08	 7.81934e+06	 2.21735e+07	 2.21735e+07	 
  0.0065	 5.49688e+08	 6.17481e+08	 6.17481e+08	 7.39874e+06	 2.07884e+07	 2.07884e+07	 
 0.00655	 5.24321e+08	 5.88992e+08	 5.88992e+08	 7.01069e+06	 1.95254e+07	 1.95254e+07	 
  0.0066	 4.99986e+08	 5.61661e+08	 5.61661e+08	 6.63998e+06	 1.8335e+07	 1.8335e+07	 
 0.00665	 4.76658e+08	 5.35461e+08	 5.35461e+08	 6.28508e+06	 1.72186e+07	 1.72186e+07	 
  0.0067	 4.54332e+08	 5.10384e+08	 5.10384e+08	 5.959e+06	 1.62047e+07	 1.62047e+07	 
 0.00675	 4.32916e+08	 4.86331e+08	 4.86331e+08	 5.64063e+06	 1.52038e+07	 1.52038e+07	 
  0.0068	 4.12435e+08	 4.63327e+08	 4.63327e+08	 5.33881e+06	 1.43104e+07	 1.43104e+07	 
 0.00685	 3.92829e+08	 4.41306e+08	 4.41306e+08	 5.05048e+06	 1.34753e+07	 1.34753e+07	 
  0.0069	 3.74066e+08	 4.20232e+08	 4.20232e+08	 4.77217e+06	 1.26816e+07	 1.26816e+07	 
 0.00695	 3.56108e+08	 4.00063e+08	 4.00063e+08	 4.50438e+06	 1.19341e+07	 1.19341e+07	 
   0.007	 3.38935e+08	 3.80775e+08	 3.80775e+08	 4.24662e+06	 1.12276e+07	 1.12276e+07	 
 0.00705	 3.22533e+08	 3.62353e+08	 3.62353e+08	 4.0077e+06	 1.0582e+07	 1.0582e+07	 
  0.0071	 3.06874e+08	 3.44764e+08	 3.44764e+08	 3.78598e+06	 9.97506e+06	 9.97506e+06	 
 0.00715	 2.91937e+08	 3.27985e+08	 3.27985e+08	 3.57785e+06	 9.43493e+06	 9.43493e+06	 
  0.0072	 2.77653e+08	 3.11941e+08	 3.11941e+08	 3.37536e+06	 8.91817e+06	 8.91817e+06	 
 0.00725	 2.64023e+08	 2.96631e+08	 2.96631e+08	 3.18744e+06	 8.44412e+06	 8.44412e+06	 
  0.0073	 2.51027e+08	 2.82032e+08	 2.82032e+08	 3.01028e+06	 8.00275e+06	 8.00275e+06	 
 0.00735	 2.38631e+08	 2.68107e+08	 2.68107e+08	 2.84636e+06	 7.59789e+06	 7.59789e+06	 
  0.0074	 2.26815e+08	 2.54833e+08	 2.54833e+08	 2.69482e+06	 7.21551e+06	 7.21551e+06	 
 0.00745	 2.15539e+08	 2.42165e+08	 2.42165e+08	 2.54492e+06	 6.86376e+06	 6.86376e+06	 
  0.0075	 2.04787e+08	 2.30088e+08	 2.30088e+08	 2.40293e+06	 6.53585e+06	 6.53585e+06	 
 0.00755	 1.94532e+08	 2.18567e+08	 2.18567e+08	 2.26517e+06	 6.22312e+06	 6.22312e+06	 
  0.0076	 1.84759e+08	 2.07589e+08	 2.07589e+08	 2.13452e+06	 5.93198e+06	 5.93198e+06	 
 0.00765	 1.75444e+08	 1.97125e+08	 1.97125e+08	 2.01158e+06	 5.66343e+06	 5.66343e+06	 
  0.0077	 1.66577e+08	 1.87165e+08	 1.87165e+08	 1.89549e+06	 5.40215e+06	 5.40215e+06	 
 0.00775	 1.58142e+08	 1.77688e+08	 1.77688e+08	 1.78772e+06	 5.17764e+06	 5.17764e+06	 
  0.0078	 1.50277e+08	 1.68853e+08	 1.68853e+08	 1.68401e+06	 4.9664e+06	 4.9664e+06	 
 0.00785	 1.42649e+08	 1.60284e+08	 1.60284e+08	 1.58356e+06	 4.7639e+06	 4.7639e+06	 
  0.0079	 1.35396e+08	 1.52136e+08	 1.52136e+08	 1.49087e+06	 4.57991e+06	 4.57991e+06	 
 0.00795	 1.28503e+08	 1.44392e+08	 1.44392e+08	 1.406e+06	 4.41456e+06	 4.41456e+06	 
   0.008	 1.21951e+08	 1.3703e+08	 1.3703e+08	 1.3279e+06	 4.25829e+06	 4.25829e+06	 
 0.00805	 1.15722e+08	 1.30032e+08	 1.30032e+08	 1.25477e+06	 4.12061e+06	 4.12061e+06	 
  0.0081	 1.09798e+08	 1.23376e+08	 1.23376e+08	 1.18378e+06	 3.98927e+06	 3.98927e+06	 
 0.00815	 1.04159e+08	 1.17041e+08	 1.17041e+08	 1.11586e+06	 3.86491e+06	 3.86491e+06	 
  0.0082	 9.87994e+07	 1.11019e+08	 1.11019e+08	 1.05178e+06	 3.75014e+06	 3.75014e+06	 
 0.00825	 9.37066e+07	 1.05297e+08	 1.05297e+08	   989856	 3.6401e+06	 3.6401e+06	 
  0.0083	 8.88619e+07	 9.98543e+07	 9.98543e+07	   931504	 3.53822e+06	 3.53822e+06	 
 0.00835	 8.42577e+07	 9.46814e+07	 9.46814e+07	   876513	 3.44196e+06	 3.44196e+06	 
  0.0084	 7.99158e+07	 8.98032e+07	 8.98032e+07	   825170	 3.35593e+06	 3.35593e+06	 
 0.00845	 7.57616e+07	 8.51358e+07	 8.51358e+07	   774973	 3.27146e+06	 3.27146e+06	 
  0.0085	 7.18154e+07	 8.07023e+07	 8.07023e+07	   727922	 3.19335e+06	 3.19335e+06	 
 0.00855	 6.80681e+07	 7.64919e+07	 7.64919e+07	   684061	 3.1208e+06	 3.1208e+06	 
  0.0086	 6.45108e+07	 7.2495e+07	 7.2495e+07	   643687	 3.05446e+06	 3.05446e+06	 
 0.00865	 6.11341e+07	 6.87009e+07	 6.87009e+07	   606375	 2.99291e+06	 2.99291e+06	 
  0.0087	 5.79305e+07	 6.5101e+07	 6.5101e+07	   572497	 2.93746e+06	 2.93746e+06	 
 0.00875	 5.48867e+07	 6.16808e+07	 6.16808e+07	   539775	 2.88217e+06	 2.88217e+06	 
  0.0088	 5.19954e+07	 5.84318e+07	 5.84318e+07	   508626	 2.82992e+06	 2.82992e+06	 
 0.00885	 4.92485e+07	 5.53453e+07	 5.53453e+07	   478461	 2.77811e+06	 2.77811e+06	 
  0.0089	 4.66417e+07	 5.24163e+07	 5.24163e+07	   450324	 2.72967e+06	 2.72967e+06	 
 0.00895	 4.41655e+07	 4.96338e+07	 4.96338e+07	   423583	 2.68271e+06	 2.68271e+06	 
   0.009	 4.18142e+07	 4.69919e+07	 4.69919e+07	   397528	 2.63555e+06	 2.63555e+06	 
 0.00905	 3.95844e+07	 4.44863e+07	 4.44863e+07	   373770	 2.5918e+06	 2.5918e+06	 
  0.0091	 3.74671e+07	 4.2107e+07	 4.2107e+07	   351023	 2.54851e+06	 2.54851e+06	 
 0.00915	 3.54569e+07	 3.98484e+07	 3.98484e+07	   328760	 2.50478e+06	 2.50478e+06	 
  0.0092	 3.35514e+07	 3.77072e+07	 3.77072e+07	   308414	 2.46311e+06	 2.46311e+06	 
 0.00925	 3.17452e+07	 3.56775e+07	 3.56775e+07	   289947	 2.42221e+06	 2.42221e+06	 
  0.0093	 3.00314e+07	 3.37517e+07	 3.37517e+07	   272074	 2.38204e+06	 2.38204e+06	 
 0.00935	 2.84096e+07	 3.19291e+07	 3.19291e+07	   256600	 2.34476e+06	 2.34476e+06	 
  0.0094	 2.68721e+07	 3.02012e+07	 3.02012e+07	   241818	 2.30721e+06	 2.30721e+06	 
 0.00945	 2.54139e+07	 2.85624e+07	 2.85624e+07	   227692	 2.26946e+06	 2.26946e+06	 
  0.0095	 2.40315e+07	 2.7009e+07	 2.7009e+07	   214408	 2.23198e+06	 2.23198e+06	 
 0.00955	 2.27209e+07	 2.55361e+07	 2.55361e+07	   201560	 2.19392e+06	 2.19392e+06	 
  0.0096	 2.14788e+07	 2.41403e+07	 2.41403e+07	   189245	 2.15543e+06	 2.15543e+06	 
 0.00965	 2.03019e+07	 2.28177e+07	 2.28177e+07	   177764	 2.11707e+06	 2.11707e+06	 
  0.0097	 1.91881e+07	 2.1566e+07	 2.1566e+07	   166963	 2.07919e+06	 2.07919e+06	 
 0.00975	 1.81315e+07	 2.03786e+07	 2.03786e+07	   156476	 2.04052e+06	 2.04052e+06	 
  0.0098	 1.7131e+07	 1.92543e+07	 1.92543e+07	   146483	 2.0016e+06	 2.0016e+06	 
 0.00985	 1.61849e+07	 1.81911e+07	 1.81911e+07	   137206	 1.96292e+06	 1.96292e+06	 
  0.0099	 1.52889e+07	 1.71841e+07	 1.71841e+07	   128485	 1.92418e+06	 1.92418e+06	 
 0.00995	 1.44407e+07	 1.6231e+07	 1.6231e+07	   120335	 1.88562e+06	 1.88562e+06	 
    0.01	 1.36399e+07	 1.53309e+07	 1.53309e+07	   113344	 1.84812e+06	 1.84812e+06	 
 0.01005	 1.28827e+07	 1.44798e+07	 1.44798e+07	   106890	 1.8106e+06	 1.8106e+06	 
  0.0101	 1.2166e+07	 1.36743e+07	 1.36743e+07	   100687	 1.77321e+06	 1.77321e+06	 
 0.01015	 1.14876e+07	 1.29118e+07	 1.29118e+07	  94671.3	 1.73556e+06	 1.73556e+06	 
  0.0102	 1.08461e+07	 1.21908e+07	 1.21908e+07	  88994.4	 1.69785e+06	 1.69785e+06	 
 0.01025	 1.02392e+07	 1.15088e+07	 1.15088e+07	    83545	 1.66007e+06	 1.66007e+06	 
  0.0103	 9.66556e+06	 1.08641e+07	 1.08641e+07	    78452	 1.62254e+06	 1.62254e+06	 
 0.01035	 9.12262e+06	 1.02538e+07	 1.02538e+07	  73681.3	 1.58522e+06	 1.58522e+06	 
  0.0104	 8.60971e+06	 9.67741e+06	 9.67741e+06	  68952.5	 1.54759e+06	 1.54759e+06	 
 0.01045	 8.12404e+06	 9.1316e+06	 9.1316e+06	  64391.1	 1.50999e+06	 1.50999e+06	 
  0.0105	 7.66525e+06	 8.61599e+06	 8.61599e+06	    60094	 1.47266e+06	 1.47266e+06	 
 0.01055	 7.23215e+06	 8.12923e+06	 8.12923e+06	  56248.3	 1.43607e+06	 1.43607e+06	 
  0.0106	 6.82287e+06	 7.66924e+06	 7.66924e+06	  52593.8	 1.39977e+06	 1.39977e+06	 
 0.01065	 6.437e+06	 7.23552e+06	 7.23552e+06	  49493.6	 1.36451e+06	 1.36451e+06	 
  0.0107	 6.07274e+06	 6.82607e+06	 6.82607e+06	  46669.2	 1.32938e+06	 1.32938e+06	 
 0.01075	 5.72855e+06	 6.43919e+06	 6.43919e+06	  43983.2	 1.29495e+06	 1.29495e+06	 
  0.0108	 5.40332e+06	 6.07363e+06	 6.07363e+06	  41372.8	 1.2607e+06	 1.2607e+06	 
 0.01085	 5.09603e+06	 5.72824e+06	 5.72824e+06	  38877.8	 1.22685e+06	 1.22685e+06	 
  0.0109	 4.80577e+06	 5.40199e+06	 5.40199e+06	  36468.8	 1.19335e+06	 1.19335e+06	 
 0.01095	 4.53182e+06	 5.09407e+06	 5.09407e+06	  34259.9	 1.16049e+06	 1.16049e+06	 
   0.011	 4.27291e+06	 4.80307e+06	 4.80307e+06	  32082.6	 1.12768e+06	 1.12768e+06	 
 0.01105	 4.02837e+06	 4.52822e+06	 4.52822e+06	    29971	 1.09552e+06	 1.09552e+06	 
  0.0111	 3.79749e+06	 4.26872e+06	 4.26872e+06	  27977.8	 1.06392e+06	 1.06392e+06	 
 0.01115	 3.57968e+06	 4.02392e+06	 4.02392e+06	  26134.8	 1.03291e+06	 1.03291e+06	 
  0.0112	 3.37399e+06	 3.79273e+06	 3.79273e+06	  24366.8	 1.0025e+06	 1.0025e+06	 
 0.01125	 3.18012e+06	 3.57483e+06	 3.57483e+06	  22788.4	   972806	   972806	 
  0.0113	 2.99733e+06	 3.36936e+06	 3.36936e+06	  21392.8	   943826	   943826	 
 0.01135	 2.82514e+06	 3.1758e+06	 3.1758e+06	  20186.4	   915177	   915177	 
  0.0114	 2.66259e+06	 2.99308e+06	 2.99308e+06	  19011.9	   887543	   887543	 
 0.01145	 2.50915e+06	 2.8206e+06	 2.8206e+06	  17875.4	   860403	   860403	 
  0.0115	 2.36432e+06	 2.65779e+06	 2.65779e+06	  16794.2	   833867	   833867	 
 0.01155	 2.22767e+06	 2.5042e+06	 2.5042e+06	  15708.9	   807792	   807792	 
  0.0116	 2.09877e+06	 2.3593e+06	 2.3593e+06	    14738	   782373	   782373	 
 0.01165	 1.97722e+06	 2.22268e+06	 2.22268e+06	  13802.1	   757304	   757304	 
  0.0117	 1.86249e+06	 2.09372e+06	 2.09372e+06	  12903.7	   733016	   733016	 
 0.01175	 1.75424e+06	 1.97204e+06	 1.97204e+06	  12015.5	   709048	   709048	 
  0.0118	 1.65217e+06	 1.85731e+06	 1.85731e+06	  11216.2	   686013	   686013	 
 0.01185	 1.55603e+06	 1.74925e+06	 1.74925e+06	    10482	   663583	   663583	 
  0.0119	 1.46522e+06	 1.64717e+06	 1.64717e+06	   9724.5	   641415	   641415	 
 0.01195	 1.37981e+06	 1.55117e+06	 1.55117e+06	  9099.71	   620181	   620181	 
   0.012	 1.29944e+06	 1.46081e+06	 1.46081e+06	  8576.04	   599618	   599618	 
 0.01205	 1.22369e+06	 1.37566e+06	 1.37566e+06	   8075.9	   579335	   579335	 
  0.0121	 1.15222e+06	 1.29531e+06	 1.29531e+06	   7592.8	   559837	   559837	 
 0.01215	 1.08487e+06	 1.2196e+06	 1.2196e+06	  7130.75	   540868	   540868	 
  0.0122	 1.02122e+06	 1.14805e+06	 1.14805e+06	  6624.05	   522305	   522305	 
 0.01225	   961407	 1.08082e+06	 1.08082e+06	  6221.92	   504227	   504227	 
  0.0123	   904903	 1.0173e+06	 1.0173e+06	  5790.69	   486778	   486778	 
 0.01235	   851700	   957498	   957498	  5404.92	   469813	   469813	 
  0.0124	   801556	   901132	   901132	  5021.17	   452932	   452932	 
 0.01245	   754272	   847984	   847984	  4648.33	   436964	   436964	 
  0.0125	   709833	   798028	   798028	   4343.8	   421483	   421483	 
 0.01255	   667968	   750965	   750965	  4058.75	   406468	   406468	 
  0.0126	   628411	   706504	   706504	  3734.09	   391868	   391868	 
 0.01265	   591350	   664837	   664837	  3514.21	   377785	   377785	 
  0.0127	   556450	   625599	   625599	  3309.62	   364132	   364132	 
 0.01275	   523552	   588615	   588615	  3104.05	   350885	   350885	 
  0.0128	   492500	   553709	   553709	  2878.63	   338014	   338014	 
 0.01285	   463339	   520924	   520924	   2701.9	   325529	   325529	 
  0.0129	   435886	   490059	   490059	  2539.57	   313448	   313448	 
 0.01295	   409839	   460786	   460786	  2297.68	   301704	   301704	 
   0.013	   385488	   433410	   433410	  2146.76	   290253	   290253	 
 0.01305	   362558	   407632	   407632	  2000.77	   279260	   279260	 
  0.0131	   340974	   383366	   383366	  1868.78	   268634	   268634	 
 0.01315	   320661	   360529	   360529	  1743.15	   258346	   258346	 
  0.0132	   301542	   339035	   339035	  1626.93	   248396	   248396	 
 0.01325	   283546	   318804	   318804	  1516.44	   238726	   238726	 
  0.0133	   266634	   299789	   299789	  1424.27	   229433	   229433	 
 0.01335	   250743	   281921	   281921	  1343.25	   220399	   220399	 
  0.0134	   235761	   265077	   265077	  1260.01	   211716	   211716	 
 0.01345	   221665	   249229	   249229	  1178.76	   203287	   203287	 
  0.0135	   208410	   234325	   234325	  1108.79	   195124	   195124	 
 0.01355	   195884	   220244	   220244	  1018.65	   187279	   187279	 
  0.0136	   184147	   207049	   207049	  954.723	   179711	   179711	 
 0.01365	   173098	   194626	   194626	  891.588	   172373	   172373	 
  0.0137	   162699	   182935	   182935	  830.631	   165276	   165276	 
 0.01375	   152925	   171946	   171946	  775.665	   158425	   158425	 
  0.0138	   143724	   161601	   161601	  722.278	   151850	   151850	 
 0.01385	   135060	   151860	   151860	  666.827	   145490	   145490	 
  0.0139	   126918	   142707	   142707	  620.428	   139355	   139355	 
 0.01395	   119248	   134084	   134084	  568.269	   133447	   133447	 
   0.014	   112072	   126015	   126015	  536.164	   127766	   127766	 
 0.01405	   105306	   118409	   118409	  499.634	   122271	   122271	 
  0.0141	  98931.3	   111242	   111242	  457.443	   116990	   116990	 
 0.01415	  92965.8	   104534	   104534	  430.976	   111806	   111806	 
  0.0142	  87347.3	  98216.1	  98216.1	  405.369	   106945	   106945	 
 0.01425	  82060.3	    92272	    92272	  375.368	   102264	   102264	 
  0.0143	  77078.5	  86671.3	  86671.3	  343.887	  97757.6	  97757.6	 
 0.01435	  72386.5	  81396.9	  81396.9	  310.696	  93419.9	  93419.9	 
  0.0144	  67999.3	  76463.9	  76463.9	  289.927	  89252.2	  89252.2	 
 0.01445	    63861	  71811.3	  71811.3	  264.592	  85244.9	  85244.9	 
  0.0145	  59980.6	  67448.4	  67448.4	  244.601	  81399.3	  81399.3	 
 0.01455	  56327.3	  63340.9	  63340.9	  223.533	  77701.8	  77701.8	 
  0.0146	  52884.9	  59471.2	  59471.2	   199.86	  74154.4	  74154.4	 
 0.01465	  49651.1	  55835.9	  55835.9	  178.158	  70747.7	  70747.7	 
  0.0147	  46635.1	  52444.1	  52444.1	  168.163	  67484.9	  67484.9	 
 0.01475	  43789.7	  49244.8	  49244.8	  153.834	  64351.7	  64351.7	 
  0.0148	  41056.1	  46174.4	  46174.4	  114.295	  61332.8	  61332.8	 
 0.01485	    38557	  43363.7	  43363.7	  107.621	  58453.5	  58453.5	 
  0.0149	  36207.5	  40721.3	  40721.3	  100.947	  55692.3	  55692.3	 
 0.01495	  33999.1	  38237.6	  38237.6	  94.2701	  53046.6	  53046.6	 
   0.015	    31923	  35902.8	  35902.8	  87.7067	  50482.6	  50482.6	 
 0.01505	  29972.2	    33709	    33709	  81.5392	  48057.5	  48057.5	 
  0.0151	  28139.2	  31647.5	  31647.5	  75.3912	  45697.7	  45697.7	 
 0.01515	  26418.4	  29712.2	  29712.2	  70.3266	  43478.7	  43478.7	 
  0.0152	  24800.7	  27892.9	  27892.9	  65.2552	  41356.2	  41356.2	 
 0.01525	  23282.4	  26185.4	  26185.4	  60.7353	  39310.6	  39310.6	 
  0.0153	  21858.4	  24583.8	  24583.8	   57.552	  37373.1	  37373.1	 
 0.01535	  20520.8	  23079.3	  23079.3	  54.7003	  35522.5	  35522.5	 
  0.0154	  19264.3	  21666.1	  21666.1	  51.8482	  33754.4	  33754.4	 
 0.01545	  18084.3	    20339	    20339	  48.9958	  32065.4	  32065.4	 
  0.0155	    16975	  19091.3	  19091.3	  46.1429	  30453.4	  30453.4	 
 0.01555	  15932.6	    17919	    17919	  43.2895	  28914.3	  28914.3	 
  0.0156	  14953.4	  16817.8	  16817.8	  40.4355	  27446.2	  27446.2	 
 0.01565	  14018.3	  15766.9	  15766.9	  30.6666	  26042.2	  26042.2	 
  0.0157	  13155.4	  14796.5	  14796.5	  28.4842	  24706.9	  24706.9	 
 0.01575	  12344.9	  13884.9	  13884.9	  26.3012	  23435.1	  23435.1	 
  0.0158	  11564.1	  13007.9	  13007.9	  15.3725	  22217.6	  22217.6	 
 0.01585	  10850.5	  12205.2	  12205.2	  14.0907	  21063.2	  21063.2	 
  0.0159	    10171	  11441.5	  11441.5	  8.34727	  19961.2	  19961.2	 
 0.01595	  9543.89	    10736	    10736	  7.77307	  18904.1	  18904.1	 
   0.016	  8955.56	  10074.2	  10074.2	  7.42501	  17909.4	  17909.4	 
 0.01605	  8402.87	  9452.46	  9452.46	  7.07695	  16963.3	  16963.3	 
  0.0161	  7884.28	  8869.07	  8869.07	  6.72888	  16063.8	  16063.8	 
 0.01615	  7397.37	  8321.34	  8321.34	  6.38082	  15208.3	  15208.3	 
  0.0162	  6940.27	  7807.13	  7807.13	  6.03275	  14395.3	  14395.3	 
 0.01625	   6511.1	  7324.36	  7324.36	  5.68468	  13622.8	  13622.8	 
  0.0163	  6108.26	  6871.21	  6871.21	  5.33661	  12889.5	  12889.5	 
 0.01635	  5730.07	  6445.78	  6445.78	  4.98854	  12192.8	  12192.8	 
  0.0164	  5375.04	  6046.41	  6046.41	  4.64046	  11531.1	  11531.1	 
 0.01645	  5041.85	   5671.6	   5671.6	  4.29238	  10903.2	  10903.2	 
  0.0165	  4729.02	  5319.71	  5319.71	   3.9443	  10307.8	  10307.8	 
 0.01655	   4435.4	  4989.43	  4989.43	  3.59646	  9742.56	  9742.56	 
  0.0166	  4152.53	  4671.63	  4671.63	 0.159589	   9205.7	   9205.7	 
 0.01665	  3894.65	  4381.52	  4381.52	 0.152271	  8698.29	  8698.29	 
  0.0167	  3652.74	  4109.36	  4109.36	 0.144953	  8217.23	  8217.23	 
 0.01675	  3425.66	   3853.9	   3853.9	 0.137634	  7761.16	  7761.16	 
  0.0168	   3212.6	   3614.2	   3614.2	 0.130316	  7329.43	  7329.43	 
 0.01685	  3012.72	  3389.33	  3389.33	 0.122997	  6920.66	  6920.66	 
  0.0169	  2825.19	  3178.36	  3178.36	 0.115679	  6533.51	  6533.51	 
 0.01695	  2649.25	  2980.43	  2980.43	  0.10836	  6167.04	  6167.04	 
   0.017	  2484.13	  2794.67	  2794.67	 0.101041	  5820.37	  5820.37	 
 0.01705	  2329.24	  2620.41	  2620.41	 0.0937223	  5492.27	  5492.27	 
  0.0171	  2183.95	  2456.96	  2456.96	 0.0864034	  5182.01	  5182.01	 
 0.01715	  2047.68	  2303.66	  2303.66	 0.0790844	  4888.58	  4888.58	 
  0.0172	  1919.81	   2159.8	   2159.8	 0.0717653	  4611.09	  4611.09	 
 0.01725	  1799.73	  2024.72	  2024.72	 1.61043e-34	  4348.77	  4348.77	 
  0.0173	  1687.22	  1898.14	  1898.14	 1.61043e-34	  4100.88	  4100.88	 
 0.01735	  1581.74	  1779.48	  1779.48	 1.61043e-34	  3866.63	  3866.63	 
  0.0174	  1482.82	   1668.2	   1668.2	 1.61043e-34	  3645.36	  3645.36	 
 0.01745	  1390.02	  1563.79	  1563.79	 1.61043e-34	  3436.31	  3436.31	 
  0.0175	  1302.96	  1465.85	  1465.85	 1.61043e-34	  3238.89	  3238.89	 
 0.01755	  1221.34	  1374.03	  1374.03	 1.61043e-34	  3052.41	  3052.41	 
  0.0176	  1144.84	  1287.96	  1287.96	 1.61043e-34	  2876.41	  2876.41	 
 0.01765	  1073.04	  1207.18	  1207.18	 1.61043e-34	  2710.27	  2710.27	 
  0.0177	  1005.72	  1131.45	  1131.45	 1.61043e-34	  2553.45	  2553.45	 
 0.01775	  942.648	  1060.49	  1060.49	 1.61043e-34	  2405.49	  2405.49	 
  0.0178	  883.441	  993.883	  993.883	 1.61043e-34	  2265.83	  2265.83	 
 0.01785	  827.965	  931.471	  931.471	 1.61043e-34	  2134.15	  2134.15	 
  0.0179	  775.922	  872.922	  872.922	 1.61043e-34	   2009.9	   2009.9	 
 0.01795	  727.143	  818.045	  818.045	 1.61043e-34	  1892.68	  1892.68	 
   0.018	  681.408	  766.592	  766.592	 1.61043e-34	  1782.21	  1782.21	 
 0.01805	  638.537	  718.362	  718.362	 1.61043e-34	  1677.96	  1677.96	 
  0.0181	  598.344	  673.144	  673.144	 1.61043e-34	  1579.72	  1579.72	 
 0.01815	  560.662	  630.752	  630.752	 1.61043e-34	  1487.09	  1487.09	 
  0.0182	  525.346	  591.021	  591.021	 1.61043e-34	  1399.79	  1399.79	 
 0.01825	  492.233	  553.769	  553.769	 1.61043e-34	   1317.5	   1317.5	 
  0.0183	  461.196	  518.851	  518.851	 1.61043e-34	  1240.01	  1240.01	 
 0.01835	  432.104	  486.122	  486.122	 1.61043e-34	   1166.9	   1166.9	 
  0.0184	  404.841	  455.452	  455.452	 1.61043e-34	  1098.12	  1098.12	 
 0.01845	  379.283	  426.699	  426.699	 1.61043e-34	  1033.26	  1033.26	 
  0.0185	  355.331	  399.752	  399.752	 1.61043e-34	  972.114	  972.114	 
 0.01855	  332.879	  374.493	  374.493	 1.61043e-34	  914.616	  914.616	 
  0.0186	  311.841	  350.825	  350.825	 1.61043e-34	   860.43	   860.43	 
 0.01865	  292.124	  328.644	  328.644	 1.61043e-34	  809.351	  809.351	 
  0.0187	  273.643	  307.852	  307.852	 1.61043e-34	  761.313	  761.313	 
 0.01875	   256.33	  288.375	  288.375	 1.61043e-34	  716.045	  716.045	 
  0.0188	  240.102	  270.118	  270.118	 1.61043e-34	  673.439	  673.439	 
 0.01885	  224.898	  253.013	  253.013	 1.61043e-34	  633.327	  633.327	 
  0.0189	  210.649	  236.983	  236.983	 1.61043e-34	  595.564	  595.564	 
 0.01895	  197.302	  221.968	  221.968	 1.61043e-34	  560.019	  560.019	 
   0.019	  184.788	  207.888	  207.888	 1.61043e-34	  526.568	  526.568	 
 0.01905	  173.067	  194.702	  194.702	 1.61043e-34	  495.083	  495.083	 
  0.0191	   162.09	  182.354	  182.354	 1.61043e-34	  465.456	  465.456	 
 0.01915	    151.8	  170.777	  170.777	 1.61043e-34	  437.573	  437.573	 
  0.0192	  142.162	  159.934	  159.934	 1.61043e-34	  411.337	  411.337	 
 0.01925	  133.132	  149.775	  149.775	 1.61043e-34	  386.656	  386.656	 
  0.0193	  124.671	  140.256	  140.256	 1.61043e-34	  363.434	  363.434	 
 0.01935	   116.75	  131.345	  131.345	 1.61043e-34	  341.584	  341.584	 
  0.0194	  109.324	  122.991	  122.991	 1.61043e-34	  321.038	  321.038	 
 0.01945	  102.368	  115.166	  115.166	 1.61043e-34	  301.708	  301.708	 
  0.0195	  95.8531	  107.836	  107.836	 1.61043e-34	  283.526	  283.526	 
 0.01955	  89.7536	  100.974	  100.974	 1.61043e-34	  266.426	  266.426	 
  0.0196	  84.0371	  94.5428	  94.5428	 1.61043e-34	  250.346	  250.346	 
 0.01965	  78.6848	  88.5214	  88.5214	 1.61043e-34	  235.218	  235.218	 
  0.0197	  73.6706	  82.8803	  82.8803	 1.61043e-34	  220.996	  220.996	 
 0.01975	  68.9744	  77.5971	  77.5971	 1.61043e-34	  207.631	  207.631	 
  0.0198	  64.5759	  72.6487	  72.6487	 1.61043e-34	  195.058	  195.058	 
 0.01985	  60.4564	  68.0142	  68.0142	 1.61043e-34	  183.241	  183.241	 
  0.0199	  56.5988	  63.6744	  63.6744	 1.61043e-34	  172.126	  172.126	 
 0.01995	  52.9857	  59.6096	  59.6096	 1.61043e-34	  161.681	  161.681	 
    0.02	  49.6021	   55.803	   55.803	 1.61043e-34	  151.857	  151.857	 
 0.02005	  46.4339	  52.2387	  52.2387	 1.61043e-34	  142.628	  142.628	 
  0.0201	  43.4665	  48.9004	  48.9004	 1.61043e-34	  133.959	  133.959	 
 0.02015	  40.6883	  45.7749	  45.7749	 1.61043e-34	  125.805	  125.805	 
  0.0202	  38.0863	  42.8476	  42.8476	 1.61043e-34	  118.143	  118.143	 
 0.02025	  35.6503	  40.1071	  40.1071	 1.61043e-34	   110.94	   110.94	 
  0.0203	  33.3694	   37.541	   37.541	 1.61043e-34	  104.177	  104.177	 
 0.02035	  31.2335	  35.1381	  35.1381	 1.61043e-34	  97.8127	  97.8127	 
  0.0204	  29.2336	  32.8882	  32.8882	 1.61043e-34	    91.84	    91.84	 
 0.02045	  27.3614	  30.7819	  30.7819	 1.61043e-34	  86.2254	  86.2254	 
  0.0205	  25.6085	  28.8099	  28.8099	 1.61043e-34	  80.9554	  80.9554	 
 0.02055	  23.9674	  26.9637	  26.9637	 1.61043e-34	  76.0029	  76.0029	 
  0.0206	  22.4307	  25.2348	  25.2348	 1.61043e-34	  71.3478	  71.3478	 
 0.02065	  20.9925	  23.6169	  23.6169	 1.61043e-34	  66.9744	  66.9744	 
  0.0207	  19.6454	  22.1014	  22.1014	 1.61043e-34	  62.8671	  62.8671	 
 0.02075	  18.3852	  20.6836	  20.6836	 1.61043e-34	  59.0099	  59.0099	 
  0.0208	  17.2048	  19.3556	  19.3556	 1.61043e-34	  55.3864	  55.3864	 
 0.02085	  16.1001	  18.1128	  18.1128	 1.61043e-34	  51.9839	  51.9839	 
  0.0209	  15.0661	  16.9495	  16.9495	 1.61043e-34	  48.7888	  48.7888	 
 0.02095	  14.0981	  15.8606	  15.8606	 1.61043e-34	  45.7869	  45.7869	 
   0.021	  13.1922	  14.8414	  14.8414	 1.61043e-34	  42.9688	  42.9688	 
 0.02105	   12.344	  13.8871	  13.8871	 1.61043e-34	  40.3223	  40.3223	 
  0.0211	  11.5499	  12.9937	  12.9937	 1.61043e-34	   37.838	   37.838	 
 0.02115	  10.8073	  12.1583	  12.1583	 1.61043e-34	  35.5043	  35.5043	 
  0.0212	  10.1117	  11.3758	  11.3758	 1.61043e-34	  33.3139	  33.3139	 
 0.02125	  9.46099	  10.6437	  10.6437	 1.61043e-34	  31.2572	  31.2572	 
  0.0213	  8.85188	  9.95848	  9.95848	 1.61043e-34	  29.3262	  29.3262	 
 0.02135	  8.28172	  9.31704	  9.31704	 1.61043e-34	  27.5135	  27.5135	 
  0.0214	  7.74811	  8.71673	  8.71673	 1.61043e-34	  25.8122	  25.8122	 
 0.02145	  7.24877	  8.15496	  8.15496	 1.61043e-34	   24.215	   24.215	 
  0.0215	  6.78152	   7.6293	   7.6293	 1.61043e-34	  22.7157	  22.7157	 
 0.02155	  6.34425	  7.13736	  7.13736	 1.61043e-34	  21.3084	  21.3084	 
  0.0216	  5.93504	    6.677	    6.677	 1.61043e-34	  19.9875	  19.9875	 
 0.02165	  5.55215	  6.24624	  6.24624	 1.61043e-34	  18.7484	  18.7484	 
  0.0217	  5.19379	  5.84308	  5.84308	 1.61043e-34	  17.5849	  17.5849	 
 0.02175	  4.85855	  5.46593	  5.46593	 1.61043e-34	  16.4931	  16.4931	 
  0.0218	  4.54481	  5.11297	  5.11297	 1.61043e-34	  15.4681	  15.4681	 
 0.02185	  4.25127	  4.78273	  4.78273	 1.61043e-34	  14.5067	  14.5067	 
  0.0219	  3.97657	  4.47369	  4.47369	 1.61043e-34	  13.6047	  13.6047	 
 0.02195	  3.71958	  4.18457	  4.18457	 1.61043e-34	  12.7581	  12.7581	 
   0.022	  3.47913	  3.91407	  3.91407	 1.61043e-34	  11.9643	  11.9643	 
 0.02205	  3.25416	  3.66097	  3.66097	 1.61043e-34	   11.219	   11.219	 
  0.0221	  3.04369	  3.42419	  3.42419	 1.61043e-34	  10.5197	  10.5197	 
 0.02215	  2.84674	  3.20262	  3.20262	 1.61043e-34	  9.86369	  9.86369	 
  0.0222	  2.66251	  2.99535	  2.99535	 1.61043e-34	  9.24818	  9.24818	 
 0.02225	  2.49017	  2.80147	  2.80147	 1.61043e-34	  8.67118	  8.67118	 
  0.0223	  2.32889	  2.62003	  2.62003	 1.61043e-34	  8.12932	  8.12932	 
 0.02235	  2.17809	  2.45037	  2.45037	 1.61043e-34	  7.62192	  7.62192	 
  0.0224	  2.03697	  2.29162	  2.29162	 1.61043e-34	  7.14558	  7.14558	 
 0.02245	  1.90496	  2.14311	  2.14311	 1.61043e-34	  6.69845	  6.69845	 
  0.0225	  1.78148	  2.00418	  2.00418	 1.61043e-34	  6.27935	  6.27935	 
 0.02255	  1.66593	   1.8742	   1.8742	 1.61043e-34	  5.88619	  5.88619	 
  0.0226	  1.55791	  1.75267	  1.75267	 1.61043e-34	  5.51756	  5.51756	 
 0.02265	  1.45684	  1.63896	  1.63896	 1.61043e-34	  5.17177	  5.17177	 
  0.0227	  1.36229	  1.53259	  1.53259	 1.61043e-34	  4.84753	  4.84753	 
 0.02275	   1.2739	  1.43315	  1.43315	 1.61043e-34	  4.54349	  4.54349	 
  0.0228	   1.1912	  1.34011	  1.34011	 1.61043e-34	  4.25837	  4.25837	 
 0.02285	  1.11382	  1.25307	  1.25307	 1.61043e-34	  3.99102	  3.99102	 
  0.0229	  1.04144	  1.17163	  1.17163	 1.61043e-34	  3.74035	  3.74035	 
 0.02295	 0.973831	  1.09557	  1.09557	 1.61043e-34	   3.5053	   3.5053	 
   0.023	 0.910509	  1.02433	  1.02433	 1.61043e-34	   3.2849	   3.2849	 
 0.02305	 0.851323	 0.957749	 0.957749	 1.61043e-34	  3.07829	  3.07829	 
  0.0231	 0.795962	 0.895467	 0.895467	 1.61043e-34	  2.88458	  2.88458	 
 0.02315	 0.744194	 0.837228	 0.837228	 1.61043e-34	  2.70297	  2.70297	 
  0.0232	 0.695781	 0.782762	 0.782762	 1.61043e-34	  2.53271	  2.53271	 
 0.02325	 0.650507	 0.731829	 0.731829	 1.61043e-34	  2.37312	  2.37312	 
  0.0233	 0.608164	 0.684192	 0.684192	 1.61043e-34	  2.22354	  2.22354	 
 0.02335	  0.56857	 0.639648	 0.639648	 1.61043e-34	  2.08327	  2.08327	 
  0.0234	 0.531545	 0.597995	 0.597995	 1.61043e-34	  1.95186	  1.95186	 
 0.02345	 0.496919	  0.55904	  0.55904	 1.61043e-34	  1.82862	  1.82862	 
  0.0235	 0.464543	 0.522617	 0.522617	 1.61043e-34	  1.71316	  1.71316	 
 0.02355	 0.434274	 0.488564	 0.488564	 1.61043e-34	  1.60492	  1.60492	 
  0.0236	 0.405964	 0.456715	 0.456715	 1.61043e-34	  1.50351	  1.50351	 
 0.02365	 0.379496	 0.426938	 0.426938	 1.61043e-34	  1.40844	  1.40844	 
  0.0237	 0.354745	 0.399092	 0.399092	 1.61043e-34	  1.31933	  1.31933	 
 0.02375	 0.331602	 0.373057	 0.373057	 1.61043e-34	  1.23582	  1.23582	 
  0.0238	  0.30997	  0.34872	  0.34872	 1.61043e-34	  1.15758	  1.15758	 
 0.02385	 0.289742	 0.325963	 0.325963	 1.61043e-34	  1.08427	  1.08427	 
  0.0239	 0.270824	 0.304681	 0.304681	 1.61043e-34	  1.01556	  1.01556	 
 0.02395	 0.253145	 0.284792	 0.284792	 1.61043e-34	 0.951168	 0.951168	 
   0.024	  0.23661	 0.266189	 0.266189	 1.61043e-34	 0.890901	 0.890901	 
 0.02405	 0.221156	 0.248803	 0.248803	 1.61043e-34	  0.83435	  0.83435	 
  0.0241	 0.206703	 0.232544	 0.232544	 1.61043e-34	  0.78138	  0.78138	 
 0.02415	 0.193195	 0.217346	 0.217346	 1.61043e-34	 0.731788	 0.731788	 
  0.0242	 0.180567	 0.203141	 0.203141	 1.61043e-34	 0.685303	 0.685303	 
 0.02425	 0.168759	 0.189857	 0.189857	 1.61043e-34	 0.641759	 0.641759	 
  0.0243	 0.157725	 0.177442	 0.177442	 1.61043e-34	 0.600963	 0.600963	 
 0.02435	 0.147405	 0.165833	 0.165833	 1.61043e-34	 0.562742	 0.562742	 
  0.0244	 0.137763	 0.154985	 0.154985	 1.61043e-34	  0.52694	  0.52694	 
 0.02445	 0.128749	 0.144845	 0.144845	 1.61043e-34	 0.493408	 0.493408	 
  0.0245	 0.120321	 0.135363	 0.135363	 1.61043e-34	  0.46199	  0.46199	 
 0.02455	 0.112438	 0.126495	 0.126495	 1.61043e-34	 0.432573	 0.432573	 
  0.0246	 0.105079	 0.118215	 0.118215	 1.61043e-34	 0.405007	 0.405007	 
 0.02465	 0.0981939	 0.110469	 0.110469	 1.61043e-34	  0.37919	  0.37919	 
  0.0247	 0.0917618	 0.103233	 0.103233	 1.61043e-34	 0.355016	 0.355016	 
 0.02475	 0.0857472	 0.0964667	 0.0964667	 1.61043e-34	 0.332368	 0.332368	 
  0.0248	 0.0801297	 0.0901469	 0.0901469	 1.61043e-34	  0.31116	  0.31116	 
 0.02485	 0.0748746	 0.0842349	 0.0842349	 1.61043e-34	 0.291296	 0.291296	 
  0.0249	 0.0699647	 0.0787112	 0.0787112	 1.61043e-34	 0.272696	 0.272696	 
 0.02495	 0.0653767	 0.0735496	 0.0735496	 1.61043e-34	 0.255278	 0.255278	 
   0.025	 0.0610875	 0.0687242	 0.0687242	 1.61043e-34	 0.238968	 0.238968	 
       0	        0	        0	        0	        0	        0	        0	 
