       0	        0	        0	        0	        0	        0	        0	 
   5e-05	 6.7302e+06	 7.57115e+06	 7.57115e+06	  3304.59	 1.24942e+07	 1.24942e+07	 
  0.0001	 2.75303e+07	 3.09573e+07	 3.09573e+07	   116323	 4.94156e+07	 4.94156e+07	 
 0.00015	 6.41914e+07	 7.21292e+07	 7.21292e+07	   695860	 1.11577e+08	 1.11577e+08	 
  0.0002	 1.20294e+08	 1.34972e+08	 1.34972e+08	 2.88536e+06	 2.04421e+08	 2.04421e+08	 
 0.00025	 2.00314e+08	 2.24371e+08	 2.24371e+08	 7.88257e+06	 3.31742e+08	 3.31742e+08	 
  0.0003	 3.06617e+08	 3.42795e+08	 3.42795e+08	 1.72237e+07	 4.96081e+08	 4.96081e+08	 
 0.00035	 4.37273e+08	 4.88037e+08	 4.88037e+08	 3.12021e+07	 6.92794e+08	 6.92794e+08	 
  0.0004	 5.91051e+08	 6.58691e+08	 6.58691e+08	 4.99898e+07	 9.17538e+08	 9.17538e+08	 
 0.00045	 7.66579e+08	 8.53194e+08	 8.53194e+08	 7.37354e+07	 1.16582e+09	 1.16582e+09	 
  0.0005	 9.60423e+08	 1.06779e+09	 1.06779e+09	 1.01582e+08	 1.43057e+09	 1.43057e+09	 
 0.00055	 1.16824e+09	 1.29782e+09	 1.29782e+09	 1.31674e+08	 1.70514e+09	 1.70514e+09	 
  0.0006	 1.38917e+09	 1.54237e+09	 1.54237e+09	 1.63695e+08	 1.98523e+09	 1.98523e+09	 
 0.00065	 1.6185e+09	 1.79622e+09	 1.79622e+09	 1.96868e+08	 2.26684e+09	 2.26684e+09	 
  0.0007	 1.85355e+09	 2.0565e+09	 2.0565e+09	 2.30069e+08	 2.54577e+09	 2.54577e+09	 
 0.00075	 2.09171e+09	 2.32035e+09	 2.32035e+09	 2.62813e+08	 2.8187e+09	 2.8187e+09	 
  0.0008	 2.33183e+09	 2.58648e+09	 2.58648e+09	 2.94903e+08	 3.08341e+09	 3.08341e+09	 
 0.00085	 2.57102e+09	 2.85168e+09	 2.85168e+09	 3.25922e+08	 3.33647e+09	 3.33647e+09	 
  0.0009	 2.80838e+09	 3.11502e+09	 3.11502e+09	 3.55485e+08	 3.57548e+09	 3.57548e+09	 
 0.00095	 3.04155e+09	 3.37387e+09	 3.37387e+09	 3.83269e+08	 3.79937e+09	 3.79937e+09	 
   0.001	 3.26983e+09	 3.62747e+09	 3.62747e+09	 4.0902e+08	 4.00741e+09	 4.00741e+09	 
 0.00105	 3.49266e+09	 3.87519e+09	 3.87519e+09	 4.32762e+08	 4.19901e+09	 4.19901e+09	 
  0.0011	 3.70831e+09	 4.1151e+09	 4.1151e+09	 4.54316e+08	 4.37303e+09	 4.37303e+09	 
 0.00115	 3.91555e+09	 4.34584e+09	 4.34584e+09	 4.73583e+08	 4.52805e+09	 4.52805e+09	 
  0.0012	 4.11432e+09	 4.56734e+09	 4.56734e+09	 4.90531e+08	 4.66465e+09	 4.66465e+09	 
 0.00125	 4.30346e+09	 4.77828e+09	 4.77828e+09	 5.05241e+08	 4.78331e+09	 4.78331e+09	 
  0.0013	 4.48202e+09	 4.97762e+09	 4.97762e+09	 5.17609e+08	 4.88375e+09	 4.88375e+09	 
 0.00135	 4.64907e+09	 5.16431e+09	 5.16431e+09	 5.2757e+08	 4.96611e+09	 4.96611e+09	 
  0.0014	 4.8047e+09	 5.33845e+09	 5.33845e+09	 5.35199e+08	 5.03117e+09	 5.03117e+09	 
 0.00145	 4.94866e+09	 5.49969e+09	 5.49969e+09	 5.40909e+08	 5.07993e+09	 5.07993e+09	 
  0.0015	 5.08077e+09	 5.64782e+09	 5.64782e+09	 5.44816e+08	 5.11253e+09	 5.11253e+09	 
 0.00155	 5.20142e+09	 5.78328e+09	 5.78328e+09	 5.46952e+08	 5.12996e+09	 5.12996e+09	 
  0.0016	 5.30851e+09	 5.90373e+09	 5.90373e+09	 5.47221e+08	 5.13293e+09	 5.13293e+09	 
 0.00165	 5.40346e+09	 6.01071e+09	 6.01071e+09	 5.45969e+08	 5.12204e+09	 5.12204e+09	 
  0.0017	 5.48629e+09	 6.10424e+09	 6.10424e+09	 5.43222e+08	 5.09772e+09	 5.09772e+09	 
 0.00175	 5.55683e+09	 6.18411e+09	 6.18411e+09	 5.39093e+08	 5.0609e+09	 5.0609e+09	 
  0.0018	 5.61535e+09	 6.2506e+09	 6.2506e+09	 5.33866e+08	 5.01261e+09	 5.01261e+09	 
 0.00185	 5.66219e+09	 6.3041e+09	 6.3041e+09	 5.27461e+08	 4.95307e+09	 4.95307e+09	 
  0.0019	 5.69688e+09	 6.34405e+09	 6.34405e+09	 5.19999e+08	 4.88334e+09	 4.88334e+09	 
 0.00195	 5.72017e+09	 6.37129e+09	 6.37129e+09	 5.1171e+08	 4.80473e+09	 4.80473e+09	 
   0.002	 5.73253e+09	 6.38634e+09	 6.38634e+09	 5.02621e+08	 4.71752e+09	 4.71752e+09	 
 0.00205	 5.73422e+09	 6.38946e+09	 6.38946e+09	 4.92855e+08	 4.62302e+09	 4.62302e+09	 
  0.0021	 5.72551e+09	 6.38095e+09	 6.38095e+09	 4.82523e+08	 4.52149e+09	 4.52149e+09	 
 0.00215	 5.70719e+09	 6.3617e+09	 6.3617e+09	 4.71689e+08	 4.41401e+09	 4.41401e+09	 
  0.0022	 5.67942e+09	 6.33187e+09	 6.33187e+09	 4.60422e+08	 4.30133e+09	 4.30133e+09	 
 0.00225	 5.64302e+09	 6.29236e+09	 6.29236e+09	 4.48881e+08	 4.18427e+09	 4.18427e+09	 
  0.0023	 5.59816e+09	 6.24337e+09	 6.24337e+09	 4.37047e+08	 4.06318e+09	 4.06318e+09	 
 0.00235	 5.54575e+09	 6.18589e+09	 6.18589e+09	 4.25078e+08	 3.93934e+09	 3.93934e+09	 
  0.0024	 5.4859e+09	 6.12008e+09	 6.12008e+09	 4.12938e+08	 3.81299e+09	 3.81299e+09	 
 0.00245	 5.41972e+09	 6.04716e+09	 6.04716e+09	 4.00719e+08	 3.68468e+09	 3.68468e+09	 
  0.0025	 5.34718e+09	 5.96708e+09	 5.96708e+09	 3.88495e+08	 3.55531e+09	 3.55531e+09	 
 0.00255	 5.26894e+09	 5.88059e+09	 5.88059e+09	 3.76231e+08	 3.42546e+09	 3.42546e+09	 
  0.0026	 5.1854e+09	 5.78814e+09	 5.78814e+09	 3.63975e+08	 3.29527e+09	 3.29527e+09	 
 0.00265	 5.09737e+09	 5.69062e+09	 5.69062e+09	 3.51836e+08	 3.16532e+09	 3.16532e+09	 
  0.0027	 5.00485e+09	 5.58806e+09	 5.58806e+09	 3.3962e+08	 3.03573e+09	 3.03573e+09	 
 0.00275	 4.9091e+09	 5.48184e+09	 5.48184e+09	 3.27692e+08	 2.90773e+09	 2.90773e+09	 
  0.0028	 4.81028e+09	 5.37213e+09	 5.37213e+09	 3.15893e+08	 2.781e+09	 2.781e+09	 
 0.00285	 4.70807e+09	 5.25862e+09	 5.25862e+09	 3.04117e+08	 2.65593e+09	 2.65593e+09	 
  0.0029	 4.60406e+09	 5.14303e+09	 5.14303e+09	 2.92772e+08	 2.53391e+09	 2.53391e+09	 
 0.00295	 4.498e+09	 5.02511e+09	 5.02511e+09	 2.81536e+08	 2.41417e+09	 2.41417e+09	 
   0.003	 4.39077e+09	 4.90583e+09	 4.90583e+09	 2.70726e+08	 2.29765e+09	 2.29765e+09	 
 0.00305	 4.28243e+09	 4.78526e+09	 4.78526e+09	 2.60185e+08	 2.18408e+09	 2.18408e+09	 
  0.0031	 4.17343e+09	 4.66391e+09	 4.66391e+09	 2.49961e+08	 2.07396e+09	 2.07396e+09	 
 0.00315	 4.06363e+09	 4.54164e+09	 4.54164e+09	 2.39944e+08	 1.96695e+09	 1.96695e+09	 
  0.0032	 3.95338e+09	 4.41883e+09	 4.41883e+09	 2.30098e+08	 1.8631e+09	 1.8631e+09	 
 0.00325	 3.8431e+09	 4.29597e+09	 4.29597e+09	 2.20479e+08	 1.76261e+09	 1.76261e+09	 
  0.0033	 3.73347e+09	 4.17379e+09	 4.17379e+09	 2.11317e+08	 1.66626e+09	 1.66626e+09	 
 0.00335	 3.62401e+09	 4.05177e+09	 4.05177e+09	 2.02327e+08	 1.57324e+09	 1.57324e+09	 
  0.0034	 3.51527e+09	 3.93052e+09	 3.93052e+09	 1.93604e+08	 1.48384e+09	 1.48384e+09	 
 0.00345	 3.40733e+09	 3.81014e+09	 3.81014e+09	 1.85137e+08	 1.39806e+09	 1.39806e+09	 
  0.0035	 3.3006e+09	 3.69109e+09	 3.69109e+09	 1.77064e+08	 1.3163e+09	 1.3163e+09	 
 0.00355	 3.19472e+09	 3.57296e+09	 3.57296e+09	 1.69124e+08	 1.23776e+09	 1.23776e+09	 
  0.0036	 3.09017e+09	 3.4563e+09	 3.4563e+09	 1.61429e+08	 1.16278e+09	 1.16278e+09	 
 0.00365	 2.98685e+09	 3.341e+09	 3.341e+09	 1.5396e+08	 1.09113e+09	 1.09113e+09	 
  0.0037	 2.88546e+09	 3.22782e+09	 3.22782e+09	 1.46892e+08	 1.02336e+09	 1.02336e+09	 
 0.00375	 2.7859e+09	 3.11666e+09	 3.11666e+09	 1.40133e+08	 9.59079e+08	 9.59079e+08	 
  0.0038	 2.68808e+09	 3.00742e+09	 3.00742e+09	 1.3367e+08	 8.98221e+08	 8.98221e+08	 
 0.00385	 2.59228e+09	 2.9004e+09	 2.9004e+09	 1.27495e+08	 8.4067e+08	 8.4067e+08	 
  0.0039	 2.4983e+09	 2.79542e+09	 2.79542e+09	 1.21563e+08	 7.86282e+08	 7.86282e+08	 
 0.00395	 2.40649e+09	 2.69284e+09	 2.69284e+09	 1.15916e+08	 7.34986e+08	 7.34986e+08	 
   0.004	 2.31631e+09	 2.59208e+09	 2.59208e+09	 1.10347e+08	 6.86198e+08	 6.86198e+08	 
 0.00405	 2.22797e+09	 2.49338e+09	 2.49338e+09	 1.04886e+08	 6.39893e+08	 6.39893e+08	 
  0.0041	 2.14202e+09	 2.39732e+09	 2.39732e+09	 9.98064e+07	 5.96766e+08	 5.96766e+08	 
 0.00415	 2.05813e+09	 2.30356e+09	 2.30356e+09	 9.48913e+07	 5.56154e+08	 5.56154e+08	 
  0.0042	 1.9763e+09	 2.2121e+09	 2.2121e+09	 9.0142e+07	 5.17926e+08	 5.17926e+08	 
 0.00425	 1.89667e+09	 2.12307e+09	 2.12307e+09	 8.56365e+07	 4.82169e+08	 4.82169e+08	 
  0.0043	 1.81925e+09	 2.03651e+09	 2.03651e+09	 8.13333e+07	 4.48749e+08	 4.48749e+08	 
 0.00435	 1.74423e+09	 1.95262e+09	 1.95262e+09	 7.72742e+07	 4.17585e+08	 4.17585e+08	 
  0.0044	 1.67134e+09	 1.87111e+09	 1.87111e+09	 7.33836e+07	 3.88352e+08	 3.88352e+08	 
 0.00445	 1.60068e+09	 1.79207e+09	 1.79207e+09	 6.96651e+07	 3.61011e+08	 3.61011e+08	 
  0.0045	 1.53207e+09	 1.71534e+09	 1.71534e+09	 6.60515e+07	 3.3531e+08	 3.3531e+08	 
 0.00455	 1.46561e+09	 1.641e+09	 1.641e+09	 6.25826e+07	 3.11257e+08	 3.11257e+08	 
  0.0046	 1.40142e+09	 1.5692e+09	 1.5692e+09	 5.93151e+07	 2.88879e+08	 2.88879e+08	 
 0.00465	 1.33947e+09	 1.49989e+09	 1.49989e+09	 5.62368e+07	 2.68159e+08	 2.68159e+08	 
  0.0047	 1.27961e+09	 1.43292e+09	 1.43292e+09	 5.3282e+07	 2.48819e+08	 2.48819e+08	 
 0.00475	 1.22181e+09	 1.36825e+09	 1.36825e+09	 5.0453e+07	 2.30777e+08	 2.30777e+08	 
  0.0048	 1.16613e+09	 1.30594e+09	 1.30594e+09	 4.77869e+07	 2.14103e+08	 2.14103e+08	 
 0.00485	 1.11248e+09	 1.2459e+09	 1.2459e+09	 4.52502e+07	 1.98637e+08	 1.98637e+08	 
  0.0049	 1.0609e+09	 1.18817e+09	 1.18817e+09	 4.28675e+07	 1.81699e+08	 1.81699e+08	 
 0.00495	 1.01124e+09	 1.13259e+09	 1.13259e+09	 4.05865e+07	 1.69108e+08	 1.69108e+08	 
   0.005	 9.6341e+08	 1.07905e+09	 1.07905e+09	 3.83712e+07	 1.5722e+08	 1.5722e+08	 
 0.00505	 9.17396e+08	 1.02755e+09	 1.02755e+09	 3.62379e+07	 1.46036e+08	 1.46036e+08	 
  0.0051	 8.73319e+08	 9.78212e+08	 9.78212e+08	 3.42563e+07	 1.35724e+08	 1.35724e+08	 
 0.00515	 8.30983e+08	 9.30822e+08	 9.30822e+08	 3.23505e+07	 1.26043e+08	 1.26043e+08	 
  0.0052	 7.90366e+08	 8.85356e+08	 8.85356e+08	 3.05255e+07	 1.16927e+08	 1.16927e+08	 
 0.00525	 7.51463e+08	 8.41805e+08	 8.41805e+08	 2.87978e+07	 1.08504e+08	 1.08504e+08	 
  0.0053	 7.14237e+08	 8.00129e+08	 8.00129e+08	 2.71704e+07	 1.00686e+08	 1.00686e+08	 
 0.00535	 6.78687e+08	 7.60324e+08	 7.60324e+08	 2.56576e+07	 9.3454e+07	 9.3454e+07	 
  0.0054	 6.44742e+08	 7.22313e+08	 7.22313e+08	 2.42437e+07	 8.68129e+07	 8.68129e+07	 
 0.00545	 6.12322e+08	 6.86005e+08	 6.86005e+08	 2.29187e+07	 8.06847e+07	 8.06847e+07	 
  0.0055	 5.81277e+08	 6.51238e+08	 6.51238e+08	 2.16415e+07	 7.49245e+07	 7.49245e+07	 
 0.00555	 5.51599e+08	 6.18004e+08	 6.18004e+08	 2.04068e+07	 6.95446e+07	 6.95446e+07	 
  0.0056	 5.23275e+08	 5.86284e+08	 5.86284e+08	 1.92468e+07	 6.4574e+07	 6.4574e+07	 
 0.00565	 4.96236e+08	 5.56004e+08	 5.56004e+08	 1.81359e+07	 5.99086e+07	 5.99086e+07	 
  0.0057	 4.70445e+08	 5.27122e+08	 5.27122e+08	 1.70781e+07	 5.55805e+07	 5.55805e+07	 
 0.00575	 4.4581e+08	 4.99534e+08	 4.99534e+08	 1.60607e+07	 5.15219e+07	 5.15219e+07	 
  0.0058	 4.22375e+08	 4.73289e+08	 4.73289e+08	 1.51035e+07	 4.77672e+07	 4.77672e+07	 
 0.00585	 4.00054e+08	 4.4829e+08	 4.4829e+08	 1.42017e+07	 4.42279e+07	 4.42279e+07	 
  0.0059	 3.78847e+08	 4.24537e+08	 4.24537e+08	 1.33652e+07	 4.10806e+07	 4.10806e+07	 
 0.00595	 3.58709e+08	 4.01978e+08	 4.01978e+08	 1.25883e+07	 3.8173e+07	 3.8173e+07	 
   0.006	 3.39544e+08	 3.8051e+08	 3.8051e+08	 1.18503e+07	 3.54545e+07	 3.54545e+07	 
 0.00605	 3.21343e+08	 3.6012e+08	 3.6012e+08	 1.11578e+07	 3.29505e+07	 3.29505e+07	 
  0.0061	 3.04083e+08	 3.40782e+08	 3.40782e+08	 1.05232e+07	 3.06791e+07	 3.06791e+07	 
 0.00615	 2.87659e+08	 3.22381e+08	 3.22381e+08	 9.91083e+06	 2.84608e+07	 2.84608e+07	 
  0.0062	 2.72042e+08	 3.04885e+08	 3.04885e+08	 9.32523e+06	 2.64888e+07	 2.64888e+07	 
 0.00625	 2.57174e+08	 2.88229e+08	 2.88229e+08	 8.75566e+06	 2.46162e+07	 2.46162e+07	 
  0.0063	 2.43077e+08	 2.72438e+08	 2.72438e+08	 8.22018e+06	 2.28751e+07	 2.28751e+07	 
 0.00635	 2.29685e+08	 2.57434e+08	 2.57434e+08	 7.71188e+06	 2.12653e+07	 2.12653e+07	 
  0.0064	 2.17002e+08	 2.43225e+08	 2.43225e+08	 7.23823e+06	 1.97891e+07	 1.97891e+07	 
 0.00645	 2.04957e+08	 2.2973e+08	 2.2973e+08	 6.7886e+06	 1.83442e+07	 1.83442e+07	 
  0.0065	 1.93562e+08	 2.16963e+08	 2.16963e+08	 6.36943e+06	 1.70944e+07	 1.70944e+07	 
 0.00655	 1.82769e+08	 2.0487e+08	 2.0487e+08	 5.97594e+06	 1.59382e+07	 1.59382e+07	 
  0.0066	 1.72561e+08	 1.93431e+08	 1.93431e+08	 5.61576e+06	 1.48832e+07	 1.48832e+07	 
 0.00665	 1.62907e+08	 1.82613e+08	 1.82613e+08	 5.28076e+06	 1.39145e+07	 1.39145e+07	 
  0.0067	 1.53774e+08	 1.72376e+08	 1.72376e+08	 4.96829e+06	 1.30195e+07	 1.30195e+07	 
 0.00675	 1.45111e+08	 1.62668e+08	 1.62668e+08	 4.66725e+06	 1.21493e+07	 1.21493e+07	 
  0.0068	 1.36903e+08	 1.5347e+08	 1.5347e+08	 4.38043e+06	 1.13661e+07	 1.13661e+07	 
 0.00685	 1.29128e+08	 1.44757e+08	 1.44757e+08	 4.10734e+06	 1.06359e+07	 1.06359e+07	 
  0.0069	 1.21772e+08	 1.36514e+08	 1.36514e+08	 3.84932e+06	 9.95438e+06	 9.95438e+06	 
 0.00695	 1.14809e+08	 1.28711e+08	 1.28711e+08	 3.60492e+06	 9.32162e+06	 9.32162e+06	 
   0.007	 1.08224e+08	 1.21331e+08	 1.21331e+08	 3.37428e+06	 8.73432e+06	 8.73432e+06	 
 0.00705	 1.01996e+08	 1.14352e+08	 1.14352e+08	 3.15707e+06	 8.18964e+06	 8.18964e+06	 
  0.0071	 9.61192e+07	 1.07766e+08	 1.07766e+08	 2.95686e+06	 7.68106e+06	 7.68106e+06	 
 0.00715	 9.05643e+07	 1.0154e+08	 1.0154e+08	 2.76787e+06	 7.22666e+06	 7.22666e+06	 
  0.0072	 8.53254e+07	 9.5668e+07	 9.5668e+07	 2.59334e+06	 6.80917e+06	 6.80917e+06	 
 0.00725	 8.03802e+07	 9.01248e+07	 9.01248e+07	 2.43151e+06	 6.42644e+06	 6.42644e+06	 
  0.0073	 7.5721e+07	 8.49017e+07	 8.49017e+07	 2.28287e+06	 6.07717e+06	 6.07717e+06	 
 0.00735	 7.13203e+07	 7.99683e+07	 7.99683e+07	 2.1435e+06	 5.75619e+06	 5.75619e+06	 
  0.0074	 6.71589e+07	 7.53034e+07	 7.53034e+07	 2.00969e+06	 5.43906e+06	 5.43906e+06	 
 0.00745	 6.32272e+07	 7.08961e+07	 7.08961e+07	 1.88259e+06	 5.16272e+06	 5.16272e+06	 
  0.0075	 5.9511e+07	 6.67306e+07	 6.67306e+07	 1.76016e+06	 4.89961e+06	 4.89961e+06	 
 0.00755	 5.60014e+07	 6.27966e+07	 6.27966e+07	 1.64476e+06	 4.65574e+06	 4.65574e+06	 
  0.0076	 5.2694e+07	 5.90893e+07	 5.90893e+07	 1.53747e+06	 4.43486e+06	 4.43486e+06	 
 0.00765	 4.9574e+07	 5.55917e+07	 5.55917e+07	 1.43681e+06	 4.23152e+06	 4.23152e+06	 
  0.0077	 4.66339e+07	 5.22958e+07	 5.22958e+07	 1.34284e+06	 4.03725e+06	 4.03725e+06	 
 0.00775	 4.38582e+07	 4.91843e+07	 4.91843e+07	 1.25377e+06	 3.86535e+06	 3.86535e+06	 
  0.0078	 4.12516e+07	 4.62621e+07	 4.62621e+07	 1.17174e+06	 3.7101e+06	 3.7101e+06	 
 0.00785	 3.87939e+07	 4.35066e+07	 4.35066e+07	 1.09632e+06	 3.56959e+06	 3.56959e+06	 
  0.0079	 3.64895e+07	 4.09224e+07	 4.09224e+07	 1.02942e+06	 3.44634e+06	 3.44634e+06	 
 0.00795	 3.43131e+07	 3.8482e+07	 3.8482e+07	   964936	 3.3294e+06	 3.3294e+06	 
   0.008	 3.22596e+07	 3.61795e+07	 3.61795e+07	   903327	 3.21705e+06	 3.21705e+06	 
 0.00805	 3.03231e+07	 3.40083e+07	 3.40083e+07	   844125	 3.11187e+06	 3.11187e+06	 
  0.0081	 2.84985e+07	 3.19625e+07	 3.19625e+07	   788897	 3.01865e+06	 3.01865e+06	 
 0.00815	 2.67824e+07	 3.00384e+07	 3.00384e+07	   737362	 2.93323e+06	 2.93323e+06	 
  0.0082	 2.51649e+07	 2.82248e+07	 2.82248e+07	   688414	 2.8531e+06	 2.8531e+06	 
 0.00825	 2.36406e+07	 2.65157e+07	 2.65157e+07	   641911	 2.77794e+06	 2.77794e+06	 
  0.0083	 2.22073e+07	 2.49087e+07	 2.49087e+07	   599045	 2.70979e+06	 2.70979e+06	 
 0.00835	 2.08572e+07	 2.33949e+07	 2.33949e+07	   558133	 2.64475e+06	 2.64475e+06	 
  0.0084	 1.95887e+07	 2.19725e+07	 2.19725e+07	   520488	 2.58615e+06	 2.58615e+06	 
 0.00845	 1.8396e+07	 2.06351e+07	 2.06351e+07	   485526	 2.53219e+06	 2.53219e+06	 
  0.0085	 1.72807e+07	 1.93841e+07	 1.93841e+07	   455234	 2.4854e+06	 2.4854e+06	 
 0.00855	 1.62297e+07	 1.82053e+07	 1.82053e+07	   426125	 2.43898e+06	 2.43898e+06	 
  0.0086	 1.52408e+07	 1.70962e+07	 1.70962e+07	   398744	 2.39601e+06	 2.39601e+06	 
 0.00865	 1.43107e+07	 1.60531e+07	 1.60531e+07	   373045	 2.35554e+06	 2.35554e+06	 
  0.0087	 1.34351e+07	 1.50711e+07	 1.50711e+07	   348531	 2.31648e+06	 2.31648e+06	 
 0.00875	 1.2611e+07	 1.41469e+07	 1.41469e+07	   325180	 2.27756e+06	 2.27756e+06	 
  0.0088	 1.1836e+07	 1.32777e+07	 1.32777e+07	   303197	 2.24058e+06	 2.24058e+06	 
 0.00885	 1.11072e+07	 1.24604e+07	 1.24604e+07	   282439	 2.20433e+06	 2.20433e+06	 
  0.0089	 1.04221e+07	 1.16921e+07	 1.16921e+07	   263021	 2.16922e+06	 2.16922e+06	 
 0.00895	 9.77712e+06	 1.09688e+07	 1.09688e+07	   244279	 2.13382e+06	 2.13382e+06	 
   0.009	 9.17238e+06	 1.02906e+07	 1.02906e+07	   227300	 2.10006e+06	 2.10006e+06	 
 0.00905	 8.6052e+06	 9.65448e+06	 9.65448e+06	   211804	 2.06681e+06	 2.06681e+06	 
  0.0091	 8.07503e+06	 9.05971e+06	 9.05971e+06	   198400	 2.0365e+06	 2.0365e+06	 
 0.00915	 7.57731e+06	 8.50132e+06	 8.50132e+06	   186030	 2.00677e+06	 2.00677e+06	 
  0.0092	 7.10888e+06	 7.97583e+06	 7.97583e+06	   173982	 1.9762e+06	 1.9762e+06	 
 0.00925	 6.66852e+06	 7.48185e+06	 7.48185e+06	   162595	 1.94476e+06	 1.94476e+06	 
  0.0093	 6.25474e+06	 7.01768e+06	 7.01768e+06	   151875	 1.91368e+06	 1.91368e+06	 
 0.00935	 5.86535e+06	 6.5809e+06	 6.5809e+06	   141480	 1.88159e+06	 1.88159e+06	 
  0.0094	 5.49955e+06	 6.1706e+06	 6.1706e+06	   131691	 1.84928e+06	 1.84928e+06	 
 0.00945	 5.15619e+06	 5.78546e+06	 5.78546e+06	   122563	 1.81684e+06	 1.81684e+06	 
  0.0095	 4.83295e+06	 5.42292e+06	 5.42292e+06	   113660	 1.78347e+06	 1.78347e+06	 
 0.00955	 4.52995e+06	 5.08306e+06	 5.08306e+06	   105516	 1.7503e+06	 1.7503e+06	 
  0.0096	 4.24596e+06	 4.7645e+06	 4.7645e+06	  98069.5	 1.71733e+06	 1.71733e+06	 
 0.00965	 3.98005e+06	 4.46618e+06	 4.46618e+06	  91372.3	 1.68452e+06	 1.68452e+06	 
  0.0097	 3.73185e+06	 4.18767e+06	 4.18767e+06	  85666.5	 1.65245e+06	 1.65245e+06	 
 0.00975	 3.49881e+06	 3.92618e+06	 3.92618e+06	  80224.8	 1.62015e+06	 1.62015e+06	 
  0.0098	 3.27977e+06	 3.6804e+06	 3.6804e+06	  75078.5	 1.58755e+06	 1.58755e+06	 
 0.00985	 3.07392e+06	 3.44943e+06	 3.44943e+06	  70113.4	 1.55446e+06	 1.55446e+06	 
  0.0099	 2.8805e+06	 3.23244e+06	 3.23244e+06	  65336.9	 1.52096e+06	 1.52096e+06	 
 0.00995	 2.69886e+06	 3.02865e+06	 3.02865e+06	  60804.5	 1.48703e+06	 1.48703e+06	 
    0.01	 2.52835e+06	 2.83736e+06	 2.83736e+06	  56490.6	 1.45323e+06	 1.45323e+06	 
 0.01005	 2.3685e+06	 2.65803e+06	 2.65803e+06	  52516.9	 1.41956e+06	 1.41956e+06	 
  0.0101	 2.21823e+06	 2.48945e+06	 2.48945e+06	  48711.3	 1.38571e+06	 1.38571e+06	 
 0.01015	 2.0776e+06	 2.33167e+06	 2.33167e+06	  45217.2	 1.35228e+06	 1.35228e+06	 
  0.0102	 1.94554e+06	 2.18352e+06	 2.18352e+06	  41945.7	 1.31898e+06	 1.31898e+06	 
 0.01025	 1.82212e+06	 2.04503e+06	 2.04503e+06	  39042.6	 1.28528e+06	 1.28528e+06	 
  0.0103	 1.70705e+06	 1.91588e+06	 1.91588e+06	  36598.3	 1.25317e+06	 1.25317e+06	 
 0.01035	 1.59901e+06	 1.79462e+06	 1.79462e+06	  34256.9	 1.22111e+06	 1.22111e+06	 
  0.0104	 1.49741e+06	 1.68061e+06	 1.68061e+06	  31943.5	 1.18913e+06	 1.18913e+06	 
 0.01045	 1.40219e+06	 1.57375e+06	 1.57375e+06	  29803.6	 1.15738e+06	 1.15738e+06	 
  0.0105	 1.3128e+06	 1.47345e+06	 1.47345e+06	  27750.3	 1.12583e+06	 1.12583e+06	 
 0.01055	 1.22897e+06	 1.37938e+06	 1.37938e+06	  25827.7	 1.09426e+06	 1.09426e+06	 
  0.0106	 1.15022e+06	 1.29102e+06	 1.29102e+06	  23957.5	 1.06291e+06	 1.06291e+06	 
 0.01065	 1.07656e+06	 1.20836e+06	 1.20836e+06	  22276.7	 1.03245e+06	 1.03245e+06	 
  0.0107	 1.00737e+06	 1.13073e+06	 1.13073e+06	  20646.2	 1.00247e+06	 1.00247e+06	 
 0.01075	   942332	 1.05776e+06	 1.05776e+06	  19017.7	   972974	   972974	 
  0.0108	   881672	   989687	   989687	    17640	   943592	   943592	 
 0.01085	   824973	   926053	   926053	  16410.8	   915262	   915262	 
  0.0109	   772075	   866675	   866675	    15355	   887585	   887585	 
 0.01095	   722525	   811054	   811054	  14370.2	   859829	   859829	 
   0.011	   676030	   758865	   758865	  13415.7	   833120	   833120	 
 0.01105	   632269	   709756	   709756	  12433.5	   806889	   806889	 
  0.0111	   591226	   663701	   663701	  11486.6	   780827	   780827	 
 0.01115	   552883	   620669	   620669	  10653.6	   755262	   755262	 
  0.0112	   517033	   580430	   580430	  9902.21	   730653	   730653	 
 0.01125	   483464	   542753	   542753	  9201.12	   706300	   706300	 
  0.0113	   451795	   507220	   507220	  8437.32	   682707	   682707	 
 0.01135	   422387	   474212	   474212	  7833.25	   659769	   659769	 
  0.0114	   394814	   443264	   443264	  7256.07	   637372	   637372	 
 0.01145	   368829	   414109	   414109	  6624.45	   615487	   615487	 
  0.0115	   344865	   387203	   387203	  6199.41	   594301	   594301	 
 0.01155	   322440	   362024	   362024	  5800.57	   573591	   573591	 
  0.0116	   301436	   338441	   338441	  5421.73	   553340	   553340	 
 0.01165	   281449	   316019	   316019	  4917.28	   533624	   533624	 
  0.0117	   263048	   295359	   295359	  4582.67	   514483	   514483	 
 0.01175	   245806	   276003	   276003	  4258.12	   495711	   495711	 
  0.0118	   229557	   257767	   257767	  3901.06	   477557	   477557	 
 0.01185	   214469	   240827	   240827	  3621.84	   459925	   459925	 
  0.0119	   200322	   224947	   224947	  3344.57	   442757	   442757	 
 0.01195	   187141	   210147	   210147	  3107.12	   426058	   426058	 
   0.012	   174791	   196282	   196282	  2875.35	   409768	   409768	 
 0.01205	   163249	   183324	   183324	  2661.34	   394092	   394092	 
  0.0121	   152481	   171234	   171234	  2471.16	   378857	   378857	 
 0.01215	   142463	   159983	   159983	  2314.89	   364032	   364032	 
  0.0122	   133089	   149456	   149456	  2166.54	   349743	   349743	 
 0.01225	   124242	   139525	   139525	  1990.81	   335870	   335870	 
  0.0123	   116038	   130312	   130312	  1856.22	   322404	   322404	 
 0.01235	   108353	   121683	   121683	  1723.64	   309337	   309337	 
  0.0124	   101184	   113632	   113632	  1605.71	   296672	   296672	 
 0.01245	  94434.4	   106056	   106056	  1474.87	   284457	   284457	 
  0.0125	  88148.8	  98998.3	  98998.3	  1362.12	   272607	   272607	 
 0.01255	  82240.1	  92366.1	  92366.1	  1240.59	   261105	   261105	 
  0.0126	  76759.3	  86211.9	  86211.9	  1146.21	   250066	   250066	 
 0.01265	  71629.6	  80452.6	  80452.6	  1053.15	   239337	   239337	 
  0.0127	  66831.7	    75066	    75066	  963.632	   229011	   229011	 
 0.01275	  62402.1	  70090.2	  70090.2	  903.586	   219019	   219019	 
  0.0128	  58258.1	  65435.5	  65435.5	  845.044	   209444	   209444	 
 0.01285	    54365	  61063.7	  61063.7	  780.753	   200094	   200094	 
  0.0129	  50717.1	  56967.9	  56967.9	   715.58	   191187	   191187	 
 0.01295	  47294.6	    53126	    53126	  647.991	   182619	   182619	 
   0.013	  44138.7	  49581.2	  49581.2	  603.094	   174360	   174360	 
 0.01305	  41164.4	  46241.8	  46241.8	  549.438	   166402	   166402	 
  0.0131	  38360.2	  43094.7	  43094.7	  487.724	   158736	   158736	 
 0.01315	  35791.3	  40209.1	  40209.1	  452.205	   151378	   151378	 
  0.0132	  33366.9	  37487.2	  37487.2	  407.995	   144297	   144297	 
 0.01325	  31108.7	  34951.5	  34951.5	  368.939	   137500	   137500	 
  0.0133	  29009.4	    32594	    32594	  335.987	   130978	   130978	 
 0.01335	  27027.3	  30369.1	  30369.1	  295.667	   124714	   124714	 
  0.0134	  25218.6	  28336.7	  28336.7	  276.627	   118711	   118711	 
 0.01345	  23461.2	  26365.5	  26365.5	  228.743	   112938	   112938	 
  0.0135	  21886.6	  24596.1	  24596.1	  213.012	   107417	   107417	 
 0.01355	    20416	  22943.5	  22943.5	  198.184	   102047	   102047	 
  0.0136	  19043.1	  21400.7	  21400.7	  184.024	  96989.7	  96989.7	 
 0.01365	  17758.9	  19957.8	  19957.8	  169.847	  92147.2	  92147.2	 
  0.0137	  16560.9	  18611.6	  18611.6	  156.666	  87441.7	  87441.7	 
 0.01375	  15444.2	  17356.7	  17356.7	  145.159	  83016.9	  83016.9	 
  0.0138	    14400	  16183.5	  16183.5	  133.634	  78789.4	  78789.4	 
 0.01385	  13428.4	  15091.6	  15091.6	  124.029	  74690.1	  74690.1	 
  0.0139	  12525.4	  14076.7	  14076.7	  116.642	  70842.3	  70842.3	 
 0.01395	  11683.3	  13130.1	  13130.1	  109.929	  67171.4	  67171.4	 
   0.014	  10896.3	  12245.5	  12245.5	  103.213	  63669.3	  63669.3	 
 0.01405	  10160.9	  11419.1	  11419.1	  96.4945	  60328.9	  60328.9	 
  0.0141	  9473.66	  10646.8	  10646.8	  89.7724	  57144.9	  57144.9	 
 0.01415	   8789.8	  9880.54	  9880.54	  64.7442	  54104.6	  54104.6	 
  0.0142	  8194.31	   9211.2	   9211.2	   60.028	  51216.6	  51216.6	 
 0.01425	  7637.85	  8585.77	  8585.77	  55.3102	    48469	    48469	 
  0.0143	  7077.14	  7957.77	  7957.77	  32.8026	  45845.8	  45845.8	 
 0.01435	  6596.02	  7416.85	  7416.85	  30.0149	  43358.6	  43358.6	 
  0.0144	  6146.84	  6911.87	  6911.87	  27.2271	  40995.8	  40995.8	 
 0.01445	  5690.21	  6400.49	  6400.49	  8.53003	    38740	    38740	 
  0.0145	  5303.76	   5965.8	   5965.8	   7.9467	  36598.7	  36598.7	 
 0.01455	  4943.68	  5560.75	  5560.75	  7.55157	  34574.4	  34574.4	 
  0.0146	  4607.87	  5183.02	  5183.02	  7.15644	  32654.9	  32654.9	 
 0.01465	   4294.6	  4830.63	  4830.63	  6.76131	  30831.3	  30831.3	 
  0.0147	  4002.31	  4501.86	  4501.86	  6.36618	  29103.8	  29103.8	 
 0.01475	  3729.72	  4195.24	  4195.24	  5.97104	    27465	    27465	 
  0.0148	  3475.72	  3909.53	  3909.53	   5.5759	  25911.6	  25911.6	 
 0.01485	  3238.56	  3642.78	  3642.78	  5.18076	    24440	    24440	 
  0.0149	   3017.5	  3394.13	  3394.13	  4.78561	  23046.5	  23046.5	 
 0.01495	  2811.36	  3162.27	  3162.27	  4.39046	  21725.9	  21725.9	 
   0.015	  2619.03	  2945.94	  2945.94	  3.99531	  20476.3	  20476.3	 
 0.01505	   2438.1	  2742.53	  2742.53	  2.91586	  19293.9	  19293.9	 
  0.0151	  2265.18	  2548.34	  2548.34	 0.0955159	  18174.6	  18174.6	 
 0.01515	  2110.19	  2373.98	  2373.98	 0.0905939	  17116.9	  17116.9	 
  0.0152	  1965.67	   2211.4	   2211.4	 0.0856719	  16117.3	  16117.3	 
 0.01525	  1831.04	  2059.93	  2059.93	 0.0807499	  15172.6	  15172.6	 
  0.0153	  1705.52	  1918.73	  1918.73	 0.0758278	  14279.9	  14279.9	 
 0.01535	  1588.61	  1787.19	  1787.19	 0.0709056	  13436.8	  13436.8	 
  0.0154	  1479.62	  1664.58	  1664.58	 0.0659834	  12640.5	  12640.5	 
 0.01545	  1378.04	  1550.31	  1550.31	 0.0610612	    11889	    11889	 
  0.0155	   1283.4	  1443.84	  1443.84	 0.0561388	  11179.5	  11179.5	 
 0.01555	  1195.21	  1344.62	  1344.62	 0.0512164	  10510.4	  10510.4	 
  0.0156	  1113.04	  1252.18	  1252.18	 0.046294	  9879.03	  9879.03	 
 0.01565	  1036.37	  1165.94	  1165.94	 4.45544e-34	  9283.84	  9283.84	 
  0.0157	  965.061	  1085.71	  1085.71	 4.45544e-34	  8722.64	  8722.64	 
 0.01575	  898.603	  1010.94	  1010.94	 4.45544e-34	  8193.76	  8193.76	 
  0.0158	  836.705	  941.304	  941.304	 4.45544e-34	  7695.46	  7695.46	 
 0.01585	  779.039	  876.429	  876.429	 4.45544e-34	  7226.12	  7226.12	 
  0.0159	  725.321	  815.996	  815.996	 4.45544e-34	  6783.98	  6783.98	 
 0.01595	  675.289	  759.709	  759.709	 4.45544e-34	  6367.95	  6367.95	 
   0.016	   628.68	  707.273	  707.273	 4.45544e-34	   5976.1	   5976.1	 
 0.01605	  585.275	  658.441	  658.441	 4.45544e-34	  5607.52	  5607.52	 
  0.0161	  544.833	  612.944	  612.944	 4.45544e-34	  5260.62	  5260.62	 
 0.01615	   507.18	  570.584	  570.584	 4.45544e-34	  4934.53	  4934.53	 
  0.0162	  472.108	  531.128	  531.128	 4.45544e-34	   4627.8	   4627.8	 
 0.01625	  439.442	  494.378	  494.378	 4.45544e-34	  4339.37	  4339.37	 
  0.0163	  409.029	  460.163	  460.163	 4.45544e-34	  4068.36	  4068.36	 
 0.01635	  380.716	   428.31	   428.31	 4.45544e-34	   3813.7	   3813.7	 
  0.0164	  354.338	  398.635	  398.635	 4.45544e-34	  3574.32	  3574.32	 
 0.01645	  329.776	  371.002	  371.002	 4.45544e-34	  3349.69	  3349.69	 
  0.0165	  306.922	  345.291	  345.291	 4.45544e-34	  3138.57	  3138.57	 
 0.01655	  285.633	   321.34	   321.34	 4.45544e-34	  2940.42	  2940.42	 
  0.0166	   265.81	   299.04	   299.04	 4.45544e-34	  2754.36	  2754.36	 
 0.01665	  247.356	  278.278	  278.278	 4.45544e-34	  2579.67	  2579.67	 
  0.0167	  230.172	  258.946	  258.946	 4.45544e-34	  2415.82	  2415.82	 
 0.01675	  214.185	  240.961	  240.961	 4.45544e-34	  2262.09	  2262.09	 
  0.0168	  199.292	  224.206	  224.206	 4.45544e-34	  2117.97	  2117.97	 
 0.01685	  185.432	  208.614	  208.614	 4.45544e-34	  1982.73	  1982.73	 
  0.0169	   172.53	  194.099	  194.099	 4.45544e-34	  1855.85	  1855.85	 
 0.01695	  160.526	  180.593	  180.593	 4.45544e-34	  1736.97	  1736.97	 
   0.017	   149.35	  168.021	  168.021	 4.45544e-34	  1625.49	  1625.49	 
 0.01705	  138.946	  156.316	  156.316	 4.45544e-34	  1521.02	  1521.02	 
  0.0171	  129.265	  145.425	  145.425	 4.45544e-34	  1423.12	  1423.12	 
 0.01715	  120.253	  135.286	  135.286	 4.45544e-34	  1331.38	  1331.38	 
  0.0172	  111.867	  125.852	  125.852	 4.45544e-34	  1245.44	  1245.44	 
 0.01725	  104.062	  117.071	  117.071	 4.45544e-34	  1164.92	  1164.92	 
  0.0173	  96.7992	    108.9	    108.9	 4.45544e-34	  1089.52	  1089.52	 
 0.01735	  90.0407	  101.297	  101.297	 4.45544e-34	  1018.88	  1018.88	 
  0.0174	  83.7514	  94.2214	  94.2214	 4.45544e-34	  952.749	  952.749	 
 0.01745	  77.8984	  87.6367	  87.6367	 4.45544e-34	  890.834	  890.834	 
  0.0175	  72.4534	   81.511	   81.511	 4.45544e-34	  832.865	  832.865	 
 0.01755	  67.3867	  75.8109	  75.8109	 4.45544e-34	  778.609	  778.609	 
  0.0176	  62.6722	   70.507	   70.507	 4.45544e-34	  727.837	  727.837	 
 0.01765	  58.2858	  65.5722	  65.5722	 4.45544e-34	  680.299	  680.299	 
  0.0177	  54.2055	  60.9819	  60.9819	 4.45544e-34	  635.836	  635.836	 
 0.01775	  50.4096	  56.7115	  56.7115	 4.45544e-34	  594.216	  594.216	 
  0.0178	  46.8784	  52.7388	  52.7388	 4.45544e-34	  555.297	  555.297	 
 0.01785	  43.5921	  49.0417	  49.0417	 4.45544e-34	  518.865	  518.865	 
  0.0179	  40.5366	  45.6042	  45.6042	 4.45544e-34	  484.798	  484.798	 
 0.01795	  37.6921	  42.4041	  42.4041	 4.45544e-34	  452.952	  452.952	 
   0.018	  35.0478	  39.4292	  39.4292	 4.45544e-34	   423.15	   423.15	 
 0.01805	  32.5876	  36.6615	  36.6615	 4.45544e-34	  395.285	  395.285	 
  0.0181	  30.2999	  34.0878	  34.0878	 4.45544e-34	  369.214	  369.214	 
 0.01815	  28.1718	  31.6936	  31.6936	 4.45544e-34	  344.868	  344.868	 
  0.0182	  26.1917	   29.466	   29.466	 4.45544e-34	  322.085	  322.085	 
 0.01825	  24.3506	  27.3947	  27.3947	 4.45544e-34	  300.795	  300.795	 
  0.0183	   22.639	  25.4692	  25.4692	 4.45544e-34	  280.891	  280.891	 
 0.01835	  21.0461	  23.6771	  23.6771	 4.45544e-34	  262.285	  262.285	 
  0.0184	  19.5657	  22.0116	  22.0116	 4.45544e-34	  244.905	  244.905	 
 0.01845	  18.1888	  20.4626	  20.4626	 4.45544e-34	  228.662	  228.662	 
  0.0185	  16.9074	  19.0211	  19.0211	 4.45544e-34	  213.468	  213.468	 
 0.01855	  15.7166	  17.6814	  17.6814	 4.45544e-34	  199.286	  199.286	 
  0.0186	  14.6092	  16.4356	  16.4356	 4.45544e-34	  186.029	  186.029	 
 0.01865	  13.5796	  15.2772	  15.2772	 4.45544e-34	  173.648	  173.648	 
  0.0187	   12.622	     14.2	     14.2	 4.45544e-34	  162.077	  162.077	 
 0.01875	  11.7317	  13.1984	  13.1984	 4.45544e-34	   151.27	   151.27	 
  0.0188	  10.9041	  12.2672	  12.2672	 4.45544e-34	  141.176	  141.176	 
 0.01885	  10.1345	  11.4015	  11.4015	 4.45544e-34	  131.749	  131.749	 
  0.0189	  9.41898	  10.5965	  10.5965	 4.45544e-34	  122.943	  122.943	 
 0.01895	  8.75375	  9.84808	  9.84808	 4.45544e-34	   114.72	   114.72	 
   0.019	  8.13531	  9.15233	  9.15233	 4.45544e-34	  107.041	  107.041	 
 0.01905	  7.56041	  8.50555	  8.50555	 4.45544e-34	  99.8705	  99.8705	 
  0.0191	  7.02585	  7.90417	  7.90417	 4.45544e-34	  93.1744	  93.1744	 
 0.01915	  6.52914	  7.34537	  7.34537	 4.45544e-34	  86.9224	  86.9224	 
  0.0192	   6.0672	  6.82568	  6.82568	 4.45544e-34	  81.0881	  81.0881	 
 0.01925	  5.63785	  6.34265	  6.34265	 4.45544e-34	  75.6395	  75.6395	 
  0.0193	   5.2388	  5.89371	  5.89371	 4.45544e-34	  70.5552	  70.5552	 
 0.01935	  4.86785	  5.47639	  5.47639	 4.45544e-34	  65.8067	  65.8067	 
  0.0194	  4.52303	  5.08847	  5.08847	 4.45544e-34	  61.3764	  61.3764	 
 0.01945	  4.20261	  4.72799	  4.72799	 4.45544e-34	   57.241	   57.241	 
  0.0195	  3.90482	  4.39297	  4.39297	 4.45544e-34	  53.3811	  53.3811	 
 0.01955	  3.62803	  4.08158	  4.08158	 4.45544e-34	  49.7789	  49.7789	 
  0.0196	   3.3707	  3.79208	  3.79208	 4.45544e-34	  46.4183	  46.4183	 
 0.01965	  3.13152	    3.523	    3.523	 4.45544e-34	  43.2835	  43.2835	 
  0.0197	  2.90939	   3.2731	   3.2731	 4.45544e-34	  40.3566	  40.3566	 
 0.01975	  2.70284	  3.04073	  3.04073	 4.45544e-34	  37.6269	  37.6269	 
  0.0198	  2.51097	  2.82487	  2.82487	 4.45544e-34	  35.0785	  35.0785	 
 0.01985	  2.33256	  2.62416	  2.62416	 4.45544e-34	  32.7025	  32.7025	 
  0.0199	  2.16684	  2.43773	  2.43773	 4.45544e-34	  30.4865	  30.4865	 
 0.01995	  2.01289	  2.26452	  2.26452	 4.45544e-34	  28.4179	  28.4179	 
    0.02	  1.86985	  2.10361	  2.10361	 4.45544e-34	  26.4897	  26.4897	 
 0.02005	  1.73684	  1.95397	  1.95397	 4.45544e-34	  24.6913	  24.6913	 
  0.0201	  1.61333	  1.81501	  1.81501	 4.45544e-34	  23.0137	  23.0137	 
 0.02015	  1.49853	  1.68587	  1.68587	 4.45544e-34	   21.448	   21.448	 
  0.0202	  1.39188	  1.56589	  1.56589	 4.45544e-34	   19.989	   19.989	 
 0.02025	  1.29279	  1.45441	  1.45441	 4.45544e-34	  18.6278	  18.6278	 
  0.0203	  1.20073	  1.35084	  1.35084	 4.45544e-34	  17.3591	  17.3591	 
 0.02035	  1.11521	  1.25463	  1.25463	 4.45544e-34	  16.1759	  16.1759	 
  0.0204	  1.03575	  1.16523	  1.16523	 4.45544e-34	  15.0726	  15.0726	 
 0.02045	 0.961933	  1.08219	  1.08219	 4.45544e-34	  14.0442	  14.0442	 
  0.0205	 0.893364	  1.00505	  1.00505	 4.45544e-34	  13.0853	  13.0853	 
 0.02055	 0.829651	 0.933368	 0.933368	 4.45544e-34	  12.1912	  12.1912	 
  0.0206	 0.770487	 0.866808	 0.866808	 4.45544e-34	  11.3579	  11.3579	 
 0.02065	 0.715512	  0.80496	  0.80496	 4.45544e-34	   10.581	   10.581	 
  0.0207	  0.66444	 0.747504	 0.747504	 4.45544e-34	  9.85697	  9.85697	 
 0.02075	    0.617	 0.694133	 0.694133	 4.45544e-34	  9.18202	  9.18202	 
  0.0208	  0.57295	 0.644576	 0.644576	 4.45544e-34	  8.55292	  8.55292	 
 0.02085	 0.532027	 0.598537	 0.598537	 4.45544e-34	  7.96664	  7.96664	 
  0.0209	 0.494013	 0.555771	 0.555771	 4.45544e-34	  7.42018	  7.42018	 
 0.02095	 0.458701	 0.516044	 0.516044	 4.45544e-34	  6.91104	  6.91104	 
   0.021	 0.425926	 0.479172	 0.479172	 4.45544e-34	  6.43654	  6.43654	 
 0.02105	 0.395458	 0.444895	 0.444895	 4.45544e-34	  5.99422	  5.99422	 
  0.0211	 0.367177	 0.413079	 0.413079	 4.45544e-34	  5.58228	  5.58228	 
 0.02115	 0.340909	 0.383527	 0.383527	 4.45544e-34	  5.19843	  5.19843	 
  0.0212	 0.316517	 0.356086	 0.356086	 4.45544e-34	  4.84069	  4.84069	 
 0.02125	 0.293858	 0.330594	 0.330594	 4.45544e-34	  4.50748	  4.50748	 
  0.0213	 0.272823	  0.30693	  0.30693	 4.45544e-34	  4.19702	  4.19702	 
 0.02135	 0.253287	 0.284951	 0.284951	 4.45544e-34	  3.90771	  3.90771	 
  0.0214	 0.235138	 0.264533	 0.264533	 4.45544e-34	   3.6383	   3.6383	 
 0.02145	 0.218289	 0.245578	 0.245578	 4.45544e-34	  3.38737	  3.38737	 
  0.0215	 0.202644	 0.227977	 0.227977	 4.45544e-34	   3.1535	   3.1535	 
 0.02155	 0.188119	 0.211637	 0.211637	 4.45544e-34	   2.9358	   2.9358	 
  0.0216	 0.174635	 0.196467	 0.196467	 4.45544e-34	  2.73303	  2.73303	 
 0.02165	 0.162105	  0.18237	  0.18237	 4.45544e-34	  2.54412	  2.54412	 
  0.0217	 0.150474	 0.169286	 0.169286	 4.45544e-34	  2.36819	  2.36819	 
 0.02175	 0.139677	 0.157139	 0.157139	 4.45544e-34	  2.20434	  2.20434	 
  0.0218	 0.129651	 0.145859	 0.145859	 4.45544e-34	  2.05168	  2.05168	 
 0.02185	 0.120342	 0.135387	 0.135387	 4.45544e-34	  1.90969	  1.90969	 
  0.0219	 0.111701	 0.125665	 0.125665	 4.45544e-34	   1.7773	   1.7773	 
 0.02195	 0.103677	 0.116638	 0.116638	 4.45544e-34	  1.65411	  1.65411	 
   0.022	 0.0962283	 0.108258	 0.108258	 4.45544e-34	  1.53941	  1.53941	 
 0.02205	 0.0893124	 0.100478	 0.100478	 4.45544e-34	  1.43259	  1.43259	 
  0.0221	 0.0828929	 0.0932556	 0.0932556	 4.45544e-34	  1.33314	  1.33314	 
 0.02215	 0.0769328	 0.0865504	 0.0865504	 4.45544e-34	  1.24057	  1.24057	 
  0.0222	 0.0714002	 0.0803262	 0.0803262	 4.45544e-34	  1.15436	  1.15436	 
 0.02225	 0.0662636	 0.0745474	 0.0745474	 4.45544e-34	  1.07413	  1.07413	 
  0.0223	 0.0614966	 0.0691845	 0.0691845	 4.45544e-34	 0.999434	 0.999434	 
 0.02235	 0.0570697	 0.0642041	 0.0642041	 4.45544e-34	 0.929913	 0.929913	 
  0.0224	 0.0529621	 0.059583	 0.059583	 4.45544e-34	 0.865173	 0.865173	 
 0.02245	 0.0491487	 0.0552929	 0.0552929	 4.45544e-34	 0.804929	 0.804929	 
  0.0225	 0.0456087	 0.0513104	 0.0513104	 4.45544e-34	  0.74886	  0.74886	 
 0.02255	 0.0423235	 0.0476145	 0.0476145	 4.45544e-34	 0.696666	 0.696666	 
  0.0226	 0.0392746	 0.0441844	 0.0441844	 4.45544e-34	 0.648097	 0.648097	 
 0.02265	 0.0364432	 0.0409991	 0.0409991	 4.45544e-34	 0.602888	 0.602888	 
  0.0227	 0.0338175	 0.0380451	 0.0380451	 4.45544e-34	 0.560823	 0.560823	 
 0.02275	 0.0313778	 0.0353004	 0.0353004	 4.45544e-34	 0.521656	 0.521656	 
  0.0228	 0.029115	 0.0327547	 0.0327547	 4.45544e-34	 0.485225	 0.485225	 
 0.02285	 0.0270156	 0.0303929	 0.0303929	 4.45544e-34	 0.451317	 0.451317	 
  0.0229	 0.025066	 0.0281996	 0.0281996	 4.45544e-34	 0.419773	 0.419773	 
 0.02295	 0.0232572	 0.0261647	 0.0261647	 4.45544e-34	 0.390415	 0.390415	 
   0.023	 0.0215783	 0.0242759	 0.0242759	 4.45544e-34	 0.363101	 0.363101	 
 0.02305	 0.0200208	 0.0225237	 0.0225237	 4.45544e-34	 0.337688	 0.337688	 
  0.0231	 0.0185742	 0.0208962	 0.0208962	 4.45544e-34	 0.314052	 0.314052	 
 0.02315	 0.0172335	 0.019388	 0.019388	 4.45544e-34	 0.292052	 0.292052	 
  0.0232	 0.015988	 0.0179867	 0.0179867	 4.45544e-34	 0.271597	 0.271597	 
 0.02325	 0.0148326	 0.0166869	 0.0166869	 4.45544e-34	 0.252546	 0.252546	 
  0.0233	 0.0137606	 0.0154808	 0.0154808	 4.45544e-34	 0.234846	 0.234846	 
 0.02335	 0.0127658	 0.0143617	 0.0143617	 4.45544e-34	 0.218372	 0.218372	 
  0.0234	 0.0118428	 0.0133234	 0.0133234	 4.45544e-34	 0.203036	 0.203036	 
 0.02345	 0.0109862	 0.0123596	 0.0123596	 4.45544e-34	 0.188783	 0.188783	 
  0.0235	 0.0101915	 0.0114656	 0.0114656	 4.45544e-34	 0.175528	 0.175528	 
 0.02355	 0.0094542	 0.0106361	 0.0106361	 4.45544e-34	 0.163195	 0.163195	 
  0.0236	 0.00876993	 0.00986628	 0.00986628	 4.45544e-34	 0.151723	 0.151723	 
 0.02365	 0.0081352	 0.00915221	 0.00915221	 4.45544e-34	 0.141055	 0.141055	 
  0.0237	 0.00754608	 0.00848944	 0.00848944	 4.45544e-34	 0.131134	 0.131134	 
 0.02375	 0.00699971	 0.00787477	 0.00787477	 4.45544e-34	 0.121905	 0.121905	 
  0.0238	 0.00649261	 0.00730427	 0.00730427	 4.45544e-34	 0.113325	 0.113325	 
 0.02385	 0.00602236	 0.00677523	 0.00677523	 4.45544e-34	 0.105344	 0.105344	 
  0.0239	 0.00558591	 0.00628422	 0.00628422	 4.45544e-34	 0.0979228	 0.0979228	 
 0.02395	 0.00518105	 0.00582875	 0.00582875	 4.45544e-34	 0.0910222	 0.0910222	 
   0.024	 0.00480562	 0.00540638	 0.00540638	 4.45544e-34	 0.0846051	 0.0846051	 
 0.02405	 0.0044572	 0.00501441	 0.00501441	 4.45544e-34	 0.0786393	 0.0786393	 
  0.0241	 0.00413393	 0.00465072	 0.00465072	 4.45544e-34	 0.0730911	 0.0730911	 
 0.02415	 0.00383406	 0.00431337	 0.00431337	 4.45544e-34	 0.0679321	 0.0679321	 
  0.0242	 0.00355585	 0.00400038	 0.00400038	 4.45544e-34	 0.0631375	 0.0631375	 
 0.02425	 0.00329785	 0.00371012	 0.00371012	 4.45544e-34	 0.0586787	 0.0586787	 
  0.0243	 0.00305856	 0.00344091	 0.00344091	 4.45544e-34	 0.0545327	 0.0545327	 
 0.02435	 0.00283647	 0.00319106	 0.00319106	 4.45544e-34	 0.0506781	 0.0506781	 
  0.0244	 0.00263051	 0.00295936	 0.00295936	 4.45544e-34	 0.0470954	 0.0470954	 
 0.02445	 0.00243954	 0.00274452	 0.00274452	 4.45544e-34	 0.0437651	 0.0437651	 
  0.0245	 0.00226236	 0.00254518	 0.00254518	 4.45544e-34	 0.0406694	 0.0406694	 
 0.02455	 0.00209796	 0.00236023	 0.00236023	 4.45544e-34	 0.0377904	 0.0377904	 
  0.0246	 0.0019455	 0.00218871	 0.00218871	 4.45544e-34	 0.0351159	 0.0351159	 
 0.02465	 0.00180415	 0.00202969	 0.00202969	 4.45544e-34	 0.0326297	 0.0326297	 
  0.0247	 0.00167301	 0.00188215	 0.00188215	 4.45544e-34	 0.0303177	 0.0303177	 
 0.02475	 0.00155136	 0.0017453	 0.0017453	 4.45544e-34	 0.0281691	 0.0281691	 
  0.0248	 0.00143855	 0.00161838	 0.00161838	 4.45544e-34	 0.0261716	 0.0261716	 
 0.02485	 0.00133392	 0.00150068	 0.00150068	 4.45544e-34	 0.0243163	 0.0243163	 
  0.0249	 0.00123689	 0.00139151	 0.00139151	 4.45544e-34	 0.0225925	 0.0225925	 
 0.02495	 0.00114689	 0.00129027	 0.00129027	 4.45544e-34	 0.0209895	 0.0209895	 
   0.025	 0.00106342	 0.00119636	 0.00119636	 4.45544e-34	 0.0194985	 0.0194985	 
       0	        0	        0	        0	        0	        0	        0	 
