0.000000e+00 0.000000e+00 0.000000e+00 0.000000e+00 0.000000e+00 0.000000e+00 0.000000e+00 
5.000000e-05 1.973727e+07 3.969476e+03 3.969476e+03 1.098361e+07 5.321376e+03 5.321376e+03 
1.000000e-04 7.821607e+07 4.132554e+04 4.132554e+04 4.247931e+07 4.902889e+04 4.902889e+04 
1.500000e-04 1.754627e+08 2.576411e+05 2.576411e+05 9.460648e+07 3.107588e+05 3.107588e+05 
2.000000e-04 3.072893e+08 8.870629e+05 8.870629e+05 1.678035e+08 1.038378e+06 1.038378e+06 
2.500000e-04 4.851951e+08 2.368873e+06 2.368873e+06 2.637859e+08 2.740421e+06 2.740421e+06 
3.000000e-04 7.061739e+08 4.828143e+06 4.828143e+06 3.804436e+08 5.518709e+06 5.518709e+06 
3.500000e-04 9.673945e+08 8.598613e+06 8.598613e+06 5.170782e+08 9.743339e+06 9.743339e+06 
4.000000e-04 1.267447e+09 1.353939e+07 1.353939e+07 6.695082e+08 1.521912e+07 1.521912e+07 
4.500000e-04 1.604976e+09 1.973525e+07 1.973525e+07 8.358278e+08 2.202893e+07 2.202893e+07 
5.000000e-04 1.965941e+09 2.703244e+07 2.703244e+07 1.012358e+09 2.996899e+07 2.996899e+07 
5.500000e-04 2.372564e+09 3.537420e+07 3.537420e+07 1.196487e+09 3.894955e+07 3.894955e+07 
6.000000e-04 2.811885e+09 4.442298e+07 4.442298e+07 1.384940e+09 4.861292e+07 4.861292e+07 
6.500000e-04 3.277714e+09 5.389869e+07 5.389869e+07 1.575512e+09 5.868011e+07 5.868011e+07 
7.000000e-04 3.769731e+09 6.372617e+07 6.372617e+07 1.766193e+09 6.904612e+07 6.904612e+07 
7.500000e-04 4.285475e+09 7.383704e+07 7.383704e+07 1.955206e+09 7.962817e+07 7.962817e+07 
8.000000e-04 4.822060e+09 8.394498e+07 8.394498e+07 2.141062e+09 9.017434e+07 9.017434e+07 
8.500000e-04 5.375832e+09 9.390405e+07 9.390405e+07 2.322111e+09 1.005570e+08 1.005570e+08 
9.000000e-04 5.948453e+09 1.036193e+08 1.036193e+08 2.497066e+09 1.106668e+08 1.106668e+08 
9.500000e-04 6.531750e+09 1.130204e+08 1.130204e+08 2.664830e+09 1.204284e+08 1.204284e+08 
1.000000e-03 7.125570e+09 1.220308e+08 1.220308e+08 2.823997e+09 1.297413e+08 1.297413e+08 
1.050000e-03 7.727500e+09 1.305983e+08 1.305983e+08 2.973675e+09 1.385564e+08 1.385564e+08 
1.100000e-03 8.335072e+09 1.386621e+08 1.386621e+08 3.113598e+09 1.468088e+08 1.468088e+08 
1.150000e-03 8.946118e+09 1.462292e+08 1.462292e+08 3.243577e+09 1.545424e+08 1.545424e+08 
1.200000e-03 9.559441e+09 1.532122e+08 1.532122e+08 3.363222e+09 1.616428e+08 1.616428e+08 
1.250000e-03 1.017188e+10 1.596425e+08 1.596425e+08 3.472195e+09 1.681240e+08 1.681240e+08 
1.300000e-03 1.078190e+10 1.655318e+08 1.655318e+08 3.569991e+09 1.739757e+08 1.739757e+08 
1.350000e-03 1.138677e+10 1.708571e+08 1.708571e+08 3.656251e+09 1.791893e+08 1.791893e+08 
1.400000e-03 1.198542e+10 1.755943e+08 1.755943e+08 3.731197e+09 1.837376e+08 1.837376e+08 
1.450000e-03 1.257514e+10 1.797706e+08 1.797706e+08 3.795083e+09 1.876536e+08 1.876536e+08 
1.500000e-03 1.315522e+10 1.834542e+08 1.834542e+08 3.848174e+09 1.909605e+08 1.909605e+08 
1.550000e-03 1.372631e+10 1.865398e+08 1.865398e+08 3.890614e+09 1.936866e+08 1.936866e+08 
1.600000e-03 1.428129e+10 1.890806e+08 1.890806e+08 3.922881e+09 1.959309e+08 1.959309e+08 
1.650000e-03 1.482038e+10 1.910574e+08 1.910574e+08 3.945056e+09 1.975507e+08 1.975507e+08 
1.700000e-03 1.534351e+10 1.925490e+08 1.925490e+08 3.957688e+09 1.986338e+08 1.986338e+08 
1.750000e-03 1.584744e+10 1.935717e+08 1.935717e+08 3.961075e+09 1.992315e+08 1.992315e+08 
1.800000e-03 1.633434e+10 1.941497e+08 1.941497e+08 3.955754e+09 1.993732e+08 1.993732e+08 
1.850000e-03 1.680167e+10 1.943645e+08 1.943645e+08 3.942361e+09 1.991423e+08 1.991423e+08 
1.900000e-03 1.724831e+10 1.941757e+08 1.941757e+08 3.921084e+09 1.985116e+08 1.985116e+08 
1.950000e-03 1.767300e+10 1.936095e+08 1.936095e+08 3.892284e+09 1.974954e+08 1.974954e+08 
2.000000e-03 1.807607e+10 1.927059e+08 1.927059e+08 3.856318e+09 1.961319e+08 1.961319e+08 
2.050000e-03 1.845633e+10 1.914797e+08 1.914797e+08 3.813746e+09 1.944549e+08 1.944549e+08 
2.100000e-03 1.881402e+10 1.899690e+08 1.899690e+08 3.765198e+09 1.924846e+08 1.924846e+08 
2.150000e-03 1.914917e+10 1.881955e+08 1.881955e+08 3.711122e+09 1.902697e+08 1.902697e+08 
2.200000e-03 1.946059e+10 1.861588e+08 1.861588e+08 3.651752e+09 1.878042e+08 1.878042e+08 
2.250000e-03 1.974791e+10 1.838728e+08 1.838728e+08 3.587604e+09 1.851027e+08 1.851027e+08 
2.300000e-03 2.001212e+10 1.813963e+08 1.813963e+08 3.519182e+09 1.822253e+08 1.822253e+08 
2.350000e-03 2.025274e+10 1.787619e+08 1.787619e+08 3.447011e+09 1.792044e+08 1.792044e+08 
2.400000e-03 2.047021e+10 1.759225e+08 1.759225e+08 3.371382e+09 1.759990e+08 1.759990e+08 
2.450000e-03 2.066632e+10 1.729405e+08 1.729405e+08 3.292875e+09 1.726676e+08 1.726676e+08 
2.500000e-03 2.083860e+10 1.698296e+08 1.698296e+08 3.211708e+09 1.692238e+08 1.692238e+08 
2.550000e-03 2.098861e+10 1.666005e+08 1.666005e+08 3.128450e+09 1.656773e+08 1.656773e+08 
2.600000e-03 2.111788e+10 1.632994e+08 1.632994e+08 3.043476e+09 1.620707e+08 1.620707e+08 
2.650000e-03 2.122568e+10 1.599187e+08 1.599187e+08 2.956986e+09 1.584147e+08 1.584147e+08 
2.700000e-03 2.131318e+10 1.564731e+08 1.564731e+08 2.869338e+09 1.546968e+08 1.546968e+08 
2.750000e-03 2.138054e+10 1.529717e+08 1.529717e+08 2.781060e+09 1.509396e+08 1.509396e+08 
2.800000e-03 2.143205e+10 1.494501e+08 1.494501e+08 2.692315e+09 1.471731e+08 1.471731e+08 
2.850000e-03 2.146234e+10 1.458920e+08 1.458920e+08 2.603401e+09 1.434036e+08 1.434036e+08 
2.900000e-03 2.147436e+10 1.422936e+08 1.422936e+08 2.514454e+09 1.396189e+08 1.396189e+08 
2.950000e-03 2.146953e+10 1.386902e+08 1.386902e+08 2.425901e+09 1.358398e+08 1.358398e+08 
3.000000e-03 2.144820e+10 1.350769e+08 1.350769e+08 2.337810e+09 1.320607e+08 1.320607e+08 
3.050000e-03 2.141013e+10 1.314865e+08 1.314865e+08 2.250724e+09 1.283292e+08 1.283292e+08 
3.100000e-03 2.135816e+10 1.278986e+08 1.278986e+08 2.164458e+09 1.246123e+08 1.246123e+08 
3.150000e-03 2.129044e+10 1.243113e+08 1.243113e+08 2.079190e+09 1.208883e+08 1.208883e+08 
3.200000e-03 2.120968e+10 1.207755e+08 1.207755e+08 1.995342e+09 1.172223e+08 1.172223e+08 
3.250000e-03 2.111562e+10 1.172447e+08 1.172447e+08 1.912888e+09 1.135869e+08 1.135869e+08 
3.300000e-03 2.100918e+10 1.137656e+08 1.137656e+08 1.832094e+09 1.100236e+08 1.100236e+08 
3.350000e-03 2.089094e+10 1.103374e+08 1.103374e+08 1.753085e+09 1.065313e+08 1.065313e+08 
3.400000e-03 2.076223e+10 1.069822e+08 1.069822e+08 1.676039e+09 1.031209e+08 1.031209e+08 
3.450000e-03 2.062204e+10 1.036394e+08 1.036394e+08 1.600818e+09 9.972865e+07 9.972865e+07 
3.500000e-03 2.047242e+10 1.003432e+08 1.003432e+08 1.527583e+09 9.640442e+07 9.640442e+07 
3.550000e-03 2.031287e+10 9.711764e+07 9.711764e+07 1.456429e+09 9.316897e+07 9.316897e+07 
3.600000e-03 2.014471e+10 9.398562e+07 9.398562e+07 1.387570e+09 9.002503e+07 9.002503e+07 
3.650000e-03 1.996887e+10 9.090147e+07 9.090147e+07 1.320820e+09 8.694472e+07 8.694472e+07 
3.700000e-03 1.978412e+10 8.786196e+07 8.786196e+07 1.256178e+09 8.391661e+07 8.391661e+07 
3.750000e-03 1.959275e+10 8.495397e+07 8.495397e+07 1.194089e+09 8.101397e+07 8.101397e+07 
3.800000e-03 1.939433e+10 8.208039e+07 8.208039e+07 1.134094e+09 7.815461e+07 7.815461e+07 
3.850000e-03 1.918902e+10 7.927629e+07 7.927629e+07 1.076295e+09 7.537554e+07 7.537554e+07 
3.900000e-03 1.897815e+10 7.656704e+07 7.656704e+07 1.020851e+09 7.269857e+07 7.269857e+07 
3.950000e-03 1.876139e+10 7.388847e+07 7.388847e+07 9.674798e+08 7.006128e+07 7.006128e+07 
4.000000e-03 1.853957e+10 7.128822e+07 7.128822e+07 9.163040e+08 6.750303e+07 6.750303e+07 
4.050000e-03 1.831253e+10 6.873260e+07 6.873260e+07 8.671808e+08 6.499432e+07 6.499432e+07 
4.100000e-03 1.808096e+10 6.624080e+07 6.624080e+07 8.201336e+08 6.255253e+07 6.255253e+07 
4.150000e-03 1.784408e+10 6.377961e+07 6.377961e+07 7.749814e+08 6.014465e+07 6.014465e+07 
4.200000e-03 1.760346e+10 6.141685e+07 6.141685e+07 7.320309e+08 5.784142e+07 5.784142e+07 
4.250000e-03 1.735954e+10 5.912272e+07 5.912272e+07 6.910034e+08 5.560792e+07 5.560792e+07 
4.300000e-03 1.711224e+10 5.687946e+07 5.687946e+07 6.519522e+08 5.342969e+07 5.342969e+07 
4.350000e-03 1.686111e+10 5.471452e+07 5.471452e+07 6.148190e+08 5.132898e+07 5.132898e+07 
4.400000e-03 1.660671e+10 5.262029e+07 5.262029e+07 5.795025e+08 4.929954e+07 4.929954e+07 
4.450000e-03 1.634966e+10 5.060361e+07 5.060361e+07 5.460308e+08 4.734797e+07 4.734797e+07 
4.500000e-03 1.609106e+10 4.864599e+07 4.864599e+07 5.142081e+08 4.545397e+07 4.545397e+07 
4.550000e-03 1.582867e+10 4.677365e+07 4.677365e+07 4.841370e+08 4.364529e+07 4.364529e+07 
4.600000e-03 1.556543e+10 4.497611e+07 4.497611e+07 4.556083e+08 4.191171e+07 4.191171e+07 
4.650000e-03 1.530009e+10 4.323662e+07 4.323662e+07 4.287209e+08 4.023841e+07 4.023841e+07 
4.700000e-03 1.503245e+10 4.151935e+07 4.151935e+07 4.031336e+08 3.858883e+07 3.858883e+07 
4.750000e-03 1.476386e+10 3.985643e+07 3.985643e+07 3.789237e+08 3.699425e+07 3.699425e+07 
4.800000e-03 1.449333e+10 3.828875e+07 3.828875e+07 3.562532e+08 3.549417e+07 3.549417e+07 
4.850000e-03 1.422235e+10 3.675275e+07 3.675275e+07 3.347613e+08 3.402719e+07 3.402719e+07 
4.900000e-03 1.394969e+10 3.524821e+07 3.524821e+07 3.101132e+08 3.259388e+07 3.259388e+07 
4.950000e-03 1.367663e+10 3.378112e+07 3.378112e+07 2.919197e+08 3.120051e+07 3.120051e+07 
5.000000e-03 1.340265e+10 3.237610e+07 3.237610e+07 2.747652e+08 2.987310e+07 2.987310e+07 
5.050000e-03 1.312898e+10 3.103308e+07 3.103308e+07 2.585420e+08 2.860548e+07 2.860548e+07 
5.100000e-03 1.285495e+10 2.974461e+07 2.974461e+07 2.432478e+08 2.739255e+07 2.739255e+07 
5.150000e-03 1.258168e+10 2.849280e+07 2.849280e+07 2.287284e+08 2.621466e+07 2.621466e+07 
5.200000e-03 1.230796e+10 2.728093e+07 2.728093e+07 2.149031e+08 2.507530e+07 2.507530e+07 
5.250000e-03 1.203530e+10 2.613457e+07 2.613457e+07 2.019933e+08 2.399800e+07 2.399800e+07 
5.300000e-03 1.176332e+10 2.503685e+07 2.503685e+07 1.898385e+08 2.296798e+07 2.296798e+07 
5.350000e-03 1.149214e+10 2.396653e+07 2.396653e+07 1.782547e+08 2.196391e+07 2.196391e+07 
5.400000e-03 1.122227e+10 2.293931e+07 2.293931e+07 1.673722e+08 2.100168e+07 2.100168e+07 
5.450000e-03 1.095369e+10 2.193933e+07 2.193933e+07 1.570600e+08 2.006535e+07 2.006535e+07 
5.500000e-03 1.068671e+10 2.096987e+07 2.096987e+07 1.472612e+08 1.915835e+07 1.915835e+07 
5.550000e-03 1.042154e+10 2.004741e+07 2.004741e+07 1.381232e+08 1.829620e+07 1.829620e+07 
5.600000e-03 1.015836e+10 1.916070e+07 1.916070e+07 1.295330e+08 1.746886e+07 1.746886e+07 
5.650000e-03 9.897503e+09 1.832625e+07 1.832625e+07 1.215030e+08 1.669097e+07 1.669097e+07 
5.700000e-03 9.639066e+09 1.753038e+07 1.753038e+07 1.139923e+08 1.595121e+07 1.595121e+07 
5.750000e-03 9.383124e+09 1.675056e+07 1.675056e+07 1.068726e+08 1.522720e+07 1.522720e+07 
5.800000e-03 9.130018e+09 1.600841e+07 1.600841e+07 1.002321e+08 1.454092e+07 1.454092e+07 
5.850000e-03 8.879888e+09 1.529719e+07 1.529719e+07 9.395682e+07 1.388529e+07 1.388529e+07 
5.900000e-03 8.632968e+09 1.462309e+07 1.462309e+07 8.824888e+07 1.326452e+07 1.326452e+07 
5.950000e-03 8.389217e+09 1.396620e+07 1.396620e+07 8.279542e+07 1.265981e+07 1.265981e+07 
6.000000e-03 8.149011e+09 1.332966e+07 1.332966e+07 7.765299e+07 1.207442e+07 1.207442e+07 
6.050000e-03 7.912377e+09 1.271805e+07 1.271805e+07 7.282679e+07 1.151214e+07 1.151214e+07 
6.100000e-03 7.679529e+09 1.212607e+07 1.212607e+07 6.827872e+07 1.096825e+07 1.096825e+07 
6.150000e-03 7.450615e+09 1.155977e+07 1.155977e+07 6.393942e+07 1.044839e+07 1.044839e+07 
6.200000e-03 7.225842e+09 1.101138e+07 1.101138e+07 5.994856e+07 9.945157e+06 9.945157e+06 
6.250000e-03 7.005104e+09 1.049551e+07 1.049551e+07 5.624433e+07 9.472285e+06 9.472285e+06 
6.300000e-03 6.788815e+09 1.001037e+07 1.001037e+07 5.280018e+07 9.027367e+06 9.027367e+06 
6.350000e-03 6.576860e+09 9.546368e+06 9.546368e+06 4.958468e+07 8.602398e+06 8.602398e+06 
6.400000e-03 6.369362e+09 9.103089e+06 9.103089e+06 4.657685e+07 8.196346e+06 8.196346e+06 
6.450000e-03 6.166405e+09 8.674014e+06 8.674014e+06 4.362692e+07 7.803609e+06 7.803609e+06 
6.500000e-03 5.968043e+09 8.269843e+06 8.269843e+06 4.103195e+07 7.434330e+06 7.434330e+06 
6.550000e-03 5.774477e+09 7.894892e+06 7.894892e+06 3.866216e+07 7.093132e+06 7.093132e+06 
6.600000e-03 5.585490e+09 7.530450e+06 7.530450e+06 3.642609e+07 6.762156e+06 6.762156e+06 
6.650000e-03 5.401132e+09 7.173740e+06 7.173740e+06 3.430537e+07 6.438423e+06 6.438423e+06 
6.700000e-03 5.221541e+09 6.828136e+06 6.828136e+06 3.230372e+07 6.124850e+06 6.124850e+06 
6.750000e-03 5.046657e+09 6.498866e+06 6.498866e+06 3.034650e+07 5.826551e+06 5.826551e+06 
6.800000e-03 4.876521e+09 6.182221e+06 6.182221e+06 2.861659e+07 5.539764e+06 5.539764e+06 
6.850000e-03 4.711145e+09 5.875570e+06 5.875570e+06 2.698701e+07 5.262269e+06 5.262269e+06 
6.900000e-03 4.550395e+09 5.587851e+06 5.587851e+06 2.547751e+07 5.002012e+06 5.002012e+06 
6.950000e-03 4.394374e+09 5.315654e+06 5.315654e+06 2.407737e+07 4.756109e+06 4.756109e+06 
7.000000e-03 4.242877e+09 5.054256e+06 5.054256e+06 2.276099e+07 4.519903e+06 4.519903e+06 
7.050000e-03 4.095999e+09 4.798942e+06 4.798942e+06 2.151049e+07 4.289411e+06 4.289411e+06 
7.100000e-03 3.953554e+09 4.559791e+06 4.559791e+06 2.031525e+07 4.073261e+06 4.073261e+06 
7.150000e-03 3.815614e+09 4.339774e+06 4.339774e+06 1.928050e+07 3.874787e+06 3.874787e+06 
7.200000e-03 3.682025e+09 4.132295e+06 4.132295e+06 1.832238e+07 3.687929e+06 3.687929e+06 
7.250000e-03 3.552661e+09 3.935736e+06 3.935736e+06 1.742856e+07 3.510676e+06 3.510676e+06 
7.300000e-03 3.427540e+09 3.742979e+06 3.742979e+06 1.657676e+07 3.337117e+06 3.337117e+06 
7.350000e-03 3.306458e+09 3.560720e+06 3.560720e+06 1.578979e+07 3.173347e+06 3.173347e+06 
7.400000e-03 3.189332e+09 3.385425e+06 3.385425e+06 1.501957e+07 3.015933e+06 3.015933e+06 
7.450000e-03 3.076094e+09 3.214164e+06 3.214164e+06 1.432473e+07 2.862199e+06 2.862199e+06 
7.500000e-03 2.966591e+09 3.052875e+06 3.052875e+06 1.368178e+07 2.717648e+06 2.717648e+06 
7.550000e-03 2.860683e+09 2.898185e+06 2.898185e+06 1.307783e+07 2.579081e+06 2.579081e+06 
7.600000e-03 2.758432e+09 2.750204e+06 2.750204e+06 1.251255e+07 2.446669e+06 2.446669e+06 
7.650000e-03 2.659646e+09 2.606835e+06 2.606835e+06 1.197572e+07 2.318408e+06 2.318408e+06 
7.700000e-03 2.564161e+09 2.471482e+06 2.471482e+06 1.144901e+07 2.197429e+06 2.197429e+06 
7.750000e-03 2.471960e+09 2.340875e+06 2.340875e+06 1.098871e+07 2.080883e+06 2.080883e+06 
7.800000e-03 2.383147e+09 2.223000e+06 2.223000e+06 1.058249e+07 1.975620e+06 1.975620e+06 
7.850000e-03 2.297090e+09 2.112643e+06 2.112643e+06 1.020777e+07 1.877145e+06 1.877145e+06 
7.900000e-03 2.213999e+09 2.003941e+06 2.003941e+06 9.845605e+06 1.780226e+06 1.780226e+06 
7.950000e-03 2.133725e+09 1.902585e+06 1.902585e+06 9.513811e+06 1.689824e+06 1.689824e+06 
8.000000e-03 2.056144e+09 1.808133e+06 1.808133e+06 9.189062e+06 1.605333e+06 1.605333e+06 
8.050000e-03 1.981175e+09 1.716695e+06 1.716695e+06 8.901574e+06 1.523500e+06 1.523500e+06 
8.100000e-03 1.908701e+09 1.629357e+06 1.629357e+06 8.634525e+06 1.445501e+06 1.445501e+06 
8.150000e-03 1.838669e+09 1.547153e+06 1.547153e+06 8.386991e+06 1.372157e+06 1.372157e+06 
8.200000e-03 1.770943e+09 1.467346e+06 1.467346e+06 8.150321e+06 1.301043e+06 1.301043e+06 
8.250000e-03 1.705464e+09 1.390255e+06 1.390255e+06 7.924774e+06 1.232403e+06 1.232403e+06 
8.300000e-03 1.642172e+09 1.315745e+06 1.315745e+06 7.708965e+06 1.166107e+06 1.166107e+06 
8.350000e-03 1.580955e+09 1.245594e+06 1.245594e+06 7.502662e+06 1.103793e+06 1.103793e+06 
8.400000e-03 1.521765e+09 1.178781e+06 1.178781e+06 7.318351e+06 1.044473e+06 1.044473e+06 
8.450000e-03 1.464542e+09 1.115261e+06 1.115261e+06 7.145450e+06 9.882243e+05 9.882243e+05 
8.500000e-03 1.409150e+09 1.057673e+06 1.057673e+06 6.991103e+06 9.371809e+05 9.371809e+05 
8.550000e-03 1.355584e+09 1.002963e+06 1.002963e+06 6.845411e+06 8.887032e+05 8.887032e+05 
8.600000e-03 1.303783e+09 9.488573e+05 9.488573e+05 6.700808e+06 8.408009e+05 8.408009e+05 
8.650000e-03 1.253656e+09 8.972952e+05 8.972952e+05 6.559190e+06 7.950969e+05 7.950969e+05 
8.700000e-03 1.205185e+09 8.504280e+05 8.504280e+05 6.435155e+06 7.533955e+05 7.533955e+05 
8.750000e-03 1.158311e+09 8.074342e+05 8.074342e+05 6.320295e+06 7.150434e+05 7.150434e+05 
8.800000e-03 1.112931e+09 7.663707e+05 7.663707e+05 6.210166e+06 6.784583e+05 6.784583e+05 
8.850000e-03 1.069068e+09 7.268267e+05 7.268267e+05 6.103518e+06 6.432817e+05 6.432817e+05 
8.900000e-03 1.026678e+09 6.882821e+05 6.882821e+05 5.998013e+06 6.090263e+05 6.090263e+05 
8.950000e-03 9.856653e+08 6.513575e+05 6.513575e+05 5.895149e+06 5.762583e+05 5.762583e+05 
9.000000e-03 9.460672e+08 6.159433e+05 6.159433e+05 5.795592e+06 5.448759e+05 5.448759e+05 
9.050000e-03 9.077716e+08 5.825859e+05 5.825859e+05 5.701113e+06 5.153389e+05 5.153389e+05 
9.100000e-03 8.707822e+08 5.508512e+05 5.508512e+05 5.609288e+06 4.872820e+05 4.872820e+05 
9.150000e-03 8.350557e+08 5.205715e+05 5.205715e+05 5.519987e+06 4.605807e+05 4.605807e+05 
9.200000e-03 8.005674e+08 4.926640e+05 4.926640e+05 5.435132e+06 4.359371e+05 4.359371e+05 
9.250000e-03 7.672749e+08 4.659734e+05 4.659734e+05 5.348004e+06 4.123521e+05 4.123521e+05 
9.300000e-03 7.351483e+08 4.394799e+05 4.394799e+05 5.262357e+06 3.889506e+05 3.889506e+05 
9.350000e-03 7.041641e+08 4.144427e+05 4.144427e+05 5.178805e+06 3.668753e+05 3.668753e+05 
9.400000e-03 6.742941e+08 3.922411e+05 3.922411e+05 5.100963e+06 3.472305e+05 3.472305e+05 
9.450000e-03 6.455108e+08 3.722074e+05 3.722074e+05 5.025386e+06 3.293924e+05 3.293924e+05 
9.500000e-03 6.177837e+08 3.533146e+05 3.533146e+05 4.951351e+06 3.125904e+05 3.125904e+05 
9.550000e-03 5.910778e+08 3.346522e+05 3.346522e+05 4.875114e+06 2.960026e+05 2.960026e+05 
9.600000e-03 5.653601e+08 3.168228e+05 3.168228e+05 4.798893e+06 2.801834e+05 2.801834e+05 
9.650000e-03 5.406107e+08 2.994749e+05 2.994749e+05 4.721886e+06 2.647993e+05 2.647993e+05 
9.700000e-03 5.168190e+08 2.829136e+05 2.829136e+05 4.644261e+06 2.501321e+05 2.501321e+05 
9.750000e-03 4.939328e+08 2.675097e+05 2.675097e+05 4.568746e+06 2.365164e+05 2.365164e+05 
9.800000e-03 4.719317e+08 2.528872e+05 2.528872e+05 4.493674e+06 2.236203e+05 2.236203e+05 
9.850000e-03 4.508010e+08 2.384795e+05 2.384795e+05 4.416814e+06 2.109217e+05 2.109217e+05 
9.900000e-03 4.305145e+08 2.250101e+05 2.250101e+05 4.340600e+06 1.990261e+05 1.990261e+05 
9.950000e-03 4.110352e+08 2.123903e+05 2.123903e+05 4.264908e+06 1.878880e+05 1.878880e+05 
1.000000e-02 3.923438e+08 2.003747e+05 2.003747e+05 4.188770e+06 1.773066e+05 1.773066e+05 
1.005000e-02 3.744145e+08 1.886795e+05 1.886795e+05 4.112524e+06 1.670204e+05 1.670204e+05 
1.010000e-02 3.572283e+08 1.782328e+05 1.782328e+05 4.038373e+06 1.578211e+05 1.578211e+05 
1.015000e-02 3.407602e+08 1.687927e+05 1.687927e+05 3.965227e+06 1.494482e+05 1.494482e+05 
1.020000e-02 3.249840e+08 1.600226e+05 1.600226e+05 3.892229e+06 1.416383e+05 1.416383e+05 
1.025000e-02 3.098731e+08 1.515298e+05 1.515298e+05 3.818897e+06 1.340884e+05 1.340884e+05 
1.030000e-02 2.953970e+08 1.432158e+05 1.432158e+05 3.744980e+06 1.266982e+05 1.266982e+05 
1.035000e-02 2.815509e+08 1.353659e+05 1.353659e+05 3.671430e+06 1.197362e+05 1.197362e+05 
1.040000e-02 2.682983e+08 1.279008e+05 1.279008e+05 3.598209e+06 1.131308e+05 1.131308e+05 
1.045000e-02 2.556281e+08 1.209900e+05 1.209900e+05 3.525868e+06 1.070256e+05 1.070256e+05 
1.050000e-02 2.435074e+08 1.141137e+05 1.141137e+05 3.453011e+06 1.009474e+05 1.009474e+05 
1.055000e-02 2.319246e+08 1.073904e+05 1.073904e+05 3.379769e+06 9.501694e+04 9.501694e+04 
1.060000e-02 2.208580e+08 1.012379e+05 1.012379e+05 3.307379e+06 8.958965e+04 8.958965e+04 
1.065000e-02 2.102829e+08 9.559595e+04 9.559595e+04 3.236651e+06 8.461298e+04 8.461298e+04 
1.070000e-02 2.001846e+08 9.016865e+04 9.016865e+04 3.166217e+06 7.983915e+04 7.983915e+04 
1.075000e-02 1.905389e+08 8.484873e+04 8.484873e+04 3.095782e+06 7.516564e+04 7.516564e+04 
1.080000e-02 1.813297e+08 7.986451e+04 7.986451e+04 3.026129e+06 7.077916e+04 7.077916e+04 
1.085000e-02 1.725511e+08 7.537275e+04 7.537275e+04 2.957833e+06 6.681201e+04 6.681201e+04 
1.090000e-02 1.641660e+08 7.138643e+04 7.138643e+04 2.890670e+06 6.325638e+04 6.325638e+04 
1.095000e-02 1.561714e+08 6.751726e+04 6.751726e+04 2.823777e+06 5.980755e+04 5.980755e+04 
1.100000e-02 1.485499e+08 6.389118e+04 6.389118e+04 2.758056e+06 5.658578e+04 5.658578e+04 
1.105000e-02 1.412828e+08 6.040171e+04 6.040171e+04 2.692544e+06 5.349016e+04 5.349016e+04 
1.110000e-02 1.343459e+08 5.704851e+04 5.704851e+04 2.628303e+06 5.051670e+04 5.051670e+04 
1.115000e-02 1.277409e+08 5.390481e+04 5.390481e+04 2.564942e+06 4.773344e+04 4.773344e+04 
1.120000e-02 1.214434e+08 5.081497e+04 5.081497e+04 2.502108e+06 4.500184e+04 4.500184e+04 
1.125000e-02 1.154481e+08 4.781048e+04 4.781048e+04 2.439970e+06 4.235002e+04 4.235002e+04 
1.130000e-02 1.097337e+08 4.506759e+04 4.506759e+04 2.379137e+06 3.992977e+04 3.992977e+04 
1.135000e-02 1.042886e+08 4.256533e+04 4.256533e+04 2.319607e+06 3.772335e+04 3.772335e+04 
1.140000e-02 9.910260e+07 4.010993e+04 4.010993e+04 2.260735e+06 3.555990e+04 3.555990e+04 
1.145000e-02 9.416539e+07 3.766710e+04 3.766710e+04 2.202454e+06 3.340807e+04 3.340807e+04 
1.150000e-02 8.946654e+07 3.532511e+04 3.532511e+04 2.145026e+06 3.134506e+04 3.134506e+04 
1.155000e-02 8.499168e+07 3.321338e+04 3.321338e+04 2.089155e+06 2.947783e+04 2.947783e+04 
1.160000e-02 8.073760e+07 3.140125e+04 3.140125e+04 2.034638e+06 2.786536e+04 2.786536e+04 
1.165000e-02 7.668714e+07 2.974001e+04 2.974001e+04 1.981212e+06 2.638465e+04 2.638465e+04 
1.170000e-02 7.283194e+07 2.813792e+04 2.813792e+04 1.928796e+06 2.495868e+04 2.495868e+04 
1.175000e-02 6.916483e+07 2.660771e+04 2.660771e+04 1.877169e+06 2.359877e+04 2.359877e+04 
1.180000e-02 6.567609e+07 2.513874e+04 2.513874e+04 1.826469e+06 2.229496e+04 2.229496e+04 
1.185000e-02 6.235744e+07 2.376068e+04 2.376068e+04 1.777008e+06 2.107396e+04 2.107396e+04 
1.190000e-02 5.920062e+07 2.239871e+04 2.239871e+04 1.728396e+06 1.986818e+04 1.986818e+04 
1.195000e-02 5.619907e+07 2.106251e+04 2.106251e+04 1.680672e+06 1.868662e+04 1.868662e+04 
1.200000e-02 5.334541e+07 1.984486e+04 1.984486e+04 1.634078e+06 1.761071e+04 1.761071e+04 
1.205000e-02 5.063226e+07 1.871228e+04 1.871228e+04 1.588661e+06 1.660785e+04 1.660785e+04 
1.210000e-02 4.805200e+07 1.760211e+04 1.760211e+04 1.543749e+06 1.562675e+04 1.562675e+04 
1.215000e-02 4.560048e+07 1.652446e+04 1.652446e+04 1.500002e+06 1.467623e+04 1.467623e+04 
1.220000e-02 4.326922e+07 1.547806e+04 1.547806e+04 1.457160e+06 1.375485e+04 1.375485e+04 
1.225000e-02 4.105448e+07 1.454469e+04 1.454469e+04 1.415433e+06 1.293047e+04 1.293047e+04 
1.230000e-02 3.895008e+07 1.369811e+04 1.369811e+04 1.374819e+06 1.217952e+04 1.217952e+04 
1.235000e-02 3.695137e+07 1.297182e+04 1.297182e+04 1.335281e+06 1.153063e+04 1.153063e+04 
1.240000e-02 3.505236e+07 1.226620e+04 1.226620e+04 1.296667e+06 1.090014e+04 1.090014e+04 
1.245000e-02 3.324772e+07 1.160306e+04 1.160306e+04 1.258393e+06 1.031000e+04 1.031000e+04 
1.250000e-02 3.153380e+07 1.097335e+04 1.097335e+04 1.221596e+06 9.750322e+03 9.750322e+03 
1.255000e-02 2.990569e+07 1.036504e+04 1.036504e+04 1.185599e+06 9.209866e+03 9.209866e+03 
1.260000e-02 2.835973e+07 9.767136e+03 9.767136e+03 1.150430e+06 8.679410e+03 8.679410e+03 
1.265000e-02 2.689158e+07 9.158473e+03 9.158473e+03 1.116094e+06 8.137787e+03 8.137787e+03 
1.270000e-02 2.549803e+07 8.618830e+03 8.618830e+03 1.082567e+06 7.659669e+03 7.659669e+03 
1.275000e-02 2.417414e+07 8.125217e+03 8.125217e+03 1.049573e+06 7.222070e+03 7.222070e+03 
1.280000e-02 2.291792e+07 7.645888e+03 7.645888e+03 1.017775e+06 6.798127e+03 6.798127e+03 
1.285000e-02 2.172533e+07 7.168264e+03 7.168264e+03 9.866745e+05 6.375330e+03 6.375330e+03 
1.290000e-02 2.059314e+07 6.709810e+03 6.709810e+03 9.563419e+05 5.970752e+03 5.970752e+03 
1.295000e-02 1.951831e+07 6.289881e+03 6.289881e+03 9.268595e+05 5.599978e+03 5.599978e+03 
1.300000e-02 1.849881e+07 5.910919e+03 5.910919e+03 8.976683e+05 5.264987e+03 5.264987e+03 
1.305000e-02 1.753135e+07 5.547604e+03 5.547604e+03 8.698639e+05 4.936640e+03 4.936640e+03 
1.310000e-02 1.661356e+07 5.257101e+03 5.257101e+03 8.427766e+05 4.677525e+03 4.677525e+03 
1.315000e-02 1.574252e+07 4.974046e+03 4.974046e+03 8.162132e+05 4.425236e+03 4.425236e+03 
1.320000e-02 1.491641e+07 4.704579e+03 4.704579e+03 7.902081e+05 4.185330e+03 4.185330e+03 
1.325000e-02 1.413264e+07 4.443170e+03 4.443170e+03 7.651169e+05 3.952784e+03 3.952784e+03 
1.330000e-02 1.338886e+07 4.186559e+03 4.186559e+03 7.407081e+05 3.724690e+03 3.724690e+03 
1.335000e-02 1.268378e+07 3.931929e+03 3.931929e+03 7.169709e+05 3.498423e+03 3.498423e+03 
1.340000e-02 1.201439e+07 3.666346e+03 3.666346e+03 6.936399e+05 3.259990e+03 3.259990e+03 
1.345000e-02 1.138041e+07 3.456647e+03 3.456647e+03 6.711382e+05 3.074057e+03 3.074057e+03 
1.350000e-02 1.077874e+07 3.251439e+03 3.251439e+03 6.492577e+05 2.892282e+03 2.892282e+03 
1.355000e-02 1.020814e+07 3.028839e+03 3.028839e+03 6.277383e+05 2.693523e+03 2.693523e+03 
1.360000e-02 9.667734e+06 2.835331e+03 2.835331e+03 6.070468e+05 2.522793e+03 2.522793e+03 
1.365000e-02 9.154530e+06 2.623614e+03 2.623614e+03 5.868390e+05 2.333622e+03 2.333622e+03 
1.370000e-02 8.668406e+06 2.455253e+03 2.455253e+03 5.671115e+05 2.184427e+03 2.184427e+03 
1.375000e-02 8.208107e+06 2.319464e+03 2.319464e+03 5.481852e+05 2.064164e+03 2.064164e+03 
1.380000e-02 7.771332e+06 2.164756e+03 2.164756e+03 5.298062e+05 1.923468e+03 1.923468e+03 
1.385000e-02 7.357620e+06 2.049116e+03 2.049116e+03 5.119310e+05 1.820553e+03 1.820553e+03 
1.390000e-02 6.965483e+06 1.938546e+03 1.938546e+03 4.945687e+05 1.722214e+03 1.722214e+03 
1.395000e-02 6.593886e+06 1.831384e+03 1.831384e+03 4.776957e+05 1.626992e+03 1.626992e+03 
1.400000e-02 6.241668e+06 1.724993e+03 1.724993e+03 4.612906e+05 1.532490e+03 1.532490e+03 
1.405000e-02 5.907896e+06 1.600781e+03 1.600781e+03 4.453453e+05 1.420601e+03 1.420601e+03 
1.410000e-02 5.591676e+06 1.498702e+03 1.498702e+03 4.298751e+05 1.329797e+03 1.329797e+03 
1.415000e-02 5.292143e+06 1.413795e+03 1.413795e+03 4.148464e+05 1.254682e+03 1.254682e+03 
1.420000e-02 5.008219e+06 1.310976e+03 1.310976e+03 4.002769e+05 1.162086e+03 1.162086e+03 
1.425000e-02 4.739437e+06 1.231678e+03 1.231678e+03 3.861068e+05 1.092264e+03 1.092264e+03 
1.430000e-02 4.484742e+06 1.144715e+03 1.144715e+03 3.722289e+05 1.015135e+03 1.015135e+03 
1.435000e-02 4.243456e+06 1.047431e+03 1.047431e+03 3.589062e+05 9.282294e+02 9.282294e+02 
1.440000e-02 4.015019e+06 9.842294e+02 9.842294e+02 3.460049e+05 8.727815e+02 8.727815e+02 
1.445000e-02 3.798737e+06 9.252240e+02 9.252240e+02 3.334907e+05 8.209385e+02 8.209385e+02 
1.450000e-02 3.593923e+06 8.769968e+02 8.769968e+02 3.213867e+05 7.780707e+02 7.780707e+02 
1.455000e-02 3.400043e+06 8.302999e+02 8.302999e+02 3.096439e+05 7.365584e+02 7.365584e+02 
1.460000e-02 3.216318e+06 7.864816e+02 7.864816e+02 2.982171e+05 6.976661e+02 6.976661e+02 
1.465000e-02 3.042497e+06 7.436374e+02 7.436374e+02 2.871886e+05 6.596725e+02 6.596725e+02 
1.470000e-02 2.877853e+06 7.013244e+02 7.013244e+02 2.764187e+05 6.221737e+02 6.221737e+02 
1.475000e-02 2.722023e+06 6.592651e+02 6.592651e+02 2.660610e+05 5.849120e+02 5.849120e+02 
1.480000e-02 2.574462e+06 6.169643e+02 6.169643e+02 2.559945e+05 5.472993e+02 5.472993e+02 
1.485000e-02 2.434790e+06 5.830173e+02 5.830173e+02 2.462247e+05 5.173182e+02 5.173182e+02 
1.490000e-02 2.302593e+06 5.469919e+02 5.469919e+02 2.368354e+05 4.853602e+02 4.853602e+02 
1.495000e-02 2.177337e+06 4.987175e+02 4.987175e+02 2.277419e+05 4.418804e+02 4.418804e+02 
1.500000e-02 2.058924e+06 4.671548e+02 4.671548e+02 2.189079e+05 4.141283e+02 4.141283e+02 
1.505000e-02 1.946863e+06 4.360411e+02 4.360411e+02 2.103497e+05 3.867913e+02 3.867913e+02 
1.510000e-02 1.840783e+06 4.082608e+02 4.082608e+02 2.020997e+05 3.623861e+02 3.623861e+02 
1.515000e-02 1.740414e+06 3.827741e+02 3.827741e+02 1.941080e+05 3.399939e+02 3.399939e+02 
1.520000e-02 1.645442e+06 3.618217e+02 3.618217e+02 1.863965e+05 3.214239e+02 3.214239e+02 
1.525000e-02 1.555563e+06 3.380430e+02 3.380430e+02 1.788320e+05 3.000243e+02 3.000243e+02 
1.530000e-02 1.470576e+06 3.206308e+02 3.206308e+02 1.716651e+05 2.845671e+02 2.845671e+02 
1.535000e-02 1.390146e+06 2.949368e+02 2.949368e+02 1.647396e+05 2.613541e+02 2.613541e+02 
1.540000e-02 1.314059e+06 2.782799e+02 2.782799e+02 1.580555e+05 2.466025e+02 2.466025e+02 
1.545000e-02 1.242088e+06 2.616057e+02 2.616057e+02 1.515947e+05 2.318356e+02 2.318356e+02 
1.550000e-02 1.173975e+06 2.426511e+02 2.426511e+02 1.453276e+05 2.149065e+02 2.149065e+02 
1.555000e-02 1.109550e+06 2.223102e+02 2.223102e+02 1.393167e+05 1.966100e+02 1.966100e+02 
1.560000e-02 1.048629e+06 2.097153e+02 2.097153e+02 1.335230e+05 1.855335e+02 1.855335e+02 
1.565000e-02 9.910506e+05 1.971131e+02 1.971131e+02 1.279285e+05 1.744506e+02 1.744506e+02 
1.570000e-02 9.365200e+05 1.819297e+02 1.819297e+02 1.225331e+05 1.609662e+02 1.609662e+02 
1.575000e-02 8.850030e+05 1.658750e+02 1.658750e+02 1.173309e+05 1.466758e+02 1.466758e+02 
1.580000e-02 8.362351e+05 1.527271e+02 1.527271e+02 1.123237e+05 1.350574e+02 1.350574e+02 
1.585000e-02 7.901476e+05 1.395805e+02 1.395805e+02 1.075025e+05 1.233684e+02 1.233684e+02 
1.590000e-02 7.465625e+05 1.282611e+02 1.282611e+02 1.028588e+05 1.133049e+02 1.133049e+02 
1.595000e-02 7.052962e+05 1.051134e+02 1.051134e+02 9.840079e+04 9.226274e+01 9.226274e+01 
1.600000e-02 6.663607e+05 9.993683e+01 9.993683e+01 9.410575e+04 8.772042e+01 8.772042e+01 
1.605000e-02 6.295559e+05 9.475751e+01 9.475751e+01 8.997367e+04 8.317564e+01 8.317564e+01 
1.610000e-02 5.947490e+05 8.957485e+01 8.957485e+01 8.599852e+04 7.862788e+01 7.862788e+01 
1.615000e-02 5.618495e+05 8.438812e+01 8.438812e+01 8.218028e+04 7.407651e+01 7.407651e+01 
1.620000e-02 5.307491e+05 7.930454e+01 7.930454e+01 7.850690e+04 6.633451e+01 6.633451e+01 
1.625000e-02 5.013433e+05 7.507347e+01 7.507347e+01 7.489281e+04 6.278359e+01 6.278359e+01 
1.630000e-02 4.735554e+05 7.088914e+01 7.088914e+01 7.151084e+04 5.926998e+01 5.926998e+01 
1.635000e-02 4.472886e+05 6.670216e+01 6.670216e+01 6.826771e+04 5.575406e+01 5.575406e+01 
1.640000e-02 4.224582e+05 6.251202e+01 6.251202e+01 6.515133e+04 5.223536e+01 5.223536e+01 
1.645000e-02 3.989920e+05 5.831806e+01 5.831806e+01 6.216773e+04 4.871331e+01 4.871331e+01 
1.650000e-02 3.768116e+05 5.415424e+01 5.415424e+01 5.929390e+04 4.521805e+01 4.521805e+01 
1.655000e-02 3.558608e+05 5.079982e+01 5.079982e+01 5.651506e+04 4.243712e+01 4.243712e+01 
1.660000e-02 3.360517e+05 4.760566e+01 4.760566e+01 5.386740e+04 3.979429e+01 3.979429e+01 
1.665000e-02 3.173456e+05 4.522289e+01 4.522289e+01 5.135068e+04 3.783801e+01 3.783801e+01 
1.670000e-02 2.996605e+05 4.301108e+01 4.301108e+01 4.893995e+04 3.602539e+01 3.602539e+01 
1.675000e-02 2.829594e+05 4.079801e+01 4.079801e+01 4.663305e+04 3.421165e+01 3.421165e+01 
1.680000e-02 2.671756e+05 3.858340e+01 3.858340e+01 4.442392e+04 3.239656e+01 3.239656e+01 
1.685000e-02 2.522610e+05 3.636693e+01 3.636693e+01 4.231077e+04 3.057983e+01 3.057983e+01 
1.690000e-02 2.381635e+05 3.267567e+01 3.267567e+01 4.028877e+04 2.876109e+01 2.876109e+01 
1.695000e-02 2.247949e+05 1.940885e+01 1.940885e+01 3.835609e+04 1.681808e+01 1.681808e+01 
1.700000e-02 2.122207e+05 1.829828e+01 1.829828e+01 3.650731e+04 1.586020e+01 1.586020e+01 
1.705000e-02 2.003450e+05 1.718766e+01 1.718766e+01 3.474123e+04 1.490226e+01 1.490226e+01 
1.710000e-02 1.891271e+05 1.607696e+01 1.607696e+01 3.305362e+04 1.394427e+01 1.394427e+01 
1.715000e-02 1.785328e+05 1.496617e+01 1.496617e+01 3.144145e+04 1.298619e+01 1.298619e+01 
1.720000e-02 1.685240e+05 1.385527e+01 1.385527e+01 2.990232e+04 1.202802e+01 1.202802e+01 
1.725000e-02 1.590407e+05 7.801969e+00 7.801969e+00 2.843321e+04 6.687641e+00 6.687641e+00 
1.730000e-02 1.501191e+05 7.159204e+00 7.159204e+00 2.703049e+04 6.141389e+00 6.141389e+00 
1.735000e-02 1.416872e+05 6.683455e+00 6.683455e+00 2.568320e+04 3.633631e+00 3.633631e+00 
1.740000e-02 1.337255e+05 6.409783e+00 6.409783e+00 2.440769e+04 3.486075e+00 3.486075e+00 
1.745000e-02 1.262092e+05 6.136108e+00 6.136108e+00 2.319195e+04 3.338519e+00 3.338519e+00 
1.750000e-02 1.191131e+05 5.862433e+00 5.862433e+00 2.203233e+04 3.190963e+00 3.190963e+00 
1.755000e-02 1.124068e+05 5.588756e+00 5.588756e+00 2.092764e+04 3.043406e+00 3.043406e+00 
1.760000e-02 1.060796e+05 5.315077e+00 5.315077e+00 1.987547e+04 2.895849e+00 2.895849e+00 
1.765000e-02 1.001013e+05 5.041397e+00 5.041397e+00 1.887219e+04 2.748291e+00 2.748291e+00 
1.770000e-02 9.446102e+04 4.767714e+00 4.767714e+00 1.791719e+04 2.600733e+00 2.600733e+00 
1.775000e-02 8.913037e+04 4.494029e+00 4.494029e+00 1.700807e+04 2.453174e+00 2.453174e+00 
1.780000e-02 8.409789e+04 4.220342e+00 4.220342e+00 1.614241e+04 2.305614e+00 2.305614e+00 
1.785000e-02 7.935152e+04 3.946651e+00 3.946651e+00 1.531840e+04 2.158053e+00 2.158053e+00 
1.790000e-02 7.486772e+04 3.672957e+00 3.672957e+00 1.453482e+04 2.010492e+00 2.010492e+00 
1.795000e-02 7.063561e+04 3.399259e+00 3.399259e+00 1.378928e+04 1.862929e+00 1.862929e+00 
1.800000e-02 6.664012e+04 3.125556e+00 3.125556e+00 1.307994e+04 1.715366e+00 1.715366e+00 
1.805000e-02 6.286315e+04 1.840334e+00 1.840334e+00 1.240451e+04 1.573917e+00 1.573917e+00 
1.810000e-02 5.929642e+04 3.852460e-01 3.852460e-01 1.176349e+04 3.233713e-01 3.233713e-01 
1.815000e-02 5.593792e+04 3.688477e-01 3.688477e-01 1.115385e+04 3.096697e-01 3.096697e-01 
1.820000e-02 5.276774e+04 3.524493e-01 3.524493e-01 1.057501e+04 2.959680e-01 2.959680e-01 
1.825000e-02 4.977562e+04 3.360509e-01 3.360509e-01 1.002453e+04 2.822662e-01 2.822662e-01 
1.830000e-02 4.695191e+04 3.196523e-01 3.196523e-01 9.501811e+03 2.685644e-01 2.685644e-01 
1.835000e-02 4.428694e+04 3.032536e-01 3.032536e-01 9.005655e+03 2.548624e-01 2.548624e-01 
1.840000e-02 4.177166e+04 2.868548e-01 2.868548e-01 8.534247e+03 2.411604e-01 2.411604e-01 
1.845000e-02 3.939823e+04 2.704558e-01 2.704558e-01 8.086378e+03 2.274583e-01 2.274583e-01 
1.850000e-02 3.715819e+04 2.540567e-01 2.540567e-01 7.661446e+03 2.137560e-01 2.137560e-01 
1.855000e-02 3.504491e+04 2.376575e-01 2.376575e-01 7.258244e+03 2.000536e-01 2.000536e-01 
1.860000e-02 3.305054e+04 2.212581e-01 2.212581e-01 6.874961e+03 1.863511e-01 1.863511e-01 
1.865000e-02 3.116903e+04 2.048586e-01 2.048586e-01 6.512199e+03 1.726485e-01 1.726485e-01 
1.870000e-02 2.939377e+04 1.884588e-01 1.884588e-01 6.166942e+03 1.589456e-01 1.589456e-01 
1.875000e-02 2.771880e+04 8.324005e-02 8.324005e-02 5.840276e+03 7.057887e-02 7.057887e-02 
1.880000e-02 2.613753e+04 6.880204e-35 6.880204e-35 5.530148e+03 6.880204e-35 6.880204e-35 
1.885000e-02 2.464664e+04 6.880204e-35 6.880204e-35 5.236076e+03 6.880204e-35 6.880204e-35 
1.890000e-02 2.323978e+04 6.880204e-35 6.880204e-35 4.957154e+03 6.880204e-35 6.880204e-35 
1.895000e-02 2.191302e+04 6.880204e-35 6.880204e-35 4.692719e+03 6.880204e-35 6.880204e-35 
1.900000e-02 2.066164e+04 6.880204e-35 6.880204e-35 4.442045e+03 6.880204e-35 6.880204e-35 
1.905000e-02 1.948089e+04 6.880204e-35 6.880204e-35 4.204410e+03 6.880204e-35 6.880204e-35 
1.910000e-02 1.836677e+04 6.880204e-35 6.880204e-35 3.979148e+03 6.880204e-35 6.880204e-35 
1.915000e-02 1.731657e+04 6.880204e-35 6.880204e-35 3.765716e+03 6.880204e-35 6.880204e-35 
1.920000e-02 1.632571e+04 6.880204e-35 6.880204e-35 3.563451e+03 6.880204e-35 6.880204e-35 
1.925000e-02 1.539098e+04 6.880204e-35 6.880204e-35 3.371809e+03 6.880204e-35 6.880204e-35 
1.930000e-02 1.450918e+04 6.880204e-35 6.880204e-35 3.190247e+03 6.880204e-35 6.880204e-35 
1.935000e-02 1.367779e+04 6.880204e-35 6.880204e-35 3.018222e+03 6.880204e-35 6.880204e-35 
1.940000e-02 1.289354e+04 6.880204e-35 6.880204e-35 2.855312e+03 6.880204e-35 6.880204e-35 
1.945000e-02 1.215413e+04 6.880204e-35 6.880204e-35 2.700972e+03 6.880204e-35 6.880204e-35 
1.950000e-02 1.145644e+04 6.880204e-35 6.880204e-35 2.554842e+03 6.880204e-35 6.880204e-35 
1.955000e-02 1.079924e+04 6.880204e-35 6.880204e-35 2.416437e+03 6.880204e-35 6.880204e-35 
1.960000e-02 1.017899e+04 6.880204e-35 6.880204e-35 2.285457e+03 6.880204e-35 6.880204e-35 
1.965000e-02 9.593980e+03 6.880204e-35 6.880204e-35 2.161357e+03 6.880204e-35 6.880204e-35 
1.970000e-02 9.042475e+03 6.880204e-35 6.880204e-35 2.043897e+03 6.880204e-35 6.880204e-35 
1.975000e-02 8.522839e+03 6.880204e-35 6.880204e-35 1.932715e+03 6.880204e-35 6.880204e-35 
1.980000e-02 8.032175e+03 6.880204e-35 6.880204e-35 1.827448e+03 6.880204e-35 6.880204e-35 
1.985000e-02 7.570002e+03 6.880204e-35 6.880204e-35 1.727854e+03 6.880204e-35 6.880204e-35 
1.990000e-02 7.134145e+03 6.880204e-35 6.880204e-35 1.633573e+03 6.880204e-35 6.880204e-35 
1.995000e-02 6.723156e+03 6.880204e-35 6.880204e-35 1.544301e+03 6.880204e-35 6.880204e-35 
2.000000e-02 6.335828e+03 6.880204e-35 6.880204e-35 1.459918e+03 6.880204e-35 6.880204e-35 
2.005000e-02 5.970532e+03 6.880204e-35 6.880204e-35 1.380002e+03 6.880204e-35 6.880204e-35 
2.010000e-02 5.626180e+03 6.880204e-35 6.880204e-35 1.304432e+03 6.880204e-35 6.880204e-35 
2.015000e-02 5.301627e+03 6.880204e-35 6.880204e-35 1.232906e+03 6.880204e-35 6.880204e-35 
2.020000e-02 4.995604e+03 6.880204e-35 6.880204e-35 1.165242e+03 6.880204e-35 6.880204e-35 
2.025000e-02 4.707085e+03 6.880204e-35 6.880204e-35 1.101261e+03 6.880204e-35 6.880204e-35 
2.030000e-02 4.435225e+03 6.880204e-35 6.880204e-35 1.040721e+03 6.880204e-35 6.880204e-35 
2.035000e-02 4.178878e+03 6.880204e-35 6.880204e-35 9.834393e+02 6.880204e-35 6.880204e-35 
2.040000e-02 3.937258e+03 6.880204e-35 6.880204e-35 9.292967e+02 6.880204e-35 6.880204e-35 
2.045000e-02 3.709581e+03 6.880204e-35 6.880204e-35 8.780514e+02 6.880204e-35 6.880204e-35 
2.050000e-02 3.494943e+03 6.880204e-35 6.880204e-35 8.296430e+02 6.880204e-35 6.880204e-35 
2.055000e-02 3.292678e+03 6.880204e-35 6.880204e-35 7.838300e+02 6.880204e-35 6.880204e-35 
2.060000e-02 3.102002e+03 6.880204e-35 6.880204e-35 7.405522e+02 6.880204e-35 6.880204e-35 
2.065000e-02 2.922311e+03 6.880204e-35 6.880204e-35 6.995680e+02 6.880204e-35 6.880204e-35 
2.070000e-02 2.753002e+03 6.880204e-35 6.880204e-35 6.608775e+02 6.880204e-35 6.880204e-35 
2.075000e-02 2.593351e+03 6.880204e-35 6.880204e-35 6.242392e+02 6.880204e-35 6.880204e-35 
2.080000e-02 2.442983e+03 6.880204e-35 6.880204e-35 5.896652e+02 6.880204e-35 6.880204e-35 
2.085000e-02 2.301253e+03 6.880204e-35 6.880204e-35 5.569563e+02 6.880204e-35 6.880204e-35 
2.090000e-02 2.167701e+03 6.880204e-35 6.880204e-35 5.260401e+02 6.880204e-35 6.880204e-35 
2.095000e-02 2.041857e+03 6.880204e-35 6.880204e-35 4.968140e+02 6.880204e-35 6.880204e-35 
2.100000e-02 1.923245e+03 6.880204e-35 6.880204e-35 4.691995e+02 6.880204e-35 6.880204e-35 
2.105000e-02 1.811531e+03 6.880204e-35 6.880204e-35 4.430939e+02 6.880204e-35 6.880204e-35 
2.110000e-02 1.706246e+03 6.880204e-35 6.880204e-35 4.184250e+02 6.880204e-35 6.880204e-35 
2.115000e-02 1.607008e+03 6.880204e-35 6.880204e-35 3.951141e+02 6.880204e-35 6.880204e-35 
2.120000e-02 1.513554e+03 6.880204e-35 6.880204e-35 3.730828e+02 6.880204e-35 6.880204e-35 
2.125000e-02 1.425489e+03 6.880204e-35 6.880204e-35 3.522648e+02 6.880204e-35 6.880204e-35 
2.130000e-02 1.342507e+03 6.880204e-35 6.880204e-35 3.325996e+02 6.880204e-35 6.880204e-35 
2.135000e-02 1.264353e+03 6.880204e-35 6.880204e-35 3.140149e+02 6.880204e-35 6.880204e-35 
2.140000e-02 1.190660e+03 6.880204e-35 6.880204e-35 2.964623e+02 6.880204e-35 6.880204e-35 
2.145000e-02 1.121301e+03 6.880204e-35 6.880204e-35 2.798755e+02 6.880204e-35 6.880204e-35 
2.150000e-02 1.055919e+03 6.880204e-35 6.880204e-35 2.642061e+02 6.880204e-35 6.880204e-35 
2.155000e-02 9.943342e+02 6.880204e-35 6.880204e-35 2.494059e+02 6.880204e-35 6.880204e-35 
2.160000e-02 9.363829e+02 6.880204e-35 6.880204e-35 2.354206e+02 6.880204e-35 6.880204e-35 
2.165000e-02 8.816971e+02 6.880204e-35 6.880204e-35 2.222139e+02 6.880204e-35 6.880204e-35 
2.170000e-02 8.302466e+02 6.880204e-35 6.880204e-35 2.097436e+02 6.880204e-35 6.880204e-35 
2.175000e-02 7.817718e+02 6.880204e-35 6.880204e-35 1.979614e+02 6.880204e-35 6.880204e-35 
2.180000e-02 7.361037e+02 6.880204e-35 6.880204e-35 1.868372e+02 6.880204e-35 6.880204e-35 
2.185000e-02 6.930914e+02 6.880204e-35 6.880204e-35 1.763286e+02 6.880204e-35 6.880204e-35 
2.190000e-02 6.525780e+02 6.880204e-35 6.880204e-35 1.664054e+02 6.880204e-35 6.880204e-35 
2.195000e-02 6.144187e+02 6.880204e-35 6.880204e-35 1.570316e+02 6.880204e-35 6.880204e-35 
2.200000e-02 5.784806e+02 6.880204e-35 6.880204e-35 1.481889e+02 6.880204e-35 6.880204e-35 
2.205000e-02 5.446309e+02 6.880204e-35 6.880204e-35 1.398291e+02 6.880204e-35 6.880204e-35 
2.210000e-02 5.127550e+02 6.880204e-35 6.880204e-35 1.319461e+02 6.880204e-35 6.880204e-35 
2.215000e-02 4.827321e+02 6.880204e-35 6.880204e-35 1.244978e+02 6.880204e-35 6.880204e-35 
2.220000e-02 4.544596e+02 6.880204e-35 6.880204e-35 1.174659e+02 6.880204e-35 6.880204e-35 
2.225000e-02 4.278290e+02 6.880204e-35 6.880204e-35 1.108263e+02 6.880204e-35 6.880204e-35 
2.230000e-02 4.027556e+02 6.880204e-35 6.880204e-35 1.045610e+02 6.880204e-35 6.880204e-35 
2.235000e-02 3.791369e+02 6.880204e-35 6.880204e-35 9.863969e+01 6.880204e-35 6.880204e-35 
2.240000e-02 3.569064e+02 6.880204e-35 6.880204e-35 9.305642e+01 6.880204e-35 6.880204e-35 
2.245000e-02 3.359677e+02 6.880204e-35 6.880204e-35 8.778703e+01 6.880204e-35 6.880204e-35 
2.250000e-02 3.162482e+02 6.880204e-35 6.880204e-35 8.281340e+01 6.880204e-35 6.880204e-35 
2.255000e-02 2.976876e+02 6.880204e-35 6.880204e-35 7.811138e+01 6.880204e-35 6.880204e-35 
2.260000e-02 2.802014e+02 6.880204e-35 6.880204e-35 7.368099e+01 6.880204e-35 6.880204e-35 
2.265000e-02 2.637474e+02 6.880204e-35 6.880204e-35 6.949807e+01 6.880204e-35 6.880204e-35 
2.270000e-02 2.482495e+02 6.880204e-35 6.880204e-35 6.555055e+01 6.880204e-35 6.880204e-35 
2.275000e-02 2.336539e+02 6.880204e-35 6.880204e-35 6.182636e+01 6.880204e-35 6.880204e-35 
2.280000e-02 2.199160e+02 6.880204e-35 6.880204e-35 5.830920e+01 6.880204e-35 6.880204e-35 
2.285000e-02 2.069822e+02 6.880204e-35 6.880204e-35 5.499123e+01 6.880204e-35 6.880204e-35 
2.290000e-02 1.948052e+02 6.880204e-35 6.880204e-35 5.186098e+01 6.880204e-35 6.880204e-35 
2.295000e-02 1.833442e+02 6.880204e-35 6.880204e-35 4.890698e+01 6.880204e-35 6.880204e-35 
2.300000e-02 1.725464e+02 6.880204e-35 6.880204e-35 4.611958e+01 6.880204e-35 6.880204e-35 
2.305000e-02 1.623861e+02 6.880204e-35 6.880204e-35 4.348971e+01 6.880204e-35 6.880204e-35 
2.310000e-02 1.528227e+02 6.880204e-35 6.880204e-35 4.100893e+01 6.880204e-35 6.880204e-35 
2.315000e-02 1.438195e+02 6.880204e-35 6.880204e-35 3.866818e+01 6.880204e-35 6.880204e-35 
2.320000e-02 1.353432e+02 6.880204e-35 6.880204e-35 3.645962e+01 6.880204e-35 6.880204e-35 
2.325000e-02 1.273630e+02 6.880204e-35 6.880204e-35 3.437661e+01 6.880204e-35 6.880204e-35 
2.330000e-02 1.198482e+02 6.880204e-35 6.880204e-35 3.241130e+01 6.880204e-35 6.880204e-35 
2.335000e-02 1.127801e+02 6.880204e-35 6.880204e-35 3.055766e+01 6.880204e-35 6.880204e-35 
2.340000e-02 1.061225e+02 6.880204e-35 6.880204e-35 2.880904e+01 6.880204e-35 6.880204e-35 
2.345000e-02 9.985714e+01 6.880204e-35 6.880204e-35 2.715941e+01 6.880204e-35 6.880204e-35 
2.350000e-02 9.396122e+01 6.880204e-35 6.880204e-35 2.560395e+01 6.880204e-35 6.880204e-35 
2.355000e-02 8.841115e+01 6.880204e-35 6.880204e-35 2.413660e+01 6.880204e-35 6.880204e-35 
2.360000e-02 8.319065e+01 6.880204e-35 6.880204e-35 2.275256e+01 6.880204e-35 6.880204e-35 
2.365000e-02 7.827677e+01 6.880204e-35 6.880204e-35 2.144758e+01 6.880204e-35 6.880204e-35 
2.370000e-02 7.364658e+01 6.880204e-35 6.880204e-35 2.021625e+01 6.880204e-35 6.880204e-35 
2.375000e-02 6.929224e+01 6.880204e-35 6.880204e-35 1.905553e+01 6.880204e-35 6.880204e-35 
2.380000e-02 6.519322e+01 6.880204e-35 6.880204e-35 1.796061e+01 6.880204e-35 6.880204e-35 
2.385000e-02 6.133624e+01 6.880204e-35 6.880204e-35 1.692846e+01 6.880204e-35 6.880204e-35 
2.390000e-02 5.770621e+01 6.880204e-35 6.880204e-35 1.595486e+01 6.880204e-35 6.880204e-35 
2.395000e-02 5.428986e+01 6.880204e-35 6.880204e-35 1.503739e+01 6.880204e-35 6.880204e-35 
2.400000e-02 5.107510e+01 6.880204e-35 6.880204e-35 1.417183e+01 6.880204e-35 6.880204e-35 
2.405000e-02 4.805048e+01 6.880204e-35 6.880204e-35 1.335577e+01 6.880204e-35 6.880204e-35 
2.410000e-02 4.520332e+01 6.880204e-35 6.880204e-35 1.258619e+01 6.880204e-35 6.880204e-35 
2.415000e-02 4.252456e+01 6.880204e-35 6.880204e-35 1.186067e+01 6.880204e-35 6.880204e-35 
2.420000e-02 4.000334e+01 6.880204e-35 6.880204e-35 1.117679e+01 6.880204e-35 6.880204e-35 
2.425000e-02 3.763120e+01 6.880204e-35 6.880204e-35 1.053215e+01 6.880204e-35 6.880204e-35 
2.430000e-02 3.539971e+01 6.880204e-35 6.880204e-35 9.924329e+00 6.880204e-35 6.880204e-35 
2.435000e-02 3.329919e+01 6.880204e-35 6.880204e-35 9.351516e+00 6.880204e-35 6.880204e-35 
2.440000e-02 3.132302e+01 6.880204e-35 6.880204e-35 8.811297e+00 6.880204e-35 6.880204e-35 
2.445000e-02 2.946334e+01 6.880204e-35 6.880204e-35 8.301862e+00 6.880204e-35 6.880204e-35 
2.450000e-02 2.771412e+01 6.880204e-35 6.880204e-35 7.822003e+00 6.880204e-35 6.880204e-35 
2.455000e-02 2.606811e+01 6.880204e-35 6.880204e-35 7.369306e+00 6.880204e-35 6.880204e-35 
2.460000e-02 2.451953e+01 6.880204e-35 6.880204e-35 6.943167e+00 6.880204e-35 6.880204e-35 
2.465000e-02 2.306263e+01 6.880204e-35 6.880204e-35 6.541172e+00 6.880204e-35 6.880204e-35 
2.470000e-02 2.169186e+01 6.880204e-35 6.880204e-35 6.162114e+00 6.880204e-35 6.880204e-35 
2.475000e-02 2.040185e+01 6.880204e-35 6.880204e-35 5.805388e+00 6.880204e-35 6.880204e-35 
2.480000e-02 1.918911e+01 6.880204e-35 6.880204e-35 5.468883e+00 6.880204e-35 6.880204e-35 
2.485000e-02 1.804704e+01 6.880204e-35 6.880204e-35 5.151754e+00 6.880204e-35 6.880204e-35 
2.490000e-02 1.697367e+01 6.880204e-35 6.880204e-35 4.852853e+00 6.880204e-35 6.880204e-35 
2.495000e-02 1.596307e+01 6.880204e-35 6.880204e-35 4.571275e+00 6.880204e-35 6.880204e-35 
2.500000e-02 1.501325e+01 6.880204e-35 6.880204e-35 4.305874e+00 6.880204e-35 6.880204e-35 
