       0	        0	        0	        0	        0	        0	        0	 
   5e-05	 9.03426e+06	 1.01634e+07	 1.01634e+07	   1957.7	 1.30457e+07	 1.30457e+07	 
  0.0001	 3.69473e+07	 4.15439e+07	 4.15439e+07	   177940	 5.27822e+07	 5.27822e+07	 
 0.00015	 8.74285e+07	 9.81965e+07	 9.81965e+07	 1.29319e+06	 1.24491e+08	 1.24491e+08	 
  0.0002	 1.70355e+08	 1.90904e+08	 1.90904e+08	 5.98342e+06	 2.46095e+08	 2.46095e+08	 
 0.00025	 2.97464e+08	 3.32394e+08	 3.32394e+08	 1.80456e+07	 4.35836e+08	 4.35836e+08	 
  0.0003	 4.72082e+08	 5.26067e+08	 5.26067e+08	 4.02431e+07	 6.97712e+08	 6.97712e+08	 
 0.00035	 6.9216e+08	 7.69369e+08	 7.69369e+08	 7.45582e+07	 1.02794e+09	 1.02794e+09	 
  0.0004	 9.54699e+08	 1.05881e+09	 1.05881e+09	 1.2188e+08	 1.41725e+09	 1.41725e+09	 
 0.00045	 1.25209e+09	 1.38605e+09	 1.38605e+09	 1.80501e+08	 1.85096e+09	 1.85096e+09	 
  0.0005	 1.57244e+09	 1.73829e+09	 1.73829e+09	 2.4575e+08	 2.31144e+09	 2.31144e+09	 
 0.00055	 1.91041e+09	 2.10966e+09	 2.10966e+09	 3.16628e+08	 2.78818e+09	 2.78818e+09	 
  0.0006	 2.25877e+09	 2.49244e+09	 2.49244e+09	 3.89588e+08	 3.27068e+09	 3.27068e+09	 
 0.00065	 2.6066e+09	 2.87461e+09	 2.87461e+09	 4.6276e+08	 3.74854e+09	 3.74854e+09	 
  0.0007	 2.95207e+09	 3.25419e+09	 3.25419e+09	 5.35345e+08	 4.2166e+09	 4.2166e+09	 
 0.00075	 3.29038e+09	 3.6259e+09	 3.6259e+09	 6.06546e+08	 4.66733e+09	 4.66733e+09	 
  0.0008	 3.61714e+09	 3.98492e+09	 3.98492e+09	 6.75211e+08	 5.09307e+09	 5.09307e+09	 
 0.00085	 3.92991e+09	 4.32868e+09	 4.32868e+09	 7.40028e+08	 5.49297e+09	 5.49297e+09	 
  0.0009	 4.22666e+09	 4.65503e+09	 4.65503e+09	 8.00067e+08	 5.86308e+09	 5.86308e+09	 
 0.00095	 4.50554e+09	 4.96185e+09	 4.96185e+09	 8.55479e+08	 6.2013e+09	 6.2013e+09	 
   0.001	 4.76601e+09	 5.24866e+09	 5.24866e+09	 9.05228e+08	 6.50433e+09	 6.50433e+09	 
 0.00105	 5.00674e+09	 5.514e+09	 5.514e+09	 9.49114e+08	 6.7738e+09	 6.7738e+09	 
  0.0011	 5.22673e+09	 5.7567e+09	 5.7567e+09	 9.87394e+08	 7.01076e+09	 7.01076e+09	 
 0.00115	 5.42389e+09	 5.97447e+09	 5.97447e+09	 1.01962e+09	 7.21386e+09	 7.21386e+09	 
  0.0012	 5.59817e+09	 6.16739e+09	 6.16739e+09	 1.0449e+09	 7.38358e+09	 7.38358e+09	 
 0.00125	 5.75108e+09	 6.33695e+09	 6.33695e+09	 1.06458e+09	 7.52192e+09	 7.52192e+09	 
  0.0013	 5.88227e+09	 6.48272e+09	 6.48272e+09	 1.07914e+09	 7.62975e+09	 7.62975e+09	 
 0.00135	 5.99273e+09	 6.60578e+09	 6.60578e+09	 1.08881e+09	 7.70914e+09	 7.70914e+09	 
  0.0014	 6.08201e+09	 6.70564e+09	 6.70564e+09	 1.09347e+09	 7.75968e+09	 7.75968e+09	 
 0.00145	 6.15219e+09	 6.78457e+09	 6.78457e+09	 1.09368e+09	 7.78516e+09	 7.78516e+09	 
  0.0015	 6.20419e+09	 6.84354e+09	 6.84354e+09	 1.08991e+09	 7.78623e+09	 7.78623e+09	 
 0.00155	 6.23734e+09	 6.88178e+09	 6.88178e+09	 1.08229e+09	 7.76285e+09	 7.76285e+09	 
  0.0016	 6.25334e+09	 6.90113e+09	 6.90113e+09	 1.07153e+09	 7.71778e+09	 7.71778e+09	 
 0.00165	 6.2528e+09	 6.90227e+09	 6.90227e+09	 1.05759e+09	 7.65143e+09	 7.65143e+09	 
  0.0017	 6.23616e+09	 6.88563e+09	 6.88563e+09	 1.04086e+09	 7.56575e+09	 7.56575e+09	 
 0.00175	 6.20458e+09	 6.85249e+09	 6.85249e+09	 1.02184e+09	 7.4623e+09	 7.4623e+09	 
  0.0018	 6.15977e+09	 6.80469e+09	 6.80469e+09	 1.00091e+09	 7.34311e+09	 7.34311e+09	 
 0.00185	 6.10183e+09	 6.74237e+09	 6.74237e+09	 9.78008e+08	 7.20767e+09	 7.20767e+09	 
  0.0019	 6.03179e+09	 6.66662e+09	 6.66662e+09	 9.53709e+08	 7.05906e+09	 7.05906e+09	 
 0.00195	 5.95102e+09	 6.57892e+09	 6.57892e+09	 9.28391e+08	 6.89859e+09	 6.89859e+09	 
   0.002	 5.8603e+09	 6.48014e+09	 6.48014e+09	 9.02053e+08	 6.72665e+09	 6.72665e+09	 
 0.00205	 5.76032e+09	 6.37107e+09	 6.37107e+09	 8.74826e+08	 6.54538e+09	 6.54538e+09	 
  0.0021	 5.6527e+09	 6.25344e+09	 6.25344e+09	 8.47272e+08	 6.35647e+09	 6.35647e+09	 
 0.00215	 5.53745e+09	 6.12728e+09	 6.12728e+09	 8.19279e+08	 6.16023e+09	 6.16023e+09	 
  0.0022	 5.41544e+09	 5.99357e+09	 5.99357e+09	 7.90893e+08	 5.95793e+09	 5.95793e+09	 
 0.00225	 5.28845e+09	 5.85422e+09	 5.85422e+09	 7.62775e+08	 5.7518e+09	 5.7518e+09	 
  0.0023	 5.15668e+09	 5.70949e+09	 5.70949e+09	 7.34669e+08	 5.54205e+09	 5.54205e+09	 
 0.00235	 5.02051e+09	 5.55982e+09	 5.55982e+09	 7.06403e+08	 5.32897e+09	 5.32897e+09	 
  0.0024	 4.88153e+09	 5.40697e+09	 5.40697e+09	 6.78494e+08	 5.11473e+09	 5.11473e+09	 
 0.00245	 4.73986e+09	 5.25102e+09	 5.25102e+09	 6.5104e+08	 4.90016e+09	 4.90016e+09	 
  0.0025	 4.59626e+09	 5.09282e+09	 5.09282e+09	 6.24171e+08	 4.68617e+09	 4.68617e+09	 
 0.00255	 4.45022e+09	 4.9319e+09	 4.9319e+09	 5.9722e+08	 4.47251e+09	 4.47251e+09	 
  0.0026	 4.30474e+09	 4.77146e+09	 4.77146e+09	 5.71364e+08	 4.26283e+09	 4.26283e+09	 
 0.00265	 4.15926e+09	 4.61094e+09	 4.61094e+09	 5.46212e+08	 4.05622e+09	 4.05622e+09	 
  0.0027	 4.01524e+09	 4.45194e+09	 4.45194e+09	 5.22037e+08	 3.85431e+09	 3.85431e+09	 
 0.00275	 3.87114e+09	 4.29279e+09	 4.29279e+09	 4.98228e+08	 3.65563e+09	 3.65563e+09	 
  0.0028	 3.72894e+09	 4.1357e+09	 4.1357e+09	 4.75251e+08	 3.462e+09	 3.462e+09	 
 0.00285	 3.58787e+09	 3.97978e+09	 3.97978e+09	 4.52854e+08	 3.27317e+09	 3.27317e+09	 
  0.0029	 3.44779e+09	 3.82495e+09	 3.82495e+09	 4.30809e+08	 3.08871e+09	 3.08871e+09	 
 0.00295	 3.31113e+09	 3.67381e+09	 3.67381e+09	 4.09987e+08	 2.91176e+09	 2.91176e+09	 
   0.003	 3.17652e+09	 3.5249e+09	 3.5249e+09	 3.89742e+08	 2.74052e+09	 2.74052e+09	 
 0.00305	 3.04471e+09	 3.37906e+09	 3.37906e+09	 3.70261e+08	 2.57568e+09	 2.57568e+09	 
  0.0031	 2.91583e+09	 3.2364e+09	 3.2364e+09	 3.51546e+08	 2.41758e+09	 2.41758e+09	 
 0.00315	 2.78943e+09	 3.09648e+09	 3.09648e+09	 3.33341e+08	 2.26537e+09	 2.26537e+09	 
  0.0032	 2.66655e+09	 2.9604e+09	 2.9604e+09	 3.15972e+08	 2.12019e+09	 2.12019e+09	 
 0.00325	 2.54675e+09	 2.82772e+09	 2.82772e+09	 2.99211e+08	 1.98134e+09	 1.98134e+09	 
  0.0033	 2.4309e+09	 2.69937e+09	 2.69937e+09	 2.83368e+08	 1.84978e+09	 1.84978e+09	 
 0.00335	 2.31933e+09	 2.5757e+09	 2.5757e+09	 2.68524e+08	 1.72585e+09	 1.72585e+09	 
  0.0034	 2.21098e+09	 2.4556e+09	 2.4556e+09	 2.54186e+08	 1.6081e+09	 1.6081e+09	 
 0.00345	 2.10625e+09	 2.33949e+09	 2.33949e+09	 2.40516e+08	 1.49679e+09	 1.49679e+09	 
  0.0035	 2.00542e+09	 2.22767e+09	 2.22767e+09	 2.27608e+08	 1.39212e+09	 1.39212e+09	 
 0.00355	 1.90753e+09	 2.11912e+09	 2.11912e+09	 2.15045e+08	 1.29285e+09	 1.29285e+09	 
  0.0036	 1.81229e+09	 2.01351e+09	 2.01351e+09	 2.02691e+08	 1.19849e+09	 1.19849e+09	 
 0.00365	 1.72097e+09	 1.91223e+09	 1.91223e+09	 1.91086e+08	 1.11041e+09	 1.11041e+09	 
  0.0037	 1.63327e+09	 1.81493e+09	 1.81493e+09	 1.80114e+08	 1.02818e+09	 1.02818e+09	 
 0.00375	 1.54878e+09	 1.72119e+09	 1.72119e+09	 1.6959e+08	 9.50969e+08	 9.50969e+08	 
  0.0038	 1.4685e+09	 1.63209e+09	 1.63209e+09	 1.59922e+08	 8.79637e+08	 8.79637e+08	 
 0.00385	 1.39184e+09	 1.54698e+09	 1.54698e+09	 1.50848e+08	 8.13328e+08	 8.13328e+08	 
  0.0039	 1.31802e+09	 1.46503e+09	 1.46503e+09	 1.42042e+08	 7.50918e+08	 7.50918e+08	 
 0.00395	 1.24746e+09	 1.38669e+09	 1.38669e+09	 1.3372e+08	 6.92788e+08	 6.92788e+08	 
   0.004	 1.17968e+09	 1.31144e+09	 1.31144e+09	 1.25668e+08	 6.38271e+08	 6.38271e+08	 
 0.00405	 1.11485e+09	 1.23947e+09	 1.23947e+09	 1.17982e+08	 5.87465e+08	 5.87465e+08	 
  0.0041	 1.05329e+09	 1.17111e+09	 1.17111e+09	 1.10852e+08	 5.40697e+08	 5.40697e+08	 
 0.00415	 9.94613e+08	 1.10594e+09	 1.10594e+09	 1.04104e+08	 4.97364e+08	 4.97364e+08	 
  0.0042	 9.38897e+08	 1.04404e+09	 1.04404e+09	 9.7813e+07	 4.57577e+08	 4.57577e+08	 
 0.00425	 8.85928e+08	 9.8519e+08	 9.8519e+08	 9.19152e+07	 4.20966e+08	 4.20966e+08	 
  0.0043	 8.35473e+08	 9.29131e+08	 9.29131e+08	 8.62918e+07	 3.87037e+08	 3.87037e+08	 
 0.00435	 7.8738e+08	 8.75696e+08	 8.75696e+08	 8.09268e+07	 3.55562e+08	 3.55562e+08	 
  0.0044	 7.41875e+08	 8.25124e+08	 8.25124e+08	 7.59507e+07	 3.26717e+08	 3.26717e+08	 
 0.00445	 6.98458e+08	 7.76881e+08	 7.76881e+08	 7.11356e+07	 2.99818e+08	 2.99818e+08	 
  0.0045	 6.56925e+08	 7.30742e+08	 7.30742e+08	 6.64457e+07	 2.74644e+08	 2.74644e+08	 
 0.00455	 6.17897e+08	 6.87371e+08	 6.87371e+08	 6.21661e+07	 2.51816e+08	 2.51816e+08	 
  0.0046	 5.81138e+08	 6.4651e+08	 6.4651e+08	 5.82147e+07	 2.30955e+08	 2.30955e+08	 
 0.00465	 5.46239e+08	 6.07719e+08	 6.07719e+08	 5.44516e+07	 2.11732e+08	 2.11732e+08	 
  0.0047	 5.13241e+08	 5.71037e+08	 5.71037e+08	 5.0919e+07	 1.9407e+08	 1.9407e+08	 
 0.00475	 4.82258e+08	 5.36584e+08	 5.36584e+08	 4.76909e+07	 1.77973e+08	 1.77973e+08	 
  0.0048	 4.53098e+08	 5.04151e+08	 5.04151e+08	 4.47078e+07	 1.63566e+08	 1.63566e+08	 
 0.00485	 4.25417e+08	 4.73368e+08	 4.73368e+08	 4.18457e+07	 1.50196e+08	 1.50196e+08	 
  0.0049	 3.99095e+08	 4.44102e+08	 4.44102e+08	 3.90726e+07	 1.35554e+08	 1.35554e+08	 
 0.00495	 3.74172e+08	 4.16394e+08	 4.16394e+08	 3.64282e+07	 1.24574e+08	 1.24574e+08	 
   0.005	 3.50714e+08	 3.90312e+08	 3.90312e+08	 3.39657e+07	 1.14497e+08	 1.14497e+08	 
 0.00505	 3.2865e+08	 3.65776e+08	 3.65776e+08	 3.16709e+07	 1.05218e+08	 1.05218e+08	 
  0.0051	 3.07796e+08	 3.42588e+08	 3.42588e+08	 2.94911e+07	 9.66162e+07	 9.66162e+07	 
 0.00515	 2.88208e+08	 3.20804e+08	 3.20804e+08	 2.74652e+07	 8.87301e+07	 8.87301e+07	 
  0.0052	 2.69885e+08	 3.00422e+08	 3.00422e+08	 2.5614e+07	 8.15323e+07	 8.15323e+07	 
 0.00525	 2.52808e+08	 2.81418e+08	 2.81418e+08	 2.3946e+07	 7.51278e+07	 7.51278e+07	 
  0.0053	 2.36768e+08	 2.63568e+08	 2.63568e+08	 2.2391e+07	 6.9248e+07	 6.9248e+07	 
 0.00535	 2.21564e+08	 2.46651e+08	 2.46651e+08	 2.08823e+07	 6.36576e+07	 6.36576e+07	 
  0.0054	 2.07188e+08	 2.30659e+08	 2.30659e+08	 1.94308e+07	 5.8479e+07	 5.8479e+07	 
 0.00545	 1.93741e+08	 2.15698e+08	 2.15698e+08	 1.80982e+07	 5.37693e+07	 5.37693e+07	 
  0.0055	 1.81072e+08	 2.01604e+08	 2.01604e+08	 1.68348e+07	 4.93735e+07	 4.93735e+07	 
 0.00555	 1.69124e+08	 1.88312e+08	 1.88312e+08	 1.5629e+07	 4.53221e+07	 4.53221e+07	 
  0.0056	 1.57904e+08	 1.75832e+08	 1.75832e+08	 1.44966e+07	 4.15838e+07	 4.15838e+07	 
 0.00565	 1.47471e+08	 1.64222e+08	 1.64222e+08	 1.34765e+07	 3.82163e+07	 3.82163e+07	 
  0.0057	 1.37739e+08	 1.53389e+08	 1.53389e+08	 1.25472e+07	 3.52072e+07	 3.52072e+07	 
 0.00575	 1.28617e+08	 1.43236e+08	 1.43236e+08	 1.16769e+07	 3.24238e+07	 3.24238e+07	 
  0.0058	 1.20076e+08	 1.33729e+08	 1.33729e+08	 1.08646e+07	 2.98491e+07	 2.98491e+07	 
 0.00585	 1.12089e+08	 1.24838e+08	 1.24838e+08	 1.01123e+07	 2.74277e+07	 2.74277e+07	 
  0.0059	 1.04628e+08	 1.1653e+08	 1.1653e+08	 9.41801e+06	 2.53146e+07	 2.53146e+07	 
 0.00595	 9.7625e+07	 1.08734e+08	 1.08734e+08	 8.76246e+06	 2.33453e+07	 2.33453e+07	 
   0.006	 9.09871e+07	 1.01347e+08	 1.01347e+08	 8.11656e+06	 2.14394e+07	 2.14394e+07	 
 0.00605	 8.47791e+07	 9.4438e+07	 9.4438e+07	 7.51582e+06	 1.97104e+07	 1.97104e+07	 
  0.0061	 7.89935e+07	 8.7998e+07	 8.7998e+07	 6.96512e+06	 1.81445e+07	 1.81445e+07	 
 0.00615	 7.36302e+07	 8.2026e+07	 8.2026e+07	 6.47108e+06	 1.66872e+07	 1.66872e+07	 
  0.0062	 6.85808e+07	 7.64048e+07	 7.64048e+07	 5.99578e+06	 1.53893e+07	 1.53893e+07	 
 0.00625	 6.38739e+07	 7.11642e+07	 7.11642e+07	 5.55774e+06	 1.41968e+07	 1.41968e+07	 
  0.0063	 5.94777e+07	 6.62693e+07	 6.62693e+07	 5.14981e+06	 1.30871e+07	 1.30871e+07	 
 0.00635	 5.54299e+07	 6.176e+07	 6.176e+07	 4.7937e+06	 1.21227e+07	 1.21227e+07	 
  0.0064	 5.16458e+07	 5.75446e+07	 5.75446e+07	 4.46059e+06	 1.12323e+07	 1.12323e+07	 
 0.00645	 4.80836e+07	 5.35773e+07	 5.35773e+07	 4.13841e+06	 1.03713e+07	 1.03713e+07	 
  0.0065	 4.47353e+07	 4.9849e+07	 4.9849e+07	 3.8292e+06	 9.57497e+06	 9.57497e+06	 
 0.00655	 4.16209e+07	 4.63808e+07	 4.63808e+07	 3.5457e+06	 8.85644e+06	 8.85644e+06	 
  0.0066	 3.8715e+07	 4.31445e+07	 4.31445e+07	 3.28241e+06	 8.19603e+06	 8.19603e+06	 
 0.00665	 3.60164e+07	 4.01385e+07	 4.01385e+07	 3.04267e+06	 7.60162e+06	 7.60162e+06	 
  0.0067	 3.34773e+07	 3.7311e+07	 3.7311e+07	 2.81045e+06	 7.03424e+06	 7.03424e+06	 
 0.00675	 3.11138e+07	 3.46789e+07	 3.46789e+07	 2.59607e+06	 6.49948e+06	 6.49948e+06	 
  0.0068	 2.89177e+07	 3.22328e+07	 3.22328e+07	 2.3997e+06	 6.03282e+06	 6.03282e+06	 
 0.00685	 2.68934e+07	 2.99771e+07	 2.99771e+07	 2.2261e+06	 5.62107e+06	 5.62107e+06	 
  0.0069	 2.50204e+07	 2.78895e+07	 2.78895e+07	 2.07002e+06	 5.24866e+06	 5.24866e+06	 
 0.00695	 2.32609e+07	 2.59289e+07	 2.59289e+07	 1.91913e+06	 4.89521e+06	 4.89521e+06	 
   0.007	 2.16157e+07	 2.40958e+07	 2.40958e+07	 1.77647e+06	 4.56763e+06	 4.56763e+06	 
 0.00705	 2.00827e+07	 2.23878e+07	 2.23878e+07	 1.64373e+06	 4.267e+06	 4.267e+06	 
  0.0071	 1.86524e+07	 2.07942e+07	 2.07942e+07	 1.51941e+06	 3.98031e+06	 3.98031e+06	 
 0.00715	 1.73241e+07	 1.93141e+07	 1.93141e+07	 1.40531e+06	 3.73305e+06	 3.73305e+06	 
  0.0072	 1.60794e+07	 1.79275e+07	 1.79275e+07	 1.29604e+06	 3.4984e+06	 3.4984e+06	 
 0.00725	 1.49204e+07	 1.66363e+07	 1.66363e+07	 1.19436e+06	 3.27948e+06	 3.27948e+06	 
  0.0073	 1.38475e+07	 1.54408e+07	 1.54408e+07	 1.10224e+06	 3.08761e+06	 3.08761e+06	 
 0.00735	 1.28521e+07	 1.43315e+07	 1.43315e+07	 1.01792e+06	 2.91375e+06	 2.91375e+06	 
  0.0074	 1.19401e+07	 1.33146e+07	 1.33146e+07	   945255	 2.76021e+06	 2.76021e+06	 
 0.00745	 1.10894e+07	 1.23661e+07	 1.23661e+07	   876797	 2.62348e+06	 2.62348e+06	 
  0.0075	 1.02928e+07	 1.14781e+07	 1.14781e+07	   810937	 2.4932e+06	 2.4932e+06	 
 0.00755	 9.55244e+06	 1.06528e+07	 1.06528e+07	   750216	 2.37576e+06	 2.37576e+06	 
  0.0076	 8.86005e+06	 9.88114e+06	 9.88114e+06	   692151	 2.26582e+06	 2.26582e+06	 
 0.00765	 8.21908e+06	 9.16662e+06	 9.16662e+06	   639452	 2.16569e+06	 2.16569e+06	 
  0.0077	 7.62086e+06	 8.49984e+06	 8.49984e+06	   589709	 2.07411e+06	 2.07411e+06	 
 0.00775	 7.06096e+06	 7.87593e+06	 7.87593e+06	   541837	 1.98725e+06	 1.98725e+06	 
  0.0078	 6.54722e+06	 7.30323e+06	 7.30323e+06	   499719	 1.91327e+06	 1.91327e+06	 
 0.00785	 6.06715e+06	 6.76815e+06	 6.76815e+06	   459734	 1.84355e+06	 1.84355e+06	 
  0.0079	 5.62875e+06	 6.27918e+06	 6.27918e+06	   425899	 1.78611e+06	 1.78611e+06	 
 0.00795	 5.22238e+06	 5.8259e+06	 5.8259e+06	   394758	 1.73273e+06	 1.73273e+06	 
   0.008	 4.84282e+06	 5.4026e+06	 5.4026e+06	   364996	 1.68306e+06	 1.68306e+06	 
 0.00805	 4.49057e+06	 5.00975e+06	 5.00975e+06	   337544	 1.638e+06	 1.638e+06	 
  0.0081	 4.16228e+06	 4.64367e+06	 4.64367e+06	   311615	 1.59593e+06	 1.59593e+06	 
 0.00815	 3.85755e+06	 4.30383e+06	 4.30383e+06	   287621	 1.55711e+06	 1.55711e+06	 
  0.0082	 3.57429e+06	 3.98796e+06	 3.98796e+06	   265232	 1.52094e+06	 1.52094e+06	 
 0.00825	 3.3093e+06	 3.69255e+06	 3.69255e+06	   243641	 1.4847e+06	 1.4847e+06	 
  0.0083	 3.06421e+06	 3.41927e+06	 3.41927e+06	   223982	 1.45284e+06	 1.45284e+06	 
 0.00835	 2.83673e+06	 3.16563e+06	 3.16563e+06	   205754	 1.4226e+06	 1.4226e+06	 
  0.0084	 2.62785e+06	 2.93264e+06	 2.93264e+06	   189766	 1.3955e+06	 1.3955e+06	 
 0.00845	 2.43601e+06	 2.71857e+06	 2.71857e+06	   175724	 1.37129e+06	 1.37129e+06	 
  0.0085	 2.25768e+06	 2.5196e+06	 2.5196e+06	   162578	 1.34721e+06	 1.34721e+06	 
 0.00855	 2.09228e+06	 2.33504e+06	 2.33504e+06	   150427	 1.32459e+06	 1.32459e+06	 
  0.0086	 1.93814e+06	 2.16308e+06	 2.16308e+06	   138879	 1.30203e+06	 1.30203e+06	 
 0.00865	 1.79462e+06	 2.00297e+06	 2.00297e+06	   127948	 1.27909e+06	 1.27909e+06	 
  0.0087	 1.66211e+06	 1.85513e+06	 1.85513e+06	   118112	 1.25767e+06	 1.25767e+06	 
 0.00875	 1.53805e+06	 1.71676e+06	 1.71676e+06	   108503	 1.23534e+06	 1.23534e+06	 
  0.0088	 1.42259e+06	 1.58801e+06	 1.58801e+06	    99430	 1.21194e+06	 1.21194e+06	 
 0.00885	 1.31636e+06	 1.4695e+06	 1.4695e+06	  91383.7	 1.19042e+06	 1.19042e+06	 
  0.0089	 1.21739e+06	 1.35912e+06	 1.35912e+06	  83740.2	 1.16851e+06	 1.16851e+06	 
 0.00895	 1.12709e+06	 1.25833e+06	 1.25833e+06	  77261.1	 1.14756e+06	 1.14756e+06	 
   0.009	 1.04413e+06	 1.16571e+06	 1.16571e+06	    71573	 1.12709e+06	 1.12709e+06	 
 0.00905	   966842	 1.07944e+06	 1.07944e+06	  66143.3	 1.10399e+06	 1.10399e+06	 
  0.0091	   895101	   999363	   999363	  61091.1	 1.0818e+06	 1.0818e+06	 
 0.00915	   828559	   925088	   925088	  56399.1	 1.06013e+06	 1.06013e+06	 
  0.0092	   766438	   855769	   855769	  51864.6	 1.03852e+06	 1.03852e+06	 
 0.00925	   708757	   791406	   791406	  47628.7	 1.01617e+06	 1.01617e+06	 
  0.0093	   654958	   731389	   731389	  43571.9	   993429	   993429	 
 0.00935	   605638	   676344	   676344	  40043.3	   971153	   971153	 
  0.0094	   559565	   624938	   624938	  36636.3	   948161	   948161	 
 0.00945	   517376	   577846	   577846	  33673.2	   924778	   924778	 
  0.0095	   477554	   533432	   533432	  30567.7	   902392	   902392	 
 0.00955	   442064	   493785	   493785	  28335.2	   878421	   878421	 
  0.0096	   408883	   456731	   456731	    26139	   856115	   856115	 
 0.00965	   378150	   422409	   422409	  24110.9	   833701	   833701	 
  0.0097	   349754	   390695	   390695	  22262.2	   810705	   810705	 
 0.00975	   323227	   361077	   361077	  20455.5	   788251	   788251	 
  0.0098	   298459	   333433	   333433	  18698.5	   765790	   765790	 
 0.00985	   275734	   308060	   308060	    17158	   742974	   742974	 
  0.0099	   254255	   284098	   284098	  15537.5	   720717	   720717	 
 0.00995	   234803	   262377	   262377	  14235.2	   698399	   698399	 
    0.01	   216281	   241721	   241721	  12781.1	   676902	   676902	 
 0.01005	   200089	   223619	   223619	  11863.1	   655854	   655854	 
  0.0101	   185004	   206761	   206761	  10970.5	   634969	   634969	 
 0.01015	   170980	   191090	   191090	  10118.1	   614294	   614294	 
  0.0102	   157764	   176334	   176334	  9218.52	   593883	   593883	 
 0.01025	   145729	   162887	   162887	  8479.89	   573631	   573631	 
  0.0103	   134218	   150044	   150044	  7626.13	   553468	   553468	 
 0.01035	   123894	   138509	   138509	  6983.96	   534012	   534012	 
  0.0104	   114122	   127602	   127602	  6292.91	   514746	   514746	 
 0.01045	   105286	   117730	   117730	  5744.22	   495752	   495752	 
  0.0105	  97221.7	   108715	   108715	  5282.43	   477461	   477461	 
 0.01055	  89878.1	   100501	   100501	  4902.22	   459551	   459551	 
  0.0106	  83064.6	  92881.2	  92881.2	  4539.87	   441977	   441977	 
 0.01065	  76738.7	  85807.6	  85807.6	  4195.19	   424719	   424719	 
  0.0107	  70845.2	  79219.8	  79219.8	  3855.24	   408049	   408049	 
 0.01075	  65303.1	    73029	    73029	  3502.29	   391653	   391653	 
  0.0108	  60270.3	  67402.8	  67402.8	  3216.03	   375349	   375349	 
 0.01085	  55602.8	  62185.6	  62185.6	  2945.46	   359888	   359888	 
  0.0109	  51264.2	  57337.5	  57337.5	  2683.15	   344844	   344844	 
 0.01095	    47161	  52756.6	  52756.6	  2400.79	   330172	   330172	 
   0.011	  43507.3	  48671.2	  48671.2	  2200.76	   315797	   315797	 
 0.01105	  40134.6	  44899.9	  44899.9	  2016.21	   301950	   301950	 
  0.0111	  37019.3	  41416.5	  41416.5	  1845.41	   288529	   288529	 
 0.01115	  34104.1	  38158.5	  38158.5	  1671.95	   275492	   275492	 
  0.0112	  31494.2	  35237.8	  35237.8	  1548.49	   263013	   263013	 
 0.01125	  29030.3	    32483	    32483	  1411.51	   250921	   250921	 
  0.0113	  26584.3	  29756.4	  29756.4	  1210.09	   239183	   239183	 
 0.01135	    24506	  27431.5	  27431.5	  1104.42	   227868	   227868	 
  0.0114	  22606.6	  25305.8	  25305.8	  1015.61	   216979	   216979	 
 0.01145	  20785.8	  23271.2	  23271.2	  904.568	   206452	   206452	 
  0.0115	  19112.7	  21401.3	  21401.3	  805.621	   196307	   196307	 
 0.01155	  17571.2	  19678.3	  19678.3	  715.633	   186560	   186560	 
  0.0116	    16172	  18113.3	  18113.3	  642.785	   177196	   177196	 
 0.01165	  14863.9	    16651	    16651	  568.259	   168193	   168193	 
  0.0117	  13718.5	  15367.6	  15367.6	  527.074	   159336	   159336	 
 0.01175	  12658.9	  14180.4	  14180.4	   488.07	   151067	   151067	 
  0.0118	  11673.2	  13076.4	  13076.4	  449.025	   143139	   143139	 
 0.01185	  10756.7	  12050.2	  12050.2	  409.929	   135540	   135540	 
  0.0119	  9915.91	  11108.5	  11108.5	  376.284	   128092	   128092	 
 0.01195	  9138.54	  10237.9	  10237.9	  344.611	   121156	   121156	 
   0.012	  8416.69	  9429.69	  9429.69	  313.467	   114470	   114470	 
 0.01205	  7757.25	  8691.06	  8691.06	  287.512	   108039	   108039	 
  0.0121	  7154.74	   8015.9	   8015.9	  266.099	   102021	   102021	 
 0.01215	  6601.23	  7395.54	  7395.54	  247.389	  96291.3	  96291.3	 
  0.0122	  5970.01	  6694.18	  6694.18	  177.235	  90800.1	  90800.1	 
 0.01225	   5506.4	  6174.21	  6174.21	  164.506	  85602.1	  85602.1	 
  0.0123	   5076.1	   5691.7	   5691.7	  151.771	  80662.2	  80662.2	 
 0.01235	  4677.02	  5244.33	  5244.33	  139.029	  75967.5	  75967.5	 
  0.0124	  4209.76	   4725.5	   4725.5	  84.2269	    71484	    71484	 
 0.01245	  3877.64	  4352.82	  4352.82	  76.6213	  67256.5	  67256.5	 
  0.0125	  3569.94	   4007.6	   4007.6	  69.0149	  63248.9	  63248.9	 
 0.01255	  3193.54	  3589.99	  3589.99	  22.2792	  59430.2	  59430.2	 
  0.0126	  2941.14	  3306.35	  3306.35	  19.7709	  55806.1	  55806.1	 
 0.01265	  2711.23	  3047.84	  3047.84	  18.6425	  52406.8	  52406.8	 
  0.0127	  2499.16	   2809.4	   2809.4	  17.5504	  49195.5	  49195.5	 
 0.01275	  2303.44	  2589.34	  2589.34	  16.4582	  46161.1	  46161.1	 
  0.0128	  2122.75	   2386.2	   2386.2	   15.366	  43295.7	  43295.7	 
 0.01285	  1956.02	  2198.76	  2198.76	  14.2738	  40592.3	  40592.3	 
  0.0129	  1802.08	  2025.72	  2025.72	  13.1816	  38041.8	  38041.8	 
 0.01295	  1660.01	  1866.02	  1866.02	  12.0894	    35639	    35639	 
   0.013	  1528.82	  1718.57	  1718.57	  10.9972	  33375.7	  33375.7	 
 0.01305	  1407.72	  1582.46	  1582.46	  9.90494	  31244.5	  31244.5	 
  0.0131	  1295.88	  1456.79	  1456.79	  8.81268	  29239.9	  29239.9	 
 0.01315	  1174.41	  1321.23	  1321.23	 1.72208e-33	  27351.4	  27351.4	 
  0.0132	  1081.66	  1216.88	  1216.88	 1.72208e-33	  25580.3	  25580.3	 
 0.01325	  996.176	  1120.71	  1120.71	 1.72208e-33	  23916.2	  23916.2	 
  0.0133	  917.403	  1032.09	  1032.09	 1.72208e-33	  22354.7	  22354.7	 
 0.01335	  844.844	   950.46	   950.46	 1.72208e-33	  20888.8	  20888.8	 
  0.0134	   777.95	  875.204	  875.204	 1.72208e-33	  19514.4	  19514.4	 
 0.01345	  716.354	  805.907	  805.907	 1.72208e-33	  18225.2	  18225.2	 
  0.0135	  659.602	   742.06	   742.06	 1.72208e-33	  17016.7	  17016.7	 
 0.01355	  607.284	  683.203	  683.203	 1.72208e-33	    15885	    15885	 
  0.0136	  559.117	  629.014	  629.014	 1.72208e-33	  14825.5	  14825.5	 
 0.01365	  514.745	  579.095	  579.095	 1.72208e-33	  13833.1	  13833.1	 
  0.0137	  473.887	  533.129	  533.129	 1.72208e-33	  12904.7	  12904.7	 
 0.01375	  436.226	  490.759	  490.759	 1.72208e-33	  12035.5	  12035.5	 
  0.0138	   401.55	  451.749	  451.749	 1.72208e-33	  11223.2	  11223.2	 
 0.01385	  369.614	  415.821	  415.821	 1.72208e-33	  10463.1	  10463.1	 
  0.0139	    340.2	  382.729	  382.729	 1.72208e-33	  9752.69	  9752.69	 
 0.01395	  313.116	  352.259	  352.259	 1.72208e-33	  9088.75	  9088.75	 
   0.014	  288.175	  324.201	  324.201	 1.72208e-33	  8468.68	  8468.68	 
 0.01405	  265.209	  298.363	  298.363	 1.72208e-33	  7888.61	  7888.61	 
  0.0141	  244.061	  274.571	  274.571	 1.72208e-33	  7347.27	  7347.27	 
 0.01415	  224.589	  252.666	  252.666	 1.72208e-33	  6842.05	  6842.05	 
  0.0142	  206.663	  232.498	  232.498	 1.72208e-33	  6369.94	  6369.94	 
 0.01425	  190.158	   213.93	   213.93	 1.72208e-33	  5929.37	  5929.37	 
  0.0143	  174.964	  196.836	  196.836	 1.72208e-33	   5518.1	   5518.1	 
 0.01435	   160.98	  181.105	  181.105	 1.72208e-33	  5134.38	  5134.38	 
  0.0144	  148.103	  166.618	  166.618	 1.72208e-33	   4776.4	   4776.4	 
 0.01445	  136.254	  153.288	  153.288	 1.72208e-33	  4442.49	  4442.49	 
  0.0145	  125.347	  141.017	  141.017	 1.72208e-33	  4131.04	  4131.04	 
 0.01455	  115.308	  129.723	  129.723	 1.72208e-33	  3840.68	  3840.68	 
  0.0146	  106.069	  119.329	  119.329	 1.72208e-33	  3570.01	  3570.01	 
 0.01465	  97.5652	  109.762	  109.762	 1.72208e-33	  3317.72	  3317.72	 
  0.0147	  89.7423	  100.961	  100.961	 1.72208e-33	  3082.66	  3082.66	 
 0.01475	  82.5415	  92.8602	  92.8602	 1.72208e-33	  2863.74	  2863.74	 
  0.0148	  75.9165	   85.407	   85.407	 1.72208e-33	  2659.71	  2659.71	 
 0.01485	  69.8176	  78.5457	  78.5457	 1.72208e-33	  2469.82	  2469.82	 
  0.0149	  64.2075	  72.2343	  72.2343	 1.72208e-33	  2293.03	  2293.03	 
 0.01495	  59.0493	  66.4312	  66.4312	 1.72208e-33	  2128.49	  2128.49	 
   0.015	  54.2988	  61.0868	  61.0868	 1.72208e-33	  1975.38	  1975.38	 
 0.01505	  49.9315	  56.1736	  56.1736	 1.72208e-33	  1832.91	  1832.91	 
  0.0151	  45.9124	  51.6521	  51.6521	 1.72208e-33	  1700.45	  1700.45	 
 0.01515	  42.2162	  47.4937	  47.4937	 1.72208e-33	  1577.27	  1577.27	 
  0.0152	  38.8161	  43.6686	  43.6686	 1.72208e-33	  1462.74	  1462.74	 
 0.01525	  35.6885	    40.15	    40.15	 1.72208e-33	  1356.34	  1356.34	 
  0.0153	  32.8113	  36.9131	  36.9131	 1.72208e-33	  1257.43	  1257.43	 
 0.01535	  30.1657	  33.9368	  33.9368	 1.72208e-33	  1165.55	  1165.55	 
  0.0154	  27.7317	  31.1986	  31.1986	 1.72208e-33	  1080.25	  1080.25	 
 0.01545	  25.4938	  28.6809	  28.6809	 1.72208e-33	  1001.01	  1001.01	 
  0.0155	  23.4356	  26.3653	  26.3653	 1.72208e-33	  927.458	  927.458	 
 0.01555	  21.5425	  24.2356	  24.2356	 1.72208e-33	  859.192	  859.192	 
  0.0156	   19.802	  22.2775	  22.2775	 1.72208e-33	   795.83	   795.83	 
 0.01565	  18.2011	  20.4764	  20.4764	 1.72208e-33	  737.049	  737.049	 
  0.0157	  16.7295	  18.8209	  18.8209	 1.72208e-33	  682.463	  682.463	 
 0.01575	  15.3764	  17.2986	  17.2986	 1.72208e-33	  631.903	  631.903	 
  0.0158	  14.1321	  15.8988	  15.8988	 1.72208e-33	  584.994	  584.994	 
 0.01585	   12.988	  14.6116	  14.6116	 1.72208e-33	  541.505	  541.505	 
  0.0159	  11.9362	  13.4284	  13.4284	 1.72208e-33	  501.185	  501.185	 
 0.01595	  10.9691	  12.3404	  12.3404	 1.72208e-33	  463.819	  463.819	 
   0.016	  10.0802	  11.3404	  11.3404	 1.72208e-33	   429.19	   429.19	 
 0.01605	  9.26305	   10.421	   10.421	 1.72208e-33	  397.102	  397.102	 
  0.0161	  8.51181	  9.57589	  9.57589	 1.72208e-33	  367.376	  367.376	 
 0.01615	  7.82139	  8.79916	  8.79916	 1.72208e-33	  339.838	  339.838	 
  0.0162	  7.18633	  8.08471	  8.08471	 1.72208e-33	  314.332	  314.332	 
 0.01625	  6.60296	  7.42842	  7.42842	 1.72208e-33	   290.71	   290.71	 
  0.0163	  6.06669	   6.8251	   6.8251	 1.72208e-33	  268.836	  268.836	 
 0.01635	  5.57385	  6.27066	  6.27066	 1.72208e-33	  248.589	  248.589	 
  0.0164	  5.12085	  5.76102	  5.76102	 1.72208e-33	  229.845	  229.845	 
 0.01645	  4.70484	  5.29301	  5.29301	 1.72208e-33	  212.488	  212.488	 
  0.0165	  4.32211	  4.86243	  4.86243	 1.72208e-33	  196.435	  196.435	 
 0.01655	  3.97047	  4.46683	  4.46683	 1.72208e-33	  181.569	  181.569	 
  0.0166	  3.64738	  4.10335	  4.10335	 1.72208e-33	  167.819	  167.819	 
 0.01665	  3.35046	  3.76931	  3.76931	 1.72208e-33	  155.095	  155.095	 
  0.0167	  3.07768	  3.46243	  3.46243	 1.72208e-33	  143.326	  143.326	 
 0.01675	  2.82696	  3.18037	  3.18037	 1.72208e-33	   132.44	   132.44	 
  0.0168	  2.59661	  2.92122	  2.92122	 1.72208e-33	  122.368	  122.368	 
 0.01685	  2.38498	  2.68313	  2.68313	 1.72208e-33	  113.051	  113.051	 
  0.0169	  2.19051	  2.46435	  2.46435	 1.72208e-33	  104.444	  104.444	 
 0.01695	  2.01186	  2.26337	  2.26337	 1.72208e-33	  96.4752	  96.4752	 
   0.017	  1.84773	  2.07872	  2.07872	 1.72208e-33	  89.1131	  89.1131	 
 0.01705	  1.69695	  1.90909	  1.90909	 1.72208e-33	  82.3059	  82.3059	 
  0.0171	   1.5584	  1.75322	  1.75322	 1.72208e-33	  76.0149	  76.0149	 
 0.01715	  1.43114	  1.61005	  1.61005	 1.72208e-33	  70.1949	  70.1949	 
  0.0172	  1.31424	  1.47853	  1.47853	 1.72208e-33	  64.8201	  64.8201	 
 0.01725	  1.20685	  1.35772	  1.35772	 1.72208e-33	  59.8505	  59.8505	 
  0.0173	   1.1082	  1.24673	  1.24673	 1.72208e-33	  55.2584	  55.2584	 
 0.01735	   1.0176	  1.14481	  1.14481	 1.72208e-33	  51.0153	  51.0153	 
  0.0174	 0.934377	  1.05119	  1.05119	 1.72208e-33	  47.0949	  47.0949	 
 0.01745	 0.857927	 0.965179	 0.965179	 1.72208e-33	  43.4726	  43.4726	 
  0.0175	 0.787702	 0.886175	 0.886175	 1.72208e-33	  40.1264	  40.1264	 
 0.01755	 0.723239	 0.813653	 0.813653	 1.72208e-33	  37.0357	  37.0357	 
  0.0176	 0.664001	  0.74701	  0.74701	 1.72208e-33	  34.1799	  34.1799	 
 0.01765	 0.609651	 0.685865	 0.685865	 1.72208e-33	  31.5429	  31.5429	 
  0.0177	 0.559701	  0.62967	  0.62967	 1.72208e-33	  29.1071	  29.1071	 
 0.01775	 0.513828	 0.578063	 0.578063	 1.72208e-33	  26.8585	  26.8585	 
  0.0178	 0.471707	 0.530676	 0.530676	 1.72208e-33	  24.7815	  24.7815	 
 0.01785	 0.433014	 0.487146	 0.487146	 1.72208e-33	  22.8638	  22.8638	 
  0.0179	   0.3975	 0.447193	 0.447193	 1.72208e-33	  21.0927	  21.0927	 
 0.01795	 0.364885	   0.4105	   0.4105	 1.72208e-33	  19.4583	  19.4583	 
   0.018	 0.334943	 0.376815	 0.376815	 1.72208e-33	  17.9491	  17.9491	 
 0.01805	 0.307446	 0.345881	 0.345881	 1.72208e-33	   16.556	   16.556	 
  0.0181	 0.282199	 0.317477	 0.317477	 1.72208e-33	  15.2701	  15.2701	 
 0.01815	  0.25902	 0.291401	 0.291401	 1.72208e-33	  14.0835	  14.0835	 
  0.0182	 0.237737	 0.267457	 0.267457	 1.72208e-33	  12.9885	  12.9885	 
 0.01825	 0.218202	  0.24548	  0.24548	 1.72208e-33	  11.9775	  11.9775	 
  0.0183	 0.200265	 0.225301	 0.225301	 1.72208e-33	  11.0444	  11.0444	 
 0.01835	 0.183798	 0.206775	 0.206775	 1.72208e-33	  10.1837	  10.1837	 
  0.0184	 0.168682	 0.189769	 0.189769	 1.72208e-33	  9.39007	  9.39007	 
 0.01845	 0.154802	 0.174155	 0.174155	 1.72208e-33	  8.65709	  8.65709	 
  0.0185	 0.142062	 0.159822	 0.159822	 1.72208e-33	  7.98088	  7.98088	 
 0.01855	 0.130371	 0.146669	 0.146669	 1.72208e-33	  7.35759	  7.35759	 
  0.0186	 0.119636	 0.134592	 0.134592	 1.72208e-33	  6.78205	  6.78205	 
 0.01865	 0.109785	  0.12351	  0.12351	 1.72208e-33	  6.25173	  6.25173	 
  0.0187	 0.100741	 0.113334	 0.113334	 1.72208e-33	  5.76232	  5.76232	 
 0.01875	 0.0924379	 0.103994	 0.103994	 1.72208e-33	  5.31098	  5.31098	 
  0.0188	 0.0848215	 0.0954252	 0.0954252	 1.72208e-33	  4.89474	  4.89474	 
 0.01885	 0.0778284	 0.0875579	 0.0875579	 1.72208e-33	  4.51082	  4.51082	 
  0.0189	 0.0714114	 0.0803388	 0.0803388	 1.72208e-33	  4.15685	  4.15685	 
 0.01895	 0.0655178	 0.0737084	 0.0737084	 1.72208e-33	  3.83042	  3.83042	 
   0.019	 0.0601134	 0.0676283	 0.0676283	 1.72208e-33	  3.52949	  3.52949	 
 0.01905	 0.0551533	 0.0620482	 0.0620482	 1.72208e-33	  3.25204	  3.25204	 
  0.0191	 0.0506006	 0.0569263	 0.0569263	 1.72208e-33	   2.9962	   2.9962	 
 0.01915	 0.0464235	 0.052227	 0.052227	 1.72208e-33	  2.76037	  2.76037	 
  0.0192	 0.042589	 0.0479132	 0.0479132	 1.72208e-33	  2.54299	  2.54299	 
 0.01925	 0.039071	 0.0439554	 0.0439554	 1.72208e-33	  2.34265	  2.34265	 
  0.0193	 0.0358425	 0.0403233	 0.0403233	 1.72208e-33	  2.15792	  2.15792	 
 0.01935	 0.0328804	 0.0369909	 0.0369909	 1.72208e-33	   1.9877	   1.9877	 
  0.0194	 0.0301625	 0.0339332	 0.0339332	 1.72208e-33	  1.83078	  1.83078	 
 0.01945	 0.0276683	 0.0311272	 0.0311272	 1.72208e-33	  1.68625	  1.68625	 
  0.0195	  0.02538	 0.0285528	 0.0285528	 1.72208e-33	  1.55301	  1.55301	 
 0.01955	 0.0232803	 0.0261907	 0.0261907	 1.72208e-33	  1.43022	  1.43022	 
  0.0196	 0.0213542	 0.0240238	 0.0240238	 1.72208e-33	  1.31705	  1.31705	 
 0.01965	 0.0195866	 0.0220352	 0.0220352	 1.72208e-33	  1.21284	  1.21284	 
  0.0197	 0.0179655	 0.0202114	 0.0202114	 1.72208e-33	  1.11677	  1.11677	 
 0.01975	 0.0164778	 0.0185377	 0.0185377	 1.72208e-33	  1.02831	  1.02831	 
  0.0198	 0.0151132	 0.0170026	 0.0170026	 1.72208e-33	 0.946815	 0.946815	 
 0.01985	 0.0138613	 0.0155942	 0.0155942	 1.72208e-33	  0.87171	  0.87171	 
  0.0199	 0.0127125	 0.0143018	 0.0143018	 1.72208e-33	  0.80254	  0.80254	 
 0.01995	 0.011659	 0.0131165	 0.0131165	 1.72208e-33	 0.738792	 0.738792	 
    0.02	 0.0106924	 0.0120291	 0.0120291	 1.72208e-33	  0.68014	  0.68014	 
 0.02005	 0.00980603	 0.0110319	 0.0110319	 1.72208e-33	 0.626082	 0.626082	 
  0.0201	 0.00899253	 0.0101167	 0.0101167	 1.72208e-33	 0.576303	 0.576303	 
 0.02015	 0.00824673	 0.00927767	 0.00927767	 1.72208e-33	 0.530452	 0.530452	 
  0.0202	 0.00756239	 0.00850778	 0.00850778	 1.72208e-33	 0.488235	 0.488235	 
 0.02025	 0.00693479	 0.00780173	 0.00780173	 1.72208e-33	  0.44936	  0.44936	 
  0.0203	 0.00635941	 0.00715441	 0.00715441	 1.72208e-33	 0.413556	 0.413556	 
 0.02035	 0.00583123	 0.00656021	 0.00656021	 1.72208e-33	 0.380591	 0.380591	 
  0.0204	 0.00534705	 0.0060155	 0.0060155	 1.72208e-33	 0.350239	 0.350239	 
 0.02045	 0.0049027	 0.0055156	 0.0055156	 1.72208e-33	   0.3223	   0.3223	 
  0.0205	 0.00449551	 0.00505751	 0.00505751	 1.72208e-33	 0.296568	 0.296568	 
 0.02055	 0.00412195	 0.00463725	 0.00463725	 1.72208e-33	 0.272888	 0.272888	 
  0.0206	 0.00377933	 0.00425179	 0.00425179	 1.72208e-33	 0.251086	 0.251086	 
 0.02065	 0.00346517	 0.00389836	 0.00389836	 1.72208e-33	 0.231013	 0.231013	 
  0.0207	 0.00317698	 0.00357414	 0.00357414	 1.72208e-33	  0.21254	  0.21254	 
 0.02075	 0.0029128	 0.00327693	 0.00327693	 1.72208e-33	 0.195538	 0.195538	 
  0.0208	 0.0026705	 0.00300435	 0.00300435	 1.72208e-33	 0.179885	 0.179885	 
 0.02085	 0.00244832	 0.00275439	 0.00275439	 1.72208e-33	 0.165483	 0.165483	 
  0.0209	 0.00224455	 0.00252515	 0.00252515	 1.72208e-33	 0.152223	 0.152223	 
 0.02095	 0.00205773	 0.00231498	 0.00231498	 1.72208e-33	 0.140022	 0.140022	 
   0.021	 0.0018864	 0.00212222	 0.00212222	 1.72208e-33	 0.128795	 0.128795	 
 0.02105	 0.00172931	 0.0019455	 0.0019455	 1.72208e-33	 0.118465	 0.118465	 
  0.0211	 0.00158528	 0.00178346	 0.00178346	 1.72208e-33	 0.108954	 0.108954	 
 0.02115	 0.00145325	 0.00163492	 0.00163492	 1.72208e-33	 0.100211	 0.100211	 
  0.0212	 0.00133212	 0.00149866	 0.00149866	 1.72208e-33	 0.0921586	 0.0921586	 
 0.02125	 0.00122112	 0.00137378	 0.00137378	 1.72208e-33	 0.0847578	 0.0847578	 
  0.0213	 0.00111933	 0.00125926	 0.00125926	 1.72208e-33	 0.0779442	 0.0779442	 
 0.02135	 0.00102601	 0.00115427	 0.00115427	 1.72208e-33	 0.0716724	 0.0716724	 
  0.0214	 0.000940472	 0.00105804	 0.00105804	 1.72208e-33	 0.0659041	 0.0659041	 
 0.02145	 0.000862001	 0.000969762	 0.000969762	 1.72208e-33	 0.0606015	 0.0606015	 
  0.0215	 0.000790116	 0.000888891	 0.000888891	 1.72208e-33	 0.0557216	 0.0557216	 
 0.02155	 0.000724192	 0.000814725	 0.000814725	 1.72208e-33	 0.0512334	 0.0512334	 
  0.0216	 0.000663767	 0.000746746	 0.000746746	 1.72208e-33	 0.0471046	 0.0471046	 
 0.02165	 0.000608337	 0.000684387	 0.000684387	 1.72208e-33	 0.0433067	 0.0433067	 
  0.0217	 0.000557572	 0.000627276	 0.000627276	 1.72208e-33	 0.0398141	 0.0398141	 
 0.02175	 0.000510985	 0.000574864	 0.000574864	 1.72208e-33	 0.0366015	 0.0366015	 
  0.0218	 0.000468332	 0.000526879	 0.000526879	 1.72208e-33	 0.0336476	 0.0336476	 
 0.02185	 0.00042921	 0.000482866	 0.000482866	 1.72208e-33	 0.0309305	 0.0309305	 
  0.0219	 0.000393347	 0.00044252	 0.00044252	 1.72208e-33	 0.0284322	 0.0284322	 
 0.02195	 0.000360478	 0.000405542	 0.000405542	 1.72208e-33	 0.0261345	 0.0261345	 
   0.022	 0.000330353	 0.000371651	 0.000371651	 1.72208e-33	 0.0240214	 0.0240214	 
 0.02205	 0.000302737	 0.000340583	 0.000340583	 1.72208e-33	 0.0220792	 0.0220792	 
  0.0221	 0.000277426	 0.000312108	 0.000312108	 1.72208e-33	 0.0202926	 0.0202926	 
 0.02215	 0.000254227	 0.000286008	 0.000286008	 1.72208e-33	 0.0186505	 0.0186505	 
  0.0222	 0.000232965	 0.000262089	 0.000262089	 1.72208e-33	 0.0171406	 0.0171406	 
 0.02225	 0.000213476	 0.000240164	 0.000240164	 1.72208e-33	 0.0157521	 0.0157521	 
  0.0223	 0.000195614	 0.000220069	 0.000220069	 1.72208e-33	 0.0144758	 0.0144758	 
 0.02235	 0.000179245	 0.000201653	 0.000201653	 1.72208e-33	 0.0133028	 0.0133028	 
  0.0224	 0.000164242	 0.000184774	 0.000184774	 1.72208e-33	 0.0122239	 0.0122239	 
 0.02245	 0.000150494	 0.000169307	 0.000169307	 1.72208e-33	 0.0112329	 0.0112329	 
  0.0225	 0.000137895	 0.000155134	 0.000155134	 1.72208e-33	 0.0103211	 0.0103211	 
 0.02255	 0.000126346	 0.000142141	 0.000142141	 1.72208e-33	 0.00948364	 0.00948364	 
  0.0226	 0.000115764	 0.000130236	 0.000130236	 1.72208e-33	 0.00871322	 0.00871322	 
 0.02265	 0.00010607	 0.00011933	 0.00011933	 1.72208e-33	 0.00800541	 0.00800541	 
  0.0227	 9.71824e-05	 0.000109331	 0.000109331	 1.72208e-33	 0.00735501	 0.00735501	 
 0.02275	 8.90375e-05	 0.000100168	 0.000100168	 1.72208e-33	 0.00675753	 0.00675753	 
  0.0228	 8.15747e-05	 9.17725e-05	 9.17725e-05	 1.72208e-33	 0.00620785	 0.00620785	 
 0.02285	 7.47392e-05	 8.40826e-05	 8.40826e-05	 1.72208e-33	 0.00570296	 0.00570296	 
  0.0229	 6.84728e-05	 7.70327e-05	 7.70327e-05	 1.72208e-33	 0.00523891	 0.00523891	 
 0.02295	 6.27324e-05	 7.05748e-05	 7.05748e-05	 1.72208e-33	 0.00481247	 0.00481247	 
   0.023	 5.74729e-05	 6.46578e-05	 6.46578e-05	 1.72208e-33	 0.00442068	 0.00442068	 
 0.02305	 5.26498e-05	 5.92317e-05	 5.92317e-05	 1.72208e-33	 0.00406058	 0.00406058	 
  0.0231	 4.82333e-05	 5.4263e-05	 5.4263e-05	 1.72208e-33	 0.0037297	 0.0037297	 
 0.02315	 4.41876e-05	 4.97116e-05	 4.97116e-05	 1.72208e-33	 0.00342574	 0.00342574	 
  0.0232	 4.04802e-05	 4.55407e-05	 4.55407e-05	 1.72208e-33	 0.00314648	 0.00314648	 
 0.02325	 3.70825e-05	 4.17183e-05	 4.17183e-05	 1.72208e-33	 0.00288987	 0.00288987	 
  0.0233	 3.39704e-05	 3.82171e-05	 3.82171e-05	 1.72208e-33	 0.0026541	 0.0026541	 
 0.02335	 3.11186e-05	 3.50089e-05	 3.50089e-05	 1.72208e-33	 0.0024375	 0.0024375	 
  0.0234	 2.8509e-05	 3.2073e-05	 3.2073e-05	 1.72208e-33	 0.00223851	 0.00223851	 
 0.02345	 2.61158e-05	 2.93807e-05	 2.93807e-05	 1.72208e-33	 0.00205571	 0.00205571	 
  0.0235	 2.39234e-05	 2.69141e-05	 2.69141e-05	 1.72208e-33	 0.00188776	 0.00188776	 
 0.02355	 2.19151e-05	 2.46547e-05	 2.46547e-05	 1.72208e-33	 0.00173355	 0.00173355	 
  0.0236	 2.00753e-05	 2.25849e-05	 2.25849e-05	 1.72208e-33	 0.00159185	 0.00159185	 
 0.02365	 1.83895e-05	 2.06884e-05	 2.06884e-05	 1.72208e-33	 0.00146165	 0.00146165	 
  0.0237	 1.68457e-05	 1.89516e-05	 1.89516e-05	 1.72208e-33	 0.00134215	 0.00134215	 
 0.02375	 1.54311e-05	 1.73602e-05	 1.73602e-05	 1.72208e-33	 0.00123233	 0.00123233	 
  0.0238	 1.41356e-05	 1.59027e-05	 1.59027e-05	 1.72208e-33	 0.00113148	 0.00113148	 
 0.02385	 1.29487e-05	 1.45674e-05	 1.45674e-05	 1.72208e-33	 0.00103882	 0.00103882	 
  0.0239	 1.18616e-05	 1.33444e-05	 1.33444e-05	 1.72208e-33	 0.000953783	 0.000953783	 
 0.02395	 1.08661e-05	 1.22245e-05	 1.22245e-05	 1.72208e-33	 0.000875646	 0.000875646	 
   0.024	 9.95402e-06	 1.11984e-05	 1.11984e-05	 1.72208e-33	 0.000803895	 0.000803895	 
 0.02405	 9.11844e-06	 1.02584e-05	 1.02584e-05	 1.72208e-33	 0.000738018	 0.000738018	 
  0.0241	 8.35298e-06	 9.39721e-06	 9.39721e-06	 1.72208e-33	 0.000677495	 0.000677495	 
 0.02415	 7.65252e-06	 8.60918e-06	 8.60918e-06	 1.72208e-33	 0.000621934	 0.000621934	 
  0.0242	 7.01027e-06	 7.88664e-06	 7.88664e-06	 1.72208e-33	 0.000570915	 0.000570915	 
 0.02425	 6.4225e-06	 7.22539e-06	 7.22539e-06	 1.72208e-33	 0.000524065	 0.000524065	 
  0.0243	 5.8838e-06	 6.61935e-06	 6.61935e-06	 1.72208e-33	 0.000481047	 0.000481047	 
 0.02435	 5.39089e-06	 6.06482e-06	 6.06482e-06	 1.72208e-33	 0.000441552	 0.000441552	 
  0.0244	 4.93919e-06	 5.55665e-06	 5.55665e-06	 1.72208e-33	 0.000405284	 0.000405284	 
 0.02445	 4.52537e-06	 5.0911e-06	 5.0911e-06	 1.72208e-33	 0.00037199	 0.00037199	 
  0.0245	 4.14645e-06	 4.66481e-06	 4.66481e-06	 1.72208e-33	 0.000341425	 0.000341425	 
 0.02455	 3.79946e-06	 4.27444e-06	 4.27444e-06	 1.72208e-33	 0.000313357	 0.000313357	 
  0.0246	 3.48165e-06	 3.9169e-06	 3.9169e-06	 1.72208e-33	 0.000287593	 0.000287593	 
 0.02465	 3.19056e-06	 3.58942e-06	 3.58942e-06	 1.72208e-33	 0.000263939	 0.000263939	 
  0.0247	 2.92399e-06	 3.28952e-06	 3.28952e-06	 1.72208e-33	 0.000242227	 0.000242227	 
 0.02475	 2.67984e-06	 3.01485e-06	 3.01485e-06	 1.72208e-33	 0.000222296	 0.000222296	 
  0.0248	 2.45625e-06	 2.76332e-06	 2.76332e-06	 1.72208e-33	 0.000203997	 0.000203997	 
 0.02485	 2.25146e-06	 2.53293e-06	 2.53293e-06	 1.72208e-33	 0.000187201	 0.000187201	 
  0.0249	 2.0639e-06	 2.32191e-06	 2.32191e-06	 1.72208e-33	 0.00017178	 0.00017178	 
 0.02495	 1.89285e-06	 2.12948e-06	 2.12948e-06	 1.72208e-33	 0.00015763	 0.00015763	 
   0.025	 1.73564e-06	 1.95262e-06	 1.95262e-06	 1.72208e-33	 0.000144642	 0.000144642	 
       0	        0	        0	        0	        0	        0	        0	 
