       0	        0	        0	        0	        0	        0	        0	 
   5e-05	  3304.59	 1.09346e+07	 1.09346e+07	 1.72985e+07	 3.84664e+06	 3.84664e+06	 
  0.0001	   116323	 4.46643e+07	 4.46643e+07	 6.83771e+07	 1.52852e+07	 1.52852e+07	 
 0.00015	   695860	 1.03877e+08	 1.03877e+08	 1.54224e+08	 3.48129e+07	 3.48129e+07	 
  0.0002	 2.88536e+06	 1.93676e+08	 1.93676e+08	 2.81936e+08	 6.48959e+07	 6.48959e+07	 
 0.00025	 7.88257e+06	 3.20587e+08	 3.20587e+08	 4.56305e+08	 1.07531e+08	 1.07531e+08	 
  0.0003	 1.72237e+07	 4.87491e+08	 4.87491e+08	 6.80259e+08	 1.64563e+08	 1.64563e+08	 
 0.00035	 3.12021e+07	 6.91072e+08	 6.91072e+08	 9.47256e+08	 2.34767e+08	 2.34767e+08	 
  0.0004	 4.99898e+07	 9.29222e+08	 9.29222e+08	 1.25121e+09	 3.16926e+08	 3.16926e+08	 
 0.00045	 7.37354e+07	 1.19962e+09	 1.19962e+09	 1.58586e+09	 4.09759e+08	 4.09759e+08	 
  0.0005	 1.01582e+08	 1.49721e+09	 1.49721e+09	 1.94173e+09	 5.10499e+08	 5.10499e+08	 
 0.00055	 1.31674e+08	 1.8161e+09	 1.8161e+09	 2.31033e+09	 6.15814e+08	 6.15814e+08	 
  0.0006	 1.63695e+08	 2.1551e+09	 2.1551e+09	 2.68583e+09	 7.24162e+08	 7.24162e+08	 
 0.00065	 1.96868e+08	 2.50703e+09	 2.50703e+09	 3.06299e+09	 8.33776e+08	 8.33776e+08	 
  0.0007	 2.30069e+08	 2.86824e+09	 2.86824e+09	 3.43644e+09	 9.42588e+08	 9.42588e+08	 
 0.00075	 2.62813e+08	 3.2348e+09	 3.2348e+09	 3.80174e+09	 1.04923e+09	 1.04923e+09	 
  0.0008	 2.94903e+08	 3.60494e+09	 3.60494e+09	 4.15592e+09	 1.1529e+09	 1.1529e+09	 
 0.00085	 3.25922e+08	 3.97423e+09	 3.97423e+09	 4.49438e+09	 1.25224e+09	 1.25224e+09	 
  0.0009	 3.55485e+08	 4.34147e+09	 4.34147e+09	 4.81396e+09	 1.34625e+09	 1.34625e+09	 
 0.00095	 3.83269e+08	 4.70301e+09	 4.70301e+09	 5.11327e+09	 1.43437e+09	 1.43437e+09	 
   0.001	 4.0902e+08	 5.05787e+09	 5.05787e+09	 5.39142e+09	 1.51621e+09	 1.51621e+09	 
 0.00105	 4.32762e+08	 5.40514e+09	 5.40514e+09	 5.64759e+09	 1.5916e+09	 1.5916e+09	 
  0.0011	 4.54316e+08	 5.7421e+09	 5.7421e+09	 5.88025e+09	 1.66006e+09	 1.66006e+09	 
 0.00115	 4.73583e+08	 6.06682e+09	 6.06682e+09	 6.08748e+09	 1.7211e+09	 1.7211e+09	 
  0.0012	 4.90531e+08	 6.37923e+09	 6.37923e+09	 6.27009e+09	 1.77486e+09	 1.77486e+09	 
 0.00125	 5.05241e+08	 6.67739e+09	 6.67739e+09	 6.42875e+09	 1.82156e+09	 1.82156e+09	 
  0.0013	 5.17609e+08	 6.95982e+09	 6.95982e+09	 6.56305e+09	 1.86103e+09	 1.86103e+09	 
 0.00135	 5.2757e+08	 7.22506e+09	 7.22506e+09	 6.67327e+09	 1.89326e+09	 1.89326e+09	 
  0.0014	 5.35199e+08	 7.4732e+09	 7.4732e+09	 6.76042e+09	 1.91856e+09	 1.91856e+09	 
 0.00145	 5.40909e+08	 7.70356e+09	 7.70356e+09	 6.82573e+09	 1.93752e+09	 1.93752e+09	 
  0.0015	 5.44816e+08	 7.91579e+09	 7.91579e+09	 6.86937e+09	 1.95026e+09	 1.95026e+09	 
 0.00155	 5.46952e+08	 8.11052e+09	 8.11052e+09	 6.89268e+09	 1.9571e+09	 1.9571e+09	 
  0.0016	 5.47221e+08	 8.28438e+09	 8.28438e+09	 6.89668e+09	 1.9582e+09	 1.9582e+09	 
 0.00165	 5.45969e+08	 8.43946e+09	 8.43946e+09	 6.88209e+09	 1.95398e+09	 1.95398e+09	 
  0.0017	 5.43222e+08	 8.57578e+09	 8.57578e+09	 6.84948e+09	 1.9446e+09	 1.9446e+09	 
 0.00175	 5.39093e+08	 8.69298e+09	 8.69298e+09	 6.80008e+09	 1.93041e+09	 1.93041e+09	 
  0.0018	 5.33866e+08	 8.79134e+09	 8.79134e+09	 6.73523e+09	 1.91193e+09	 1.91193e+09	 
 0.00185	 5.27461e+08	 8.87146e+09	 8.87146e+09	 6.65525e+09	 1.88918e+09	 1.88918e+09	 
  0.0019	 5.19999e+08	 8.93249e+09	 8.93249e+09	 6.56157e+09	 1.86255e+09	 1.86255e+09	 
 0.00195	 5.1171e+08	 8.97552e+09	 8.97552e+09	 6.45591e+09	 1.83263e+09	 1.83263e+09	 
   0.002	 5.02621e+08	 9.00129e+09	 9.00129e+09	 6.33866e+09	 1.7995e+09	 1.7995e+09	 
 0.00205	 4.92855e+08	 9.01014e+09	 9.01014e+09	 6.21156e+09	 1.76366e+09	 1.76366e+09	 
  0.0021	 4.82523e+08	 9.00245e+09	 9.00245e+09	 6.07496e+09	 1.72527e+09	 1.72527e+09	 
 0.00215	 4.71689e+08	 8.97945e+09	 8.97945e+09	 5.93031e+09	 1.6847e+09	 1.6847e+09	 
  0.0022	 4.60422e+08	 8.94137e+09	 8.94137e+09	 5.77862e+09	 1.64223e+09	 1.64223e+09	 
 0.00225	 4.48881e+08	 8.88943e+09	 8.88943e+09	 5.62098e+09	 1.59822e+09	 1.59822e+09	 
  0.0023	 4.37047e+08	 8.82393e+09	 8.82393e+09	 5.45786e+09	 1.55277e+09	 1.55277e+09	 
 0.00235	 4.25078e+08	 8.74623e+09	 8.74623e+09	 5.291e+09	 1.50638e+09	 1.50638e+09	 
  0.0024	 4.12938e+08	 8.65656e+09	 8.65656e+09	 5.12072e+09	 1.4591e+09	 1.4591e+09	 
 0.00245	 4.00719e+08	 8.55666e+09	 8.55666e+09	 4.94776e+09	 1.41116e+09	 1.41116e+09	 
  0.0025	 3.88495e+08	 8.44642e+09	 8.44642e+09	 4.77334e+09	 1.36289e+09	 1.36289e+09	 
 0.00255	 3.76231e+08	 8.32695e+09	 8.32695e+09	 4.59826e+09	 1.31445e+09	 1.31445e+09	 
  0.0026	 3.63975e+08	 8.19885e+09	 8.19885e+09	 4.42271e+09	 1.26591e+09	 1.26591e+09	 
 0.00265	 3.51836e+08	 8.06338e+09	 8.06338e+09	 4.24744e+09	 1.21752e+09	 1.21752e+09	 
  0.0027	 3.3962e+08	 7.92067e+09	 7.92067e+09	 4.07271e+09	 1.16919e+09	 1.16919e+09	 
 0.00275	 3.27692e+08	 7.77255e+09	 7.77255e+09	 3.90006e+09	 1.12154e+09	 1.12154e+09	 
  0.0028	 3.15893e+08	 7.61932e+09	 7.61932e+09	 3.72913e+09	 1.07438e+09	 1.07438e+09	 
 0.00285	 3.04117e+08	 7.4606e+09	 7.4606e+09	 3.56048e+09	 1.02775e+09	 1.02775e+09	 
  0.0029	 2.92772e+08	 7.29868e+09	 7.29868e+09	 3.3959e+09	 9.82348e+08	 9.82348e+08	 
 0.00295	 2.81536e+08	 7.13334e+09	 7.13334e+09	 3.23443e+09	 9.37727e+08	 9.37727e+08	 
   0.003	 2.70726e+08	 6.96585e+09	 6.96585e+09	 3.07725e+09	 8.94389e+08	 8.94389e+08	 
 0.00305	 2.60185e+08	 6.79639e+09	 6.79639e+09	 2.92405e+09	 8.52148e+08	 8.52148e+08	 
  0.0031	 2.49961e+08	 6.62565e+09	 6.62565e+09	 2.77551e+09	 8.11188e+08	 8.11188e+08	 
 0.00315	 2.39944e+08	 6.45348e+09	 6.45348e+09	 2.63119e+09	 7.71327e+08	 7.71327e+08	 
  0.0032	 2.30098e+08	 6.28047e+09	 6.28047e+09	 2.49119e+09	 7.32557e+08	 7.32557e+08	 
 0.00325	 2.20479e+08	 6.10728e+09	 6.10728e+09	 2.35575e+09	 6.94977e+08	 6.94977e+08	 
  0.0033	 2.11317e+08	 5.93487e+09	 5.93487e+09	 2.22586e+09	 6.58988e+08	 6.58988e+08	 
 0.00335	 2.02327e+08	 5.76261e+09	 5.76261e+09	 2.10052e+09	 6.24143e+08	 6.24143e+08	 
  0.0034	 1.93604e+08	 5.59135e+09	 5.59135e+09	 1.98009e+09	 5.90596e+08	 5.90596e+08	 
 0.00345	 1.85137e+08	 5.42124e+09	 5.42124e+09	 1.86457e+09	 5.5834e+08	 5.5834e+08	 
  0.0035	 1.77064e+08	 5.25286e+09	 5.25286e+09	 1.75448e+09	 5.27596e+08	 5.27596e+08	 
 0.00355	 1.69124e+08	 5.08576e+09	 5.08576e+09	 1.64877e+09	 4.97932e+08	 4.97932e+08	 
  0.0036	 1.61429e+08	 4.92067e+09	 4.92067e+09	 1.54791e+09	 4.69533e+08	 4.69533e+08	 
 0.00365	 1.5396e+08	 4.75744e+09	 4.75744e+09	 1.45159e+09	 4.42318e+08	 4.42318e+08	 
  0.0037	 1.46892e+08	 4.59711e+09	 4.59711e+09	 1.36046e+09	 4.16571e+08	 4.16571e+08	 
 0.00375	 1.40133e+08	 4.43954e+09	 4.43954e+09	 1.27406e+09	 3.92115e+08	 3.92115e+08	 
  0.0038	 1.3367e+08	 4.28463e+09	 4.28463e+09	 1.19228e+09	 3.68915e+08	 3.68915e+08	 
 0.00385	 1.27495e+08	 4.13279e+09	 4.13279e+09	 1.11497e+09	 3.46931e+08	 3.46931e+08	 
  0.0039	 1.21563e+08	 3.98378e+09	 3.98378e+09	 1.04195e+09	 3.2609e+08	 3.2609e+08	 
 0.00395	 1.15916e+08	 3.83813e+09	 3.83813e+09	 9.73093e+08	 3.06397e+08	 3.06397e+08	 
   0.004	 1.10347e+08	 3.69506e+09	 3.69506e+09	 9.07682e+08	 2.87531e+08	 2.87531e+08	 
 0.00405	 1.04886e+08	 3.55492e+09	 3.55492e+09	 8.45667e+08	 2.69503e+08	 2.69503e+08	 
  0.0041	 9.98064e+07	 3.41843e+09	 3.41843e+09	 7.87907e+08	 2.52716e+08	 2.52716e+08	 
 0.00415	 9.48913e+07	 3.28518e+09	 3.28518e+09	 7.33564e+08	 2.36817e+08	 2.36817e+08	 
  0.0042	 9.0142e+07	 3.15518e+09	 3.15518e+09	 6.82461e+08	 2.21767e+08	 2.21767e+08	 
 0.00425	 8.56365e+07	 3.02858e+09	 3.02858e+09	 6.34683e+08	 2.07646e+08	 2.07646e+08	 
  0.0043	 8.13333e+07	 2.90546e+09	 2.90546e+09	 5.90065e+08	 1.94383e+08	 1.94383e+08	 
 0.00435	 7.72742e+07	 2.7861e+09	 2.7861e+09	 5.48475e+08	 1.81984e+08	 1.81984e+08	 
  0.0044	 7.33836e+07	 2.67009e+09	 2.67009e+09	 5.09495e+08	 1.70296e+08	 1.70296e+08	 
 0.00445	 6.96651e+07	 2.55758e+09	 2.55758e+09	 4.73069e+08	 1.59309e+08	 1.59309e+08	 
  0.0045	 6.60515e+07	 2.44835e+09	 2.44835e+09	 4.38872e+08	 1.489e+08	 1.489e+08	 
 0.00455	 6.25826e+07	 2.34251e+09	 2.34251e+09	 4.06902e+08	 1.39097e+08	 1.39097e+08	 
  0.0046	 5.93151e+07	 2.24026e+09	 2.24026e+09	 3.77174e+08	 1.2995e+08	 1.2995e+08	 
 0.00465	 5.62368e+07	 2.14151e+09	 2.14151e+09	 3.49669e+08	 1.21443e+08	 1.21443e+08	 
  0.0047	 5.3282e+07	 2.04609e+09	 2.04609e+09	 3.24027e+08	 1.13447e+08	 1.13447e+08	 
 0.00475	 5.0453e+07	 1.95393e+09	 1.95393e+09	 3.00133e+08	 1.05937e+08	 1.05937e+08	 
  0.0048	 4.77869e+07	 1.86511e+09	 1.86511e+09	 2.78071e+08	 9.89606e+07	 9.89606e+07	 
 0.00485	 4.52502e+07	 1.77952e+09	 1.77952e+09	 2.57632e+08	 9.24457e+07	 9.24457e+07	 
  0.0049	 4.28675e+07	 1.69719e+09	 1.69719e+09	 2.35097e+08	 8.55846e+07	 8.55846e+07	 
 0.00495	 4.05865e+07	 1.61792e+09	 1.61792e+09	 2.18539e+08	 8.01312e+07	 8.01312e+07	 
   0.005	 3.83712e+07	 1.54157e+09	 1.54157e+09	 2.02931e+08	 7.49397e+07	 7.49397e+07	 
 0.00505	 3.62379e+07	 1.46813e+09	 1.46813e+09	 1.88267e+08	 7.00217e+07	 7.00217e+07	 
  0.0051	 3.42563e+07	 1.39774e+09	 1.39774e+09	 1.74751e+08	 6.54771e+07	 6.54771e+07	 
 0.00515	 3.23505e+07	 1.33014e+09	 1.33014e+09	 1.62079e+08	 6.11787e+07	 6.11787e+07	 
  0.0052	 3.05255e+07	 1.26528e+09	 1.26528e+09	 1.50159e+08	 5.71105e+07	 5.71105e+07	 
 0.00525	 2.87978e+07	 1.20314e+09	 1.20314e+09	 1.39161e+08	 5.33226e+07	 5.33226e+07	 
  0.0053	 2.71704e+07	 1.14366e+09	 1.14366e+09	 1.28962e+08	 4.97905e+07	 4.97905e+07	 
 0.00535	 2.56576e+07	 1.08684e+09	 1.08684e+09	 1.1953e+08	 4.65179e+07	 4.65179e+07	 
  0.0054	 2.42437e+07	 1.03256e+09	 1.03256e+09	 1.10878e+08	 4.34956e+07	 4.34956e+07	 
 0.00545	 2.29187e+07	 9.80707e+08	 9.80707e+08	 1.02903e+08	 4.06927e+07	 4.06927e+07	 
  0.0055	 2.16415e+07	 9.31056e+08	 9.31056e+08	 9.54183e+07	 3.80361e+07	 3.80361e+07	 
 0.00555	 2.04068e+07	 8.836e+08	 8.836e+08	 8.8444e+07	 3.5526e+07	 3.5526e+07	 
  0.0056	 1.92468e+07	 8.38298e+08	 8.38298e+08	 8.20077e+07	 3.31935e+07	 3.31935e+07	 
 0.00565	 1.81359e+07	 7.95054e+08	 7.95054e+08	 7.59752e+07	 3.0989e+07	 3.0989e+07	 
  0.0057	 1.70781e+07	 7.53806e+08	 7.53806e+08	 7.03893e+07	 2.89249e+07	 2.89249e+07	 
 0.00575	 1.60607e+07	 7.14408e+08	 7.14408e+08	 6.5161e+07	 2.69718e+07	 2.69718e+07	 
  0.0058	 1.51035e+07	 6.76924e+08	 6.76924e+08	 6.03304e+07	 2.51538e+07	 2.51538e+07	 
 0.00585	 1.42017e+07	 6.41216e+08	 6.41216e+08	 5.57765e+07	 2.34405e+07	 2.34405e+07	 
  0.0059	 1.33652e+07	 6.07278e+08	 6.07278e+08	 5.17405e+07	 2.18929e+07	 2.18929e+07	 
 0.00595	 1.25883e+07	 5.75039e+08	 5.75039e+08	 4.80134e+07	 2.04604e+07	 2.04604e+07	 
   0.006	 1.18503e+07	 5.44357e+08	 5.44357e+08	 4.45331e+07	 1.91131e+07	 1.91131e+07	 
 0.00605	 1.11578e+07	 5.15213e+08	 5.15213e+08	 4.13324e+07	 1.78632e+07	 1.78632e+07	 
  0.0061	 1.05232e+07	 4.87562e+08	 4.87562e+08	 3.84314e+07	 1.6725e+07	 1.6725e+07	 
 0.00615	 9.91083e+06	 4.61256e+08	 4.61256e+08	 3.55955e+07	 1.56185e+07	 1.56185e+07	 
  0.0062	 9.32523e+06	 4.36243e+08	 4.36243e+08	 3.30902e+07	 1.46063e+07	 1.46063e+07	 
 0.00625	 8.75566e+06	 4.12438e+08	 4.12438e+08	 3.07165e+07	 1.36358e+07	 1.36358e+07	 
  0.0063	 8.22018e+06	 3.89866e+08	 3.89866e+08	 2.85116e+07	 1.27293e+07	 1.27293e+07	 
 0.00635	 7.71188e+06	 3.6842e+08	 3.6842e+08	 2.64782e+07	 1.18821e+07	 1.18821e+07	 
  0.0064	 7.23823e+06	 3.48107e+08	 3.48107e+08	 2.46164e+07	 1.11e+07	 1.11e+07	 
 0.00645	 6.7886e+06	 3.28814e+08	 3.28814e+08	 2.27887e+07	 1.03441e+07	 1.03441e+07	 
  0.0065	 6.36943e+06	 3.1056e+08	 3.1056e+08	 2.12194e+07	 9.6694e+06	 9.6694e+06	 
 0.00655	 5.97594e+06	 2.93267e+08	 2.93267e+08	 1.97699e+07	 9.04124e+06	 9.04124e+06	 
  0.0066	 5.61576e+06	 2.76904e+08	 2.76904e+08	 1.84476e+07	 8.46725e+06	 8.46725e+06	 
 0.00665	 5.28076e+06	 2.61426e+08	 2.61426e+08	 1.72352e+07	 7.93727e+06	 7.93727e+06	 
  0.0067	 4.96829e+06	 2.46779e+08	 2.46779e+08	 1.61162e+07	 7.44557e+06	 7.44557e+06	 
 0.00675	 4.66725e+06	 2.32889e+08	 2.32889e+08	 1.50271e+07	 6.96941e+06	 6.96941e+06	 
  0.0068	 4.38043e+06	 2.19732e+08	 2.19732e+08	 1.40529e+07	 6.52984e+06	 6.52984e+06	 
 0.00685	 4.10734e+06	 2.07268e+08	 2.07268e+08	 1.31469e+07	 6.11611e+06	 6.11611e+06	 
  0.0069	 3.84932e+06	 1.95475e+08	 1.95475e+08	 1.23025e+07	 5.72778e+06	 5.72778e+06	 
 0.00695	 3.60492e+06	 1.84313e+08	 1.84313e+08	 1.15204e+07	 5.36389e+06	 5.36389e+06	 
   0.007	 3.37428e+06	 1.73756e+08	 1.73756e+08	 1.07959e+07	 5.02351e+06	 5.02351e+06	 
 0.00705	 3.15707e+06	 1.63771e+08	 1.63771e+08	 1.01253e+07	 4.70554e+06	 4.70554e+06	 
  0.0071	 2.95686e+06	 1.54347e+08	 1.54347e+08	 9.49808e+06	 4.41045e+06	 4.41045e+06	 
 0.00715	 2.76787e+06	 1.45438e+08	 1.45438e+08	 8.94161e+06	 4.1398e+06	 4.1398e+06	 
  0.0072	 2.59334e+06	 1.37034e+08	 1.37034e+08	 8.43066e+06	 3.89051e+06	 3.89051e+06	 
 0.00725	 2.43151e+06	 1.29099e+08	 1.29099e+08	 7.96297e+06	 3.66071e+06	 3.66071e+06	 
  0.0073	 2.28287e+06	 1.21621e+08	 1.21621e+08	 7.53653e+06	 3.45034e+06	 3.45034e+06	 
 0.00735	 2.1435e+06	 1.14557e+08	 1.14557e+08	 7.1457e+06	 3.25508e+06	 3.25508e+06	 
  0.0074	 2.00969e+06	 1.07878e+08	 1.07878e+08	 6.75807e+06	 3.06487e+06	 3.06487e+06	 
 0.00745	 1.88259e+06	 1.01568e+08	 1.01568e+08	 6.42432e+06	 2.89185e+06	 2.89185e+06	 
  0.0075	 1.76016e+06	 9.56061e+07	 9.56061e+07	 6.10711e+06	 2.72614e+06	 2.72614e+06	 
 0.00755	 1.64476e+06	 8.99749e+07	 8.99749e+07	 5.81381e+06	 2.57121e+06	 2.57121e+06	 
  0.0076	 1.53747e+06	 8.46675e+07	 8.46675e+07	 5.54926e+06	 2.42897e+06	 2.42897e+06	 
 0.00765	 1.43681e+06	 7.96603e+07	 7.96603e+07	 5.30642e+06	 2.29671e+06	 2.29671e+06	 
  0.0077	 1.34284e+06	 7.49414e+07	 7.49414e+07	 5.07358e+06	 2.17188e+06	 2.17188e+06	 
 0.00775	 1.25377e+06	 7.04865e+07	 7.04865e+07	 4.86982e+06	 2.05732e+06	 2.05732e+06	 
  0.0078	 1.17174e+06	 6.6302e+07	 6.6302e+07	 4.6864e+06	 1.95277e+06	 1.95277e+06	 
 0.00785	 1.09632e+06	 6.23554e+07	 6.23554e+07	 4.52086e+06	 1.85732e+06	 1.85732e+06	 
  0.0079	 1.02942e+06	 5.86525e+07	 5.86525e+07	 4.37594e+06	 1.77308e+06	 1.77308e+06	 
 0.00795	   964936	 5.51561e+07	 5.51561e+07	 4.23882e+06	 1.69246e+06	 1.69246e+06	 
   0.008	   903327	 5.18576e+07	 5.18576e+07	 4.10696e+06	 1.61524e+06	 1.61524e+06	 
 0.00805	   844125	 4.87478e+07	 4.87478e+07	 3.98409e+06	 1.54189e+06	 1.54189e+06	 
  0.0081	   788897	 4.58173e+07	 4.58173e+07	 3.87626e+06	 1.47497e+06	 1.47497e+06	 
 0.00815	   737362	 4.30609e+07	 4.30609e+07	 3.77781e+06	 1.41301e+06	 1.41301e+06	 
  0.0082	   688414	 4.04631e+07	 4.04631e+07	 3.68569e+06	 1.35447e+06	 1.35447e+06	 
 0.00825	   641911	 3.80151e+07	 3.80151e+07	 3.5995e+06	 1.29915e+06	 1.29915e+06	 
  0.0083	   599045	 3.57128e+07	 3.57128e+07	 3.52162e+06	 1.2485e+06	 1.2485e+06	 
 0.00835	   558133	 3.35444e+07	 3.35444e+07	 3.4473e+06	 1.20016e+06	 1.20016e+06	 
  0.0084	   520488	 3.15067e+07	 3.15067e+07	 3.38065e+06	 1.15607e+06	 1.15607e+06	 
 0.00845	   485526	 2.95903e+07	 2.95903e+07	 3.31938e+06	 1.11526e+06	 1.11526e+06	 
  0.0085	   455234	 2.77969e+07	 2.77969e+07	 3.26624e+06	 1.0799e+06	 1.0799e+06	 
 0.00855	   426125	 2.61071e+07	 2.61071e+07	 3.21317e+06	 1.04546e+06	 1.04546e+06	 
  0.0086	   398744	 2.45173e+07	 2.45173e+07	 3.1642e+06	 1.01328e+06	 1.01328e+06	 
 0.00865	   373045	 2.30219e+07	 2.30219e+07	 3.11804e+06	   983037	   983037	 
  0.0087	   348531	 2.16144e+07	 2.16144e+07	 3.0734e+06	   954050	   954050	 
 0.00875	   325180	 2.02899e+07	 2.02899e+07	 3.02848e+06	   925906	   925906	 
  0.0088	   303197	 1.90441e+07	 1.90441e+07	 2.98573e+06	   899309	   899309	 
 0.00885	   282439	 1.78728e+07	 1.78728e+07	 2.94353e+06	   873787	   873787	 
  0.0089	   263021	 1.67716e+07	 1.67716e+07	 2.90238e+06	   849538	   849538	 
 0.00895	   244279	 1.57353e+07	 1.57353e+07	 2.86057e+06	   825671	   825671	 
   0.009	   227300	 1.47632e+07	 1.47632e+07	 2.82037e+06	   803530	   803530	 
 0.00905	   211804	 1.38512e+07	 1.38512e+07	 2.78028e+06	   782571	   782571	 
  0.0091	   198400	 1.2998e+07	 1.2998e+07	 2.74347e+06	   763965	   763965	 
 0.00915	   186030	 1.2197e+07	 1.2197e+07	 2.70706e+06	   746253	   746253	 
  0.0092	   173982	 1.14433e+07	 1.14433e+07	 2.66936e+06	   728505	   728505	 
 0.00925	   162595	 1.07348e+07	 1.07348e+07	 2.63022e+06	   710950	   710950	 
  0.0093	   151875	 1.00691e+07	 1.00691e+07	 2.5913e+06	   693964	   693964	 
 0.00935	   141480	 9.44283e+06	 9.44283e+06	 2.55087e+06	   676894	   676894	 
  0.0094	   131691	 8.85453e+06	 8.85453e+06	 2.5099e+06	   660175	   660175	 
 0.00945	   122563	 8.30227e+06	 8.30227e+06	 2.46849e+06	   643874	   643874	 
  0.0095	   113660	 7.78257e+06	 7.78257e+06	 2.42572e+06	   627445	   627445	 
 0.00955	   105516	 7.29527e+06	 7.29527e+06	 2.38291e+06	   611599	   611599	 
  0.0096	  98069.5	 6.83845e+06	 6.83845e+06	 2.34013e+06	   596300	   596300	 
 0.00965	  91372.3	 6.41052e+06	 6.41052e+06	 2.29727e+06	   581567	   581567	 
  0.0097	  85666.5	 6.01076e+06	 6.01076e+06	 2.25507e+06	   567750	   567750	 
 0.00975	  80224.8	 5.63547e+06	 5.63547e+06	 2.21243e+06	   554043	   554043	 
  0.0098	  75078.5	 5.28274e+06	 5.28274e+06	 2.16927e+06	   540450	   540450	 
 0.00985	  70113.4	 4.95133e+06	 4.95133e+06	 2.12537e+06	   526831	   526831	 
  0.0099	  65336.9	 4.64002e+06	 4.64002e+06	 2.08082e+06	   513218	   513218	 
 0.00995	  60804.5	 4.34767e+06	 4.34767e+06	 2.03559e+06	   499641	   499641	 
    0.01	  56490.6	 4.07329e+06	 4.07329e+06	 1.99044e+06	   486253	   486253	 
 0.01005	  52516.9	 3.81602e+06	 3.81602e+06	 1.94535e+06	   473142	   473142	 
  0.0101	  48711.3	 3.57421e+06	 3.57421e+06	 1.89994e+06	   460092	   460092	 
 0.01015	  45217.2	 3.34786e+06	 3.34786e+06	 1.855e+06	   447387	   447387	 
  0.0102	  41945.7	 3.13532e+06	 3.13532e+06	 1.81015e+06	   434876	   434876	 
 0.01025	  39042.6	 2.93657e+06	 2.93657e+06	 1.76461e+06	   422499	   422499	 
  0.0103	  36598.3	 2.75111e+06	 2.75111e+06	 1.72109e+06	   410927	   410927	 
 0.01035	  34256.9	 2.577e+06	 2.577e+06	 1.67759e+06	   399438	   399438	 
  0.0104	  31943.5	 2.41335e+06	 2.41335e+06	 1.63421e+06	   387998	   387998	 
 0.01045	  29803.6	 2.25994e+06	 2.25994e+06	 1.59107e+06	   376747	   376747	 
  0.0105	  27750.3	 2.11598e+06	 2.11598e+06	 1.54818e+06	   365619	   365619	 
 0.01055	  25827.7	 1.98095e+06	 1.98095e+06	 1.50521e+06	   354575	   354575	 
  0.0106	  23957.5	 1.85415e+06	 1.85415e+06	 1.46251e+06	   343632	   343632	 
 0.01065	  22276.7	 1.7355e+06	 1.7355e+06	 1.42098e+06	   333096	   333096	 
  0.0107	  20646.2	 1.62409e+06	 1.62409e+06	 1.38009e+06	   322742	   322742	 
 0.01075	  19017.7	 1.51941e+06	 1.51941e+06	 1.33989e+06	   312541	   312541	 
  0.0108	    17640	 1.4217e+06	 1.4217e+06	 1.29973e+06	   302546	   302546	 
 0.01085	  16410.8	 1.33033e+06	 1.33033e+06	 1.26098e+06	   292978	   292978	 
  0.0109	    15355	 1.24503e+06	 1.24503e+06	 1.22306e+06	   283731	   283731	 
 0.01095	  14370.2	 1.16513e+06	 1.16513e+06	 1.18501e+06	   274509	   274509	 
   0.011	  13415.7	 1.09017e+06	 1.09017e+06	 1.1484e+06	   265631	   265631	 
 0.01105	  12433.5	 1.01967e+06	 1.01967e+06	 1.11245e+06	   256879	   256879	 
  0.0111	  11486.6	   953570	   953570	 1.07673e+06	   248205	   248205	 
 0.01115	  10653.6	   891783	   891783	 1.04165e+06	   239762	   239762	 
  0.0112	  9902.21	   833996	   833996	 1.00787e+06	   231670	   231670	 
 0.01125	  9201.12	   779885	   779885	   974418	   223691	   223691	 
  0.0113	  8437.32	   728899	   728899	   942045	   215903	   215903	 
 0.01135	  7833.25	   681489	   681489	   910517	   208427	   208427	 
  0.0114	  7256.07	   637043	   637043	   879727	   201136	   201136	 
 0.01145	  6624.45	   595211	   595211	   849667	   193965	   193965	 
  0.0115	  6199.41	   556536	   556536	   820496	   187152	   187152	 
 0.01155	  5800.57	   520344	   520344	   791974	   180504	   180504	 
  0.0116	  5421.73	   486449	   486449	   764080	   174011	   174011	 
 0.01165	  4917.28	   454285	   454285	   736975	   167595	   167595	 
  0.0117	  4582.67	   424591	   424591	   710601	   161474	   161474	 
 0.01175	  4258.12	   396777	   396777	   684734	   155473	   155473	 
  0.0118	  3901.06	   370595	   370595	   659734	   149640	   149640	 
 0.01185	  3621.84	   346251	   346251	   635428	   144022	   144022	 
  0.0119	  3344.57	   323436	   323436	   611764	   138547	   138547	 
 0.01195	  3107.12	   302164	   302164	   588733	   133245	   133245	 
   0.012	  2875.35	   282240	   282240	   566267	   128072	   128072	 
 0.01205	  2661.34	   263618	   263618	   544644	   123101	   123101	 
  0.0121	  2471.16	   246239	   246239	   523623	   118281	   118281	 
 0.01215	  2314.89	   230057	   230057	   503156	   113612	   113612	 
  0.0122	  2166.54	   214917	   214917	   483428	   109112	   109112	 
 0.01225	  1990.81	   200651	   200651	   464287	   104722	   104722	 
  0.0123	  1856.22	   187402	   187402	   445693	   100485	   100485	 
 0.01235	  1723.64	   174997	   174997	   427651	    96373	    96373	 
  0.0124	  1605.71	   163421	   163421	   410161	  92394.6	  92394.6	 
 0.01245	  1474.87	   152535	   152535	   393298	  88545.6	  88545.6	 
  0.0125	  1362.12	   142392	   142392	   376933	  84821.3	  84821.3	 
 0.01255	  1240.59	   132866	   132866	   361055	  81198.4	  81198.4	 
  0.0126	  1146.21	   124018	   124018	   345805	  77736.2	  77736.2	 
 0.01265	  1053.15	   115741	   115741	   330986	  74370.7	  74370.7	 
  0.0127	  963.632	   108000	   108000	   316722	  71131.4	  71131.4	 
 0.01275	  903.586	   100839	   100839	   302910	  68015.4	  68015.4	 
  0.0128	  845.044	    94142	    94142	   289676	  65028.9	  65028.9	 
 0.01285	  780.753	  87855.8	  87855.8	   276753	  62107.3	  62107.3	 
  0.0129	   715.58	  81968.6	  81968.6	   264446	  59321.8	  59321.8	 
 0.01295	  647.991	  76449.3	  76449.3	   252609	  56638.7	  56638.7	 
   0.013	  603.094	    71349	    71349	   241190	  54066.3	  54066.3	 
 0.01305	  549.438	  66549.3	  66549.3	   230192	  51580.6	  51580.6	 
  0.0131	  487.724	  62030.9	  62030.9	   219601	  49179.1	  49179.1	 
 0.01315	  452.205	  57878.7	  57878.7	   209428	  46890.7	  46890.7	 
  0.0132	  407.995	  53966.6	  53966.6	   199640	  44681.3	  44681.3	 
 0.01325	  368.939	  50321.4	  50321.4	   190243	  42562.7	  42562.7	 
  0.0133	  335.987	  46930.7	  46930.7	   181225	  40533.1	  40533.1	 
 0.01335	  295.667	  43734.9	  43734.9	   172567	  38577.8	  38577.8	 
  0.0134	  276.627	  40807.7	  40807.7	   164263	  36717.5	  36717.5	 
 0.01345	  228.743	  37981.7	  37981.7	   156289	  34908.3	  34908.3	 
  0.0135	  213.012	  35432.9	  35432.9	   148650	  33198.5	  33198.5	 
 0.01355	  198.184	  33052.4	  33052.4	   141220	  31536.1	  31536.1	 
  0.0136	  184.024	  30830.3	  30830.3	   134223	  29970.2	  29970.2	 
 0.01365	  169.847	  28752.3	  28752.3	   127524	  28470.3	  28470.3	 
  0.0137	  156.666	  26813.7	  26813.7	   121013	  27013.4	  27013.4	 
 0.01375	  145.159	  25006.2	  25006.2	   114891	    25644	    25644	 
  0.0138	  133.634	  23316.7	  23316.7	   109042	  24335.2	  24335.2	 
 0.01385	  124.029	  21743.8	  21743.8	   103370	  23067.2	  23067.2	 
  0.0139	  116.642	  20281.1	  20281.1	  98044.8	  21878.2	  21878.2	 
 0.01395	  109.929	  18916.7	  18916.7	  92964.6	  20744.1	  20744.1	 
   0.014	  103.213	  17642.1	  17642.1	  88118.1	  19661.9	  19661.9	 
 0.01405	  96.4945	  16451.3	  16451.3	  83495.5	  18629.4	  18629.4	 
  0.0141	  89.7724	  15338.7	  15338.7	  79089.5	  17645.1	  17645.1	 
 0.01415	  64.7442	  14243.1	  14243.1	  74889.5	  16692.3	  16692.3	 
  0.0142	   60.028	  13278.3	  13278.3	  70892.5	  15800.4	  15800.4	 
 0.01425	  55.3102	    12377	    12377	  67089.9	  14951.7	  14951.7	 
  0.0143	  32.8026	  11479.9	  11479.9	  63466.4	    14129	    14129	 
 0.01435	  30.0149	  10699.9	  10699.9	  60023.7	  13361.8	  13361.8	 
  0.0144	  27.2271	  9971.67	  9971.67	  56753.2	  12632.9	  12632.9	 
 0.01445	  8.53003	  9241.34	  9241.34	  53636.9	  11925.8	  11925.8	 
  0.0145	   7.9467	  8613.71	  8613.71	  50672.3	  11266.6	  11266.6	 
 0.01455	  7.55157	  8028.82	  8028.82	  47869.5	  10643.4	  10643.4	 
  0.0146	  7.15644	  7483.38	  7483.38	  45211.9	  10052.5	  10052.5	 
 0.01465	  6.76131	  6974.55	  6974.55	  42687.1	  9491.17	  9491.17	 
  0.0147	  6.36618	  6499.83	  6499.83	  40295.2	  8959.34	  8959.34	 
 0.01475	  5.97104	  6057.11	  6057.11	  38026.4	  8454.85	  8454.85	 
  0.0148	   5.5759	   5644.6	   5644.6	  35875.6	  7976.61	  7976.61	 
 0.01485	  5.18076	  5259.47	  5259.47	  33838.1	  7523.52	  7523.52	 
  0.0149	  4.78561	  4900.49	  4900.49	  31908.8	  7094.48	  7094.48	 
 0.01495	  4.39046	  4565.76	  4565.76	  30080.4	  6687.87	  6687.87	 
   0.015	  3.99531	  4253.46	  4253.46	  28350.4	  6303.13	  6303.13	 
 0.01505	  2.91586	  3960.13	  3960.13	  26713.6	  5938.55	  5938.55	 
  0.0151	 0.0955159	  3680.89	  3680.89	  25164.9	  5592.22	  5592.22	 
 0.01515	 0.0905939	  3429.03	  3429.03	  23700.4	  5266.76	  5266.76	 
  0.0152	 0.0856719	  3194.19	  3194.19	  22316.3	  4959.18	  4959.18	 
 0.01525	 0.0807499	  2975.41	  2975.41	  21008.2	   4668.5	   4668.5	 
  0.0153	 0.0758278	  2771.45	  2771.45	  19772.2	  4393.83	  4393.83	 
 0.01535	 0.0709056	  2581.46	  2581.46	  18604.9	  4134.43	  4134.43	 
  0.0154	 0.0659834	  2404.36	  2404.36	  17502.3	   3889.4	   3889.4	 
 0.01545	 0.0610612	   2239.3	   2239.3	  16461.7	  3658.15	  3658.15	 
  0.0155	 0.0561388	  2085.51	  2085.51	  15479.4	  3439.87	  3439.87	 
 0.01555	 0.0512164	   1942.2	   1942.2	  14552.9	  3233.99	  3233.99	 
  0.0156	 0.046294	  1808.67	  1808.67	  13678.7	  3039.71	  3039.71	 
 0.01565	 4.45544e-34	  1684.12	  1684.12	  12854.6	  2856.55	  2856.55	 
  0.0157	 4.45544e-34	  1568.24	  1568.24	  12077.5	  2683.87	  2683.87	 
 0.01575	 4.45544e-34	  1460.24	  1460.24	  11345.2	  2521.14	  2521.14	 
  0.0158	 4.45544e-34	  1359.66	  1359.66	  10655.3	  2367.82	  2367.82	 
 0.01585	 4.45544e-34	  1265.95	  1265.95	  10005.4	   2223.4	   2223.4	 
  0.0159	 4.45544e-34	  1178.66	  1178.66	  9393.23	  2087.36	  2087.36	 
 0.01595	 4.45544e-34	  1097.35	  1097.35	  8817.19	  1959.35	  1959.35	 
   0.016	 4.45544e-34	  1021.61	  1021.61	  8274.62	  1838.78	  1838.78	 
 0.01605	 4.45544e-34	  951.078	  951.078	  7764.29	  1725.38	  1725.38	 
  0.0161	 4.45544e-34	  885.361	  885.361	  7283.97	  1618.64	  1618.64	 
 0.01615	 4.45544e-34	  824.174	  824.174	  6832.44	   1518.3	   1518.3	 
  0.0162	 4.45544e-34	  767.182	  767.182	  6407.74	  1423.93	  1423.93	 
 0.01625	 4.45544e-34	    714.1	    714.1	  6008.38	  1335.18	  1335.18	 
  0.0163	 4.45544e-34	  664.678	  664.678	  5633.13	  1251.79	  1251.79	 
 0.01635	 4.45544e-34	  618.668	  618.668	  5280.52	  1173.44	  1173.44	 
  0.0164	 4.45544e-34	  575.804	  575.804	  4949.07	  1099.78	  1099.78	 
 0.01645	 4.45544e-34	   535.89	   535.89	  4638.05	  1030.67	  1030.67	 
  0.0165	 4.45544e-34	  498.752	  498.752	  4345.73	  965.706	  965.706	 
 0.01655	 4.45544e-34	  464.157	  464.157	  4071.37	  904.738	  904.738	 
  0.0166	 4.45544e-34	  431.945	  431.945	  3813.74	  847.488	  847.488	 
 0.01665	 4.45544e-34	  401.956	  401.956	  3571.86	  793.737	  793.737	 
  0.0167	 4.45544e-34	  374.032	  374.032	  3344.99	  743.322	  743.322	 
 0.01675	 4.45544e-34	  348.054	  348.054	  3132.14	  696.024	  696.024	 
  0.0168	 4.45544e-34	  323.851	  323.851	  2932.58	  651.678	  651.678	 
 0.01685	 4.45544e-34	   301.33	   301.33	  2745.33	  610.066	  610.066	 
  0.0169	 4.45544e-34	  280.364	  280.364	  2569.64	  571.025	  571.025	 
 0.01695	 4.45544e-34	  260.856	  260.856	  2405.05	  534.449	  534.449	 
   0.017	 4.45544e-34	  242.696	  242.696	  2250.69	  500.148	  500.148	 
 0.01705	 4.45544e-34	  225.788	  225.788	  2106.03	  468.002	  468.002	 
  0.0171	 4.45544e-34	  210.057	  210.057	  1970.48	  437.879	  437.879	 
 0.01715	 4.45544e-34	  195.412	  195.412	  1843.46	  409.653	  409.653	 
  0.0172	 4.45544e-34	  181.785	  181.785	  1724.46	  383.209	  383.209	 
 0.01725	 4.45544e-34	  169.102	  169.102	  1612.97	  358.434	  358.434	 
  0.0173	 4.45544e-34	    157.3	    157.3	  1508.57	  335.233	  335.233	 
 0.01735	 4.45544e-34	  146.317	  146.317	  1410.76	  313.498	  313.498	 
  0.0174	 4.45544e-34	  136.097	  136.097	   1319.2	  293.151	  293.151	 
 0.01745	 4.45544e-34	  126.586	  126.586	  1233.47	  274.101	  274.101	 
  0.0175	 4.45544e-34	  117.738	  117.738	   1153.2	  256.264	  256.264	 
 0.01755	 4.45544e-34	  109.504	  109.504	  1078.08	   239.57	   239.57	 
  0.0176	 4.45544e-34	  101.843	  101.843	  1007.78	  223.948	  223.948	 
 0.01765	 4.45544e-34	  94.7151	  94.7151	  941.956	  209.321	  209.321	 
  0.0177	 4.45544e-34	  88.0847	  88.0847	  880.391	   195.64	   195.64	 
 0.01775	 4.45544e-34	  81.9163	  81.9163	  822.763	  182.834	  182.834	 
  0.0178	 4.45544e-34	   76.178	   76.178	  768.875	  170.859	  170.859	 
 0.01785	 4.45544e-34	  70.8377	  70.8377	  718.432	   159.65	   159.65	 
  0.0179	 4.45544e-34	  65.8725	  65.8725	  671.261	  149.167	  149.167	 
 0.01795	 4.45544e-34	  61.2502	  61.2502	  627.167	  139.369	  139.369	 
   0.018	 4.45544e-34	  56.9531	  56.9531	  585.902	  130.199	  130.199	 
 0.01805	 4.45544e-34	  52.9553	  52.9553	  547.319	  121.625	  121.625	 
  0.0181	 4.45544e-34	  49.2377	  49.2377	  511.222	  113.603	  113.603	 
 0.01815	 4.45544e-34	  45.7795	  45.7795	  477.511	  106.112	  106.112	 
  0.0182	 4.45544e-34	  42.5618	  42.5618	  445.965	  99.1023	  99.1023	 
 0.01825	 4.45544e-34	    39.57	    39.57	  416.487	  92.5516	  92.5516	 
  0.0183	 4.45544e-34	  36.7887	  36.7887	  388.928	  86.4274	  86.4274	 
 0.01835	 4.45544e-34	  34.2001	  34.2001	  363.165	  80.7024	  80.7024	 
  0.0184	 4.45544e-34	  31.7944	  31.7944	    339.1	  75.3547	  75.3547	 
 0.01845	 4.45544e-34	   29.557	   29.557	   316.61	   70.357	   70.357	 
  0.0185	 4.45544e-34	  27.4748	  27.4748	  295.571	  65.6818	  65.6818	 
 0.01855	 4.45544e-34	  25.5397	  25.5397	  275.936	  61.3183	  61.3183	 
  0.0186	 4.45544e-34	  23.7402	  23.7402	  257.579	  57.2392	  57.2392	 
 0.01865	 4.45544e-34	   22.067	   22.067	  240.436	  53.4296	  53.4296	 
  0.0187	 4.45544e-34	   20.511	   20.511	  224.415	  49.8694	  49.8694	 
 0.01875	 4.45544e-34	  19.0642	  19.0642	  209.452	  46.5443	  46.5443	 
  0.0188	 4.45544e-34	  17.7193	  17.7193	  195.475	  43.4385	  43.4385	 
 0.01885	 4.45544e-34	  16.4687	  16.4687	  182.422	  40.5377	  40.5377	 
  0.0189	 4.45544e-34	   15.306	   15.306	  170.229	  37.8283	  37.8283	 
 0.01895	 4.45544e-34	  14.2249	  14.2249	  158.844	  35.2982	  35.2982	 
   0.019	 4.45544e-34	    13.22	    13.22	  148.211	  32.9355	  32.9355	 
 0.01905	 4.45544e-34	  12.2858	  12.2858	  138.283	  30.7292	  30.7292	 
  0.0191	 4.45544e-34	  11.4171	  11.4171	  129.011	  28.6688	  28.6688	 
 0.01915	 4.45544e-34	  10.6099	  10.6099	  120.355	  26.7452	  26.7452	 
  0.0192	 4.45544e-34	  9.85928	  9.85928	  112.276	    24.95	    24.95	 
 0.01925	 4.45544e-34	  9.16158	  9.16158	  104.732	  23.2735	  23.2735	 
  0.0193	 4.45544e-34	  8.51311	  8.51311	  97.6922	  21.7091	  21.7091	 
 0.01935	 4.45544e-34	  7.91031	  7.91031	  91.1173	  20.2481	  20.2481	 
  0.0194	 4.45544e-34	  7.34999	  7.34999	  84.9829	  18.8849	  18.8849	 
 0.01945	 4.45544e-34	  6.82929	  6.82929	   79.257	  17.6125	  17.6125	 
  0.0195	 4.45544e-34	  6.34538	  6.34538	  73.9125	  16.4248	  16.4248	 
 0.01955	 4.45544e-34	  5.89559	  5.89559	  68.9248	  15.3165	  15.3165	 
  0.0196	 4.45544e-34	  5.47743	  5.47743	  64.2718	  14.2825	  14.2825	 
 0.01965	 4.45544e-34	  5.08876	  5.08876	  59.9312	  13.3179	  13.3179	 
  0.0197	 4.45544e-34	  4.72779	  4.72779	  55.8786	  12.4173	  12.4173	 
 0.01975	 4.45544e-34	  4.39215	  4.39215	   52.099	  11.5774	  11.5774	 
  0.0198	 4.45544e-34	  4.08035	  4.08035	  48.5705	  10.7933	  10.7933	 
 0.01985	 4.45544e-34	  3.79043	  3.79043	  45.2806	  10.0622	  10.0622	 
  0.0199	 4.45544e-34	  3.52115	  3.52115	  42.2122	  9.38038	  9.38038	 
 0.01995	 4.45544e-34	  3.27096	  3.27096	   39.348	   8.7439	   8.7439	 
    0.02	 4.45544e-34	  3.03854	  3.03854	  36.6782	  8.15062	  8.15062	 
 0.02005	 4.45544e-34	  2.82239	  2.82239	  34.1881	  7.59726	  7.59726	 
  0.0201	 4.45544e-34	  2.62168	  2.62168	  31.8652	  7.08108	  7.08108	 
 0.02015	 4.45544e-34	  2.43513	  2.43513	  29.6974	  6.59935	  6.59935	 
  0.0202	 4.45544e-34	  2.26183	  2.26183	  27.6772	  6.15042	  6.15042	 
 0.02025	 4.45544e-34	   2.1008	   2.1008	  25.7924	  5.73157	  5.73157	 
  0.0203	 4.45544e-34	  1.95121	  1.95121	  24.0357	  5.34121	  5.34121	 
 0.02035	 4.45544e-34	  1.81224	  1.81224	  22.3974	  4.97715	  4.97715	 
  0.0204	 4.45544e-34	  1.68311	  1.68311	  20.8699	   4.6377	   4.6377	 
 0.02045	 4.45544e-34	  1.56315	  1.56315	  19.4459	  4.32126	  4.32126	 
  0.0205	 4.45544e-34	  1.45173	  1.45173	  18.1181	  4.02621	  4.02621	 
 0.02055	 4.45544e-34	  1.34819	  1.34819	  16.8802	  3.75111	  3.75111	 
  0.0206	 4.45544e-34	  1.25205	  1.25205	  15.7264	  3.49472	  3.49472	 
 0.02065	 4.45544e-34	  1.16272	  1.16272	  14.6506	  3.25566	  3.25566	 
  0.0207	 4.45544e-34	  1.07972	  1.07972	  13.6482	  3.03289	  3.03289	 
 0.02075	 4.45544e-34	  1.00263	  1.00263	  12.7136	  2.82521	  2.82521	 
  0.0208	 4.45544e-34	 0.931051	 0.931051	  11.8425	  2.63165	  2.63165	 
 0.02085	 4.45544e-34	  0.86455	  0.86455	  11.0308	  2.45126	  2.45126	 
  0.0209	 4.45544e-34	 0.802778	 0.802778	  10.2741	  2.28311	  2.28311	 
 0.02095	 4.45544e-34	 0.745395	 0.745395	  9.56917	  2.12646	  2.12646	 
   0.021	 4.45544e-34	 0.692134	 0.692134	  8.91217	  1.98046	  1.98046	 
 0.02105	 4.45544e-34	 0.642624	 0.642624	  8.29972	  1.84436	  1.84436	 
  0.0211	 4.45544e-34	 0.596668	 0.596668	  7.72934	  1.71761	  1.71761	 
 0.02115	 4.45544e-34	 0.553982	 0.553982	  7.19785	   1.5995	   1.5995	 
  0.0212	 4.45544e-34	 0.514344	 0.514344	  6.70252	  1.48943	  1.48943	 
 0.02125	 4.45544e-34	 0.477523	 0.477523	  6.24115	  1.38691	  1.38691	 
  0.0213	 4.45544e-34	 0.443341	 0.443341	  5.81128	  1.29138	  1.29138	 
 0.02135	 4.45544e-34	 0.411595	 0.411595	  5.41069	  1.20236	  1.20236	 
  0.0214	 4.45544e-34	 0.382102	 0.382102	  5.03766	  1.11947	  1.11947	 
 0.02145	 4.45544e-34	 0.354722	 0.354722	  4.69022	  1.04226	  1.04226	 
  0.0215	 4.45544e-34	 0.329298	 0.329298	   4.3664	 0.970299	 0.970299	 
 0.02155	 4.45544e-34	 0.305696	 0.305696	  4.06497	 0.903316	 0.903316	 
  0.0216	 4.45544e-34	 0.283785	 0.283785	  3.78421	 0.840926	 0.840926	 
 0.02165	 4.45544e-34	 0.263422	 0.263422	  3.52264	 0.782801	 0.782801	 
  0.0217	 4.45544e-34	 0.244523	 0.244523	  3.27904	 0.728668	 0.728668	 
 0.02175	 4.45544e-34	 0.226977	 0.226977	  3.05217	 0.678253	 0.678253	 
  0.0218	 4.45544e-34	 0.210685	 0.210685	   2.8408	 0.631282	 0.631282	 
 0.02185	 4.45544e-34	 0.195558	 0.195558	   2.6442	 0.587593	 0.587593	 
  0.0219	 4.45544e-34	 0.181515	 0.181515	  2.46088	 0.546856	 0.546856	 
 0.02195	 4.45544e-34	 0.168476	 0.168476	  2.29031	 0.508952	 0.508952	 
   0.022	 4.45544e-34	 0.156372	 0.156372	   2.1315	 0.473661	 0.473661	 
 0.02205	 4.45544e-34	 0.145134	 0.145134	  1.98359	 0.440793	 0.440793	 
  0.0221	 4.45544e-34	 0.134702	 0.134702	  1.84589	 0.410194	 0.410194	 
 0.02215	 4.45544e-34	 0.125017	 0.125017	  1.71772	 0.381711	 0.381711	 
  0.0222	 4.45544e-34	 0.116026	 0.116026	  1.59835	 0.355186	 0.355186	 
 0.02225	 4.45544e-34	 0.107679	 0.107679	  1.48726	 0.330498	 0.330498	 
  0.0223	 4.45544e-34	 0.0999328	 0.0999328	  1.38384	 0.307516	 0.307516	 
 0.02235	 4.45544e-34	 0.092739	 0.092739	  1.28758	 0.286125	 0.286125	 
  0.0224	 4.45544e-34	 0.0860641	 0.0860641	  1.19794	 0.266205	 0.266205	 
 0.02245	 4.45544e-34	 0.0798673	 0.0798673	  1.11452	 0.247668	 0.247668	 
  0.0225	 4.45544e-34	 0.0741147	 0.0741147	  1.03689	 0.230417	 0.230417	 
 0.02255	 4.45544e-34	 0.0687763	 0.0687763	 0.964618	 0.214357	 0.214357	 
  0.0226	 4.45544e-34	 0.0638216	 0.0638216	 0.897369	 0.199413	 0.199413	 
 0.02265	 4.45544e-34	 0.0592207	 0.0592207	  0.83477	 0.185502	 0.185502	 
  0.0227	 4.45544e-34	 0.0549538	 0.0549538	 0.776527	  0.17256	  0.17256	 
 0.02275	 4.45544e-34	 0.0509892	 0.0509892	 0.722295	 0.160508	 0.160508	 
  0.0228	 4.45544e-34	 0.0473122	 0.0473122	 0.671852	 0.149299	 0.149299	 
 0.02285	 4.45544e-34	 0.0439007	 0.0439007	 0.624903	 0.138866	 0.138866	 
  0.0229	 4.45544e-34	 0.0407326	 0.0407326	 0.581227	  0.12916	  0.12916	 
 0.02295	 4.45544e-34	 0.0377933	 0.0377933	 0.540577	 0.120127	 0.120127	 
   0.023	 4.45544e-34	 0.035065	 0.035065	 0.502757	 0.111722	 0.111722	 
 0.02305	 4.45544e-34	 0.0325341	 0.0325341	  0.46757	 0.103903	 0.103903	 
  0.0231	 4.45544e-34	 0.0301833	 0.0301833	 0.434843	 0.0966308	 0.0966308	 
 0.02315	 4.45544e-34	 0.0280047	 0.0280047	 0.404381	 0.0898614	 0.0898614	 
  0.0232	 4.45544e-34	 0.0259808	 0.0259808	 0.376059	 0.0835677	 0.0835677	 
 0.02325	 4.45544e-34	 0.0241032	 0.0241032	 0.349681	 0.077706	 0.077706	 
  0.0233	 4.45544e-34	 0.0223611	 0.0223611	 0.325173	 0.0722598	 0.0722598	 
 0.02335	 4.45544e-34	 0.0207447	 0.0207447	 0.302363	 0.067191	 0.067191	 
  0.0234	 4.45544e-34	 0.0192448	 0.0192448	 0.281128	 0.0624721	 0.0624721	 
 0.02345	 4.45544e-34	 0.0178528	 0.0178528	 0.261393	 0.0580867	 0.0580867	 
  0.0235	 4.45544e-34	 0.0165613	 0.0165613	 0.243039	 0.0540081	 0.0540081	 
 0.02355	 4.45544e-34	 0.0153632	 0.0153632	 0.225963	 0.0502133	 0.0502133	 
  0.0236	 4.45544e-34	 0.0142513	 0.0142513	 0.210079	 0.0466837	 0.0466837	 
 0.02365	 4.45544e-34	 0.0132198	 0.0132198	 0.195308	 0.0434013	 0.0434013	 
  0.0237	 4.45544e-34	 0.0122625	 0.0122625	  0.18157	 0.0403485	 0.0403485	 
 0.02375	 4.45544e-34	 0.0113746	 0.0113746	 0.168792	 0.037509	 0.037509	 
  0.0238	 4.45544e-34	 0.0105506	 0.0105506	 0.156912	 0.034869	 0.034869	 
 0.02385	 4.45544e-34	 0.00978641	 0.00978641	 0.145861	 0.0324133	 0.0324133	 
  0.0239	 4.45544e-34	 0.00907717	 0.00907717	 0.135586	 0.0301299	 0.0301299	 
 0.02395	 4.45544e-34	 0.00841928	 0.00841928	 0.126031	 0.0280066	 0.0280066	 
   0.024	 4.45544e-34	 0.00780919	 0.00780919	 0.117146	 0.0260321	 0.0260321	 
 0.02405	 4.45544e-34	 0.00724301	 0.00724301	 0.108886	 0.0241965	 0.0241965	 
  0.0241	 4.45544e-34	 0.00671769	 0.00671769	 0.101203	 0.0224894	 0.0224894	 
 0.02415	 4.45544e-34	 0.0062304	 0.0062304	 0.0940602	 0.020902	 0.020902	 
  0.0242	 4.45544e-34	 0.0057783	 0.0057783	 0.0874215	 0.0194268	 0.0194268	 
 0.02425	 4.45544e-34	 0.00535904	 0.00535904	 0.0812477	 0.0180548	 0.0180548	 
  0.0243	 4.45544e-34	 0.00497019	 0.00497019	 0.075507	 0.0167791	 0.0167791	 
 0.02435	 4.45544e-34	 0.0046093	 0.0046093	 0.0701699	 0.0155931	 0.0155931	 
  0.0244	 4.45544e-34	 0.00427461	 0.00427461	 0.0652093	 0.0144908	 0.0144908	 
 0.02445	 4.45544e-34	 0.00396429	 0.00396429	 0.0605981	 0.0134661	 0.0134661	 
  0.0245	 4.45544e-34	 0.00367636	 0.00367636	 0.0563116	 0.0125136	 0.0125136	 
 0.02455	 4.45544e-34	 0.00340921	 0.00340921	 0.0523254	 0.0116277	 0.0116277	 
  0.0246	 4.45544e-34	 0.00316146	 0.00316146	 0.0486221	 0.0108048	 0.0108048	 
 0.02465	 4.45544e-34	 0.00293177	 0.00293177	 0.0451797	 0.0100398	 0.0100398	 
  0.0247	 4.45544e-34	 0.00271865	 0.00271865	 0.0419784	 0.00932843	 0.00932843	 
 0.02475	 4.45544e-34	 0.00252099	 0.00252099	 0.0390035	 0.00866735	 0.00866735	 
  0.0248	 4.45544e-34	 0.00233766	 0.00233766	 0.0362378	 0.00805275	 0.00805275	 
 0.02485	 4.45544e-34	 0.00216764	 0.00216764	 0.0336689	 0.00748189	 0.00748189	 
  0.0249	 4.45544e-34	 0.00200996	 0.00200996	 0.0312821	 0.00695149	 0.00695149	 
 0.02495	 4.45544e-34	 0.00186372	 0.00186372	 0.0290626	 0.00645827	 0.00645827	 
   0.025	 4.45544e-34	 0.00172807	 0.00172807	 0.0269981	 0.00599951	 0.00599951	 
       0	        0	        0	        0	        0	        0	        0	 
