       0	        0	        0	        0	        0	        0	        0	 
   5e-05	  2650.38	   295500	   295500	  83551.6	  20628.2	  20628.2	 
  0.0001	   446386	 7.70949e+06	 7.70949e+06	 1.15426e+07	 2.91219e+06	 2.91219e+06	 
 0.00015	 1.43974e+07	 1.94306e+08	 1.94306e+08	 3.17745e+08	 8.18071e+07	 8.18071e+07	 
  0.0002	 2.61735e+08	 2.81979e+09	 2.81979e+09	 4.35111e+09	 1.17047e+09	 1.17047e+09	 
 0.00025	 1.09634e+09	 9.4916e+09	 9.4916e+09	 1.52804e+10	 4.24832e+09	 4.24832e+09	 
  0.0003	 2.22783e+09	 1.7735e+10	 1.7735e+10	 2.91169e+10	 8.20312e+09	 8.20312e+09	 
 0.00035	 3.86803e+09	 2.96675e+10	 2.96675e+10	 4.8322e+10	 1.37466e+10	 1.37466e+10	 
  0.0004	 6.24986e+09	 4.62625e+10	 4.62625e+10	 7.41474e+10	 2.1338e+10	 2.1338e+10	 
 0.00045	 9.42849e+09	 6.58003e+10	 6.58003e+10	 1.04031e+11	 3.0451e+10	 3.0451e+10	 
  0.0005	 1.30289e+10	 8.55644e+10	 8.55644e+10	 1.33564e+11	 3.98141e+10	 3.98141e+10	 
 0.00055	 1.67075e+10	 1.03924e+11	 1.03924e+11	 1.60024e+11	 4.85554e+10	 4.85554e+10	 
  0.0006	 2.01732e+10	 1.18971e+11	 1.18971e+11	 1.80708e+11	 5.58472e+10	 5.58472e+10	 
 0.00065	 2.32111e+10	 1.30519e+11	 1.30519e+11	 1.95542e+11	 6.15064e+10	 6.15064e+10	 
  0.0007	 2.56944e+10	 1.38511e+11	 1.38511e+11	 2.04421e+11	 6.54109e+10	 6.54109e+10	 
 0.00075	 2.75256e+10	 1.42606e+11	 1.42606e+11	 2.0724e+11	 6.74616e+10	 6.74616e+10	 
  0.0008	 2.87485e+10	 1.43935e+11	 1.43935e+11	 2.06022e+11	 6.81422e+10	 6.81422e+10	 
 0.00085	 2.93954e+10	 1.42997e+11	 1.42997e+11	 2.01236e+11	 6.75817e+10	 6.75817e+10	 
  0.0009	 2.9511e+10	 1.39674e+11	 1.39674e+11	 1.93391e+11	 6.59283e+10	 6.59283e+10	 
 0.00095	 2.91719e+10	 1.3474e+11	 1.3474e+11	 1.83468e+11	 6.34595e+10	 6.34595e+10	 
   0.001	 2.84821e+10	 1.28615e+11	 1.28615e+11	 1.72107e+11	 6.03984e+10	 6.03984e+10	 
 0.00105	 2.75333e+10	 1.21722e+11	 1.21722e+11	 1.60003e+11	 5.69707e+10	 5.69707e+10	 
  0.0011	 2.63624e+10	 1.14314e+11	 1.14314e+11	 1.47576e+11	 5.32985e+10	 5.32985e+10	 
 0.00115	 2.50475e+10	 1.06846e+11	 1.06846e+11	 1.35429e+11	 4.95765e+10	 4.95765e+10	 
  0.0012	 2.3633e+10	 9.92669e+10	 9.92669e+10	 1.23516e+11	 4.5829e+10	 4.5829e+10	 
 0.00125	 2.21933e+10	 9.19557e+10	 9.19557e+10	 1.12274e+11	 4.22109e+10	 4.22109e+10	 
  0.0013	 2.07634e+10	 8.49873e+10	 8.49873e+10	 1.01844e+11	 3.87811e+10	 3.87811e+10	 
 0.00135	 1.93346e+10	 7.82625e+10	 7.82625e+10	 9.20209e+10	 3.54869e+10	 3.54869e+10	 
  0.0014	 1.79393e+10	 7.19657e+10	 7.19657e+10	 8.30311e+10	 3.2404e+10	 3.2404e+10	 
 0.00145	 1.65938e+10	 6.60618e+10	 6.60618e+10	 7.47316e+10	 2.95132e+10	 2.95132e+10	 
  0.0015	 1.52922e+10	 6.04405e+10	 6.04405e+10	 6.70214e+10	 2.67875e+10	 2.67875e+10	 
 0.00155	 1.4061e+10	 5.51836e+10	 5.51836e+10	 6.00706e+10	 2.42852e+10	 2.42852e+10	 
  0.0016	 1.29052e+10	 5.03142e+10	 5.03142e+10	 5.38249e+10	 2.19983e+10	 2.19983e+10	 
 0.00165	 1.18063e+10	 4.57472e+10	 4.57472e+10	 4.80801e+10	 1.98671e+10	 1.98671e+10	 
  0.0017	 1.07674e+10	 4.1492e+10	 4.1492e+10	 4.28358e+10	 1.78936e+10	 1.78936e+10	 
 0.00175	 9.81477e+09	 3.76334e+10	 3.76334e+10	 3.82043e+10	 1.61235e+10	 1.61235e+10	 
  0.0018	 8.93276e+09	 3.41078e+10	 3.41078e+10	 3.40672e+10	 1.45181e+10	 1.45181e+10	 
 0.00185	 8.09816e+09	 3.08095e+10	 3.08095e+10	 3.02861e+10	 1.30288e+10	 1.30288e+10	 
  0.0019	 7.32358e+09	 2.77737e+10	 2.77737e+10	 2.68709e+10	 1.16674e+10	 1.16674e+10	 
 0.00195	 6.62249e+09	 2.50425e+10	 2.50425e+10	 2.38588e+10	 1.04527e+10	 1.04527e+10	 
   0.002	 5.98304e+09	 2.25584e+10	 2.25584e+10	 2.11969e+10	 9.36385e+09	 9.36385e+09	 
 0.00205	 5.38991e+09	 2.02608e+10	 2.02608e+10	 1.88048e+10	 8.37097e+09	 8.37097e+09	 
  0.0021	 4.8383e+09	 1.81312e+10	 1.81312e+10	 1.66365e+10	 7.4601e+09	 7.4601e+09	 
 0.00215	 4.33613e+09	 1.62066e+10	 1.62066e+10	 1.47029e+10	 6.63982e+09	 6.63982e+09	 
  0.0022	 3.89e+09	 1.45048e+10	 1.45048e+10	 1.30291e+10	 5.92089e+09	 5.92089e+09	 
 0.00225	 3.47579e+09	 1.29289e+10	 1.29289e+10	 1.14995e+10	 5.25882e+09	 5.25882e+09	 
  0.0023	 3.10117e+09	 1.15052e+10	 1.15052e+10	 1.015e+10	 4.66755e+09	 4.66755e+09	 
 0.00235	 2.76051e+09	 1.02114e+10	 1.02114e+10	 8.94737e+09	 4.13535e+09	 4.13535e+09	 
  0.0024	 2.46142e+09	 9.08012e+09	 9.08012e+09	 7.90899e+09	 3.67197e+09	 3.67197e+09	 
 0.00245	 2.18682e+09	 8.0447e+09	 8.0447e+09	 6.96672e+09	 3.24901e+09	 3.24901e+09	 
  0.0025	 1.93743e+09	 7.10793e+09	 7.10793e+09	 6.12242e+09	 2.86742e+09	 2.86742e+09	 
 0.00255	 1.71447e+09	 6.27323e+09	 6.27323e+09	 5.3783e+09	 2.52865e+09	 2.52865e+09	 
  0.0026	 1.51907e+09	 5.54467e+09	 5.54467e+09	 4.73548e+09	 2.23382e+09	 2.23382e+09	 
 0.00265	 1.34472e+09	 4.89653e+09	 4.89653e+09	 4.16866e+09	 1.97226e+09	 1.97226e+09	 
  0.0027	 1.18897e+09	 4.31944e+09	 4.31944e+09	 3.66701e+09	 1.73964e+09	 1.73964e+09	 
 0.00275	 1.04755e+09	 3.79658e+09	 3.79658e+09	 3.2156e+09	 1.52933e+09	 1.52933e+09	 
  0.0028	 9.20758e+08	 3.32917e+09	 3.32917e+09	 2.8141e+09	 1.3415e+09	 1.3415e+09	 
 0.00285	 8.09744e+08	 2.92102e+09	 2.92102e+09	 2.46543e+09	 1.17767e+09	 1.17767e+09	 
  0.0029	 7.13196e+08	 2.56689e+09	 2.56689e+09	 2.16415e+09	 1.03563e+09	 1.03563e+09	 
 0.00295	 6.26515e+08	 2.24966e+09	 2.24966e+09	 1.8954e+09	 9.08488e+08	 9.08488e+08	 
   0.003	 5.51284e+08	 1.97507e+09	 1.97507e+09	 1.66352e+09	 7.98446e+08	 7.98446e+08	 
 0.00305	 4.82091e+08	 1.72313e+09	 1.72313e+09	 1.45164e+09	 6.97544e+08	 6.97544e+08	 
  0.0031	 4.21341e+08	 1.50246e+09	 1.50246e+09	 1.2662e+09	 6.09085e+08	 6.09085e+08	 
 0.00315	 3.69193e+08	 1.31361e+09	 1.31361e+09	 1.10753e+09	 5.33265e+08	 5.33265e+08	 
  0.0032	 3.2266e+08	 1.14541e+09	 1.14541e+09	 9.66556e+08	 4.65747e+08	 4.65747e+08	 
 0.00325	 2.83403e+08	 1.00394e+09	 1.00394e+09	 8.47973e+08	 4.08862e+08	 4.08862e+08	 
  0.0033	 2.47717e+08	 8.75614e+08	 8.75614e+08	 7.40437e+08	 3.57209e+08	 3.57209e+08	 
 0.00335	 2.15133e+08	 7.58666e+08	 7.58666e+08	 6.42613e+08	 3.10127e+08	 3.10127e+08	 
  0.0034	 1.87561e+08	 6.59994e+08	 6.59994e+08	 5.59913e+08	 2.70305e+08	 2.70305e+08	 
 0.00345	 1.63449e+08	 5.73924e+08	 5.73924e+08	 4.87663e+08	 2.35496e+08	 2.35496e+08	 
  0.0035	 1.42471e+08	 4.99185e+08	 4.99185e+08	 4.24888e+08	 2.05229e+08	 2.05229e+08	 
 0.00355	 1.24796e+08	 4.36417e+08	 4.36417e+08	 3.71946e+08	 1.79718e+08	 1.79718e+08	 
  0.0036	 1.08053e+08	 3.77029e+08	 3.77029e+08	 3.22003e+08	 1.55597e+08	 1.55597e+08	 
 0.00365	 9.38703e+07	 3.26857e+08	 3.26857e+08	 2.79706e+08	 1.35167e+08	 1.35167e+08	 
  0.0037	 8.16256e+07	 2.83658e+08	 2.83658e+08	 2.43266e+08	 1.17545e+08	 1.17545e+08	 
 0.00375	 7.04242e+07	 2.44181e+08	 2.44181e+08	 2.09896e+08	 1.01418e+08	 1.01418e+08	 
  0.0038	 6.17981e+07	 2.13914e+08	 2.13914e+08	 1.84183e+08	 8.89944e+07	 8.89944e+07	 
 0.00385	 5.36162e+07	 1.85226e+08	 1.85226e+08	 1.59795e+08	 7.72111e+07	 7.72111e+07	 
  0.0039	 4.63781e+07	 1.599e+08	 1.599e+08	 1.38257e+08	 6.67954e+07	 6.67954e+07	 
 0.00395	 4.02528e+07	 1.38525e+08	 1.38525e+08	 1.20051e+08	 5.79855e+07	 5.79855e+07	 
   0.004	 3.46392e+07	 1.18955e+08	 1.18955e+08	 1.03299e+08	 4.98968e+07	 4.98968e+07	 
 0.00405	 3.0158e+07	 1.03388e+08	 1.03388e+08	 8.99949e+07	 4.3455e+07	 4.3455e+07	 
  0.0041	 2.62131e+07	 8.97055e+07	 8.97055e+07	 7.82326e+07	 3.77728e+07	 3.77728e+07	 
 0.00415	 2.26428e+07	 7.73438e+07	 7.73438e+07	 6.76412e+07	 3.26424e+07	 3.26424e+07	 
  0.0042	 1.96384e+07	 6.69656e+07	 6.69656e+07	 5.86678e+07	 2.83115e+07	 2.83115e+07	 
 0.00425	 1.68874e+07	 5.74747e+07	 5.74747e+07	 5.04897e+07	 2.43545e+07	 2.43545e+07	 
  0.0043	 1.45794e+07	 4.95305e+07	 4.95305e+07	 4.36237e+07	 2.10336e+07	 2.10336e+07	 
 0.00435	 1.2653e+07	 4.29155e+07	 4.29155e+07	 3.7832e+07	 1.82483e+07	 1.82483e+07	 
  0.0044	 1.09566e+07	 3.71007e+07	 3.71007e+07	 3.27959e+07	 1.58097e+07	 1.58097e+07	 
 0.00445	 9.46513e+06	 3.19966e+07	 3.19966e+07	 2.83195e+07	 1.36549e+07	 1.36549e+07	 
  0.0045	 8.15161e+06	 2.75096e+07	 2.75096e+07	 2.44167e+07	 1.1766e+07	 1.1766e+07	 
 0.00455	 6.98111e+06	 2.3517e+07	 2.3517e+07	 2.08995e+07	 1.00741e+07	 1.00741e+07	 
  0.0046	 6.05207e+06	 2.03564e+07	 2.03564e+07	 1.8139e+07	 8.73802e+06	 8.73802e+06	 
 0.00465	 5.23697e+06	 1.75881e+07	 1.75881e+07	 1.57176e+07	 7.56599e+06	 7.56599e+06	 
  0.0047	 4.52033e+06	 1.51578e+07	 1.51578e+07	 1.35724e+07	 6.53187e+06	 6.53187e+06	 
 0.00475	 3.89472e+06	 1.30402e+07	 1.30402e+07	 1.17166e+07	 5.63289e+06	 5.63289e+06	 
  0.0048	 3.33535e+06	 1.11487e+07	 1.11487e+07	 1.00362e+07	 4.82441e+06	 4.82441e+06	 
 0.00485	 2.87586e+06	 9.59813e+06	 9.59813e+06	 8.65349e+06	 4.15976e+06	 4.15976e+06	 
  0.0049	 2.48648e+06	 8.28691e+06	 8.28691e+06	 7.47378e+06	 3.59475e+06	 3.59475e+06	 
 0.00495	 2.14826e+06	 7.14965e+06	 7.14965e+06	 6.41146e+06	 3.09563e+06	 3.09563e+06	 
   0.005	 1.844e+06	 6.12784e+06	 6.12784e+06	 5.51288e+06	 2.6593e+06	 2.6593e+06	 
 0.00505	 1.58462e+06	 5.25827e+06	 5.25827e+06	 4.74733e+06	 2.28743e+06	 2.28743e+06	 
  0.0051	 1.35486e+06	 4.48904e+06	 4.48904e+06	 4.06724e+06	 1.95761e+06	 1.95761e+06	 
 0.00515	 1.16433e+06	 3.85272e+06	 3.85272e+06	 3.51715e+06	 1.68717e+06	 1.68717e+06	 
  0.0052	 1.00497e+06	 3.32103e+06	 3.32103e+06	 3.03914e+06	 1.457e+06	 1.457e+06	 
 0.00525	   861966	 2.84443e+06	 2.84443e+06	 2.595e+06	 1.24708e+06	 1.24708e+06	 
  0.0053	   740850	 2.44146e+06	 2.44146e+06	 2.23347e+06	 1.07254e+06	 1.07254e+06	 
 0.00535	   630608	 2.07506e+06	 2.07506e+06	 1.90604e+06	   914034	   914034	 
  0.0054	   546296	 1.7955e+06	 1.7955e+06	 1.63717e+06	   788709	   788709	 
 0.00545	   471646	 1.54829e+06	 1.54829e+06	 1.41505e+06	   681289	   681289	 
  0.0055	   402963	 1.32112e+06	 1.32112e+06	 1.21585e+06	   583603	   583603	 
 0.00555	   344777	 1.12886e+06	 1.12886e+06	 1.0368e+06	   498559	   498559	 
  0.0056	   295309	   965648	   965648	   872043	   423471	   423471	 
 0.00565	   252386	   824314	   824314	   752148	   363443	   363443	 
  0.0057	   217820	   710619	   710619	   650088	   313878	   313878	 
 0.00575	   187196	   610005	   610005	   544402	   266574	   266574	 
  0.0058	   158946	   517300	   517300	   464629	   226875	   226875	 
 0.00585	   133446	   433775	   433775	   397299	   192079	   192079	 
  0.0059	   114702	   372423	   372423	   335508	   163770	   163770	 
 0.00595	  99202.3	   321768	   321768	   262912	   135582	   135582	 
   0.006	    83302	   269923	   269923	   226230	   115063	   115063	 
 0.00605	  71231.4	   230551	   230551	   193451	  98391.1	  98391.1	 
  0.0061	  60413.9	   195297	   195297	   164454	  83533.7	  83533.7	 
 0.00615	    51255	   165507	   165507	   108371	  63947.4	  63947.4	 
  0.0062	  43907.8	   141648	   141648	    93402	  54906.4	  54906.4	 
 0.00625	    34182	   110182	   110182	  79399.2	  44230.1	  44230.1	 
  0.0063	  29354.7	  94527.1	  94527.1	  68440.9	  38040.4	  38040.4	 
 0.00635	  24909.2	  80120.2	  80120.2	  58639.6	  32404.8	  32404.8	 
  0.0064	  21214.6	  68160.9	  68160.9	  47414.8	  27036.8	  27036.8	 
 0.00645	  13712.8	    44047	    44047	  32618.9	  17914.1	  17914.1	 
  0.0065	  11834.5	  37978.3	  37978.3	  22152.3	  14127.3	  14127.3	 
 0.00655	  10173.4	  32616.6	  32616.6	  13572.2	  10928.7	  10928.7	 
  0.0066	  8705.31	  27882.4	  27882.4	  11467.2	  9319.06	  9319.06	 
 0.00665	   7211.5	  23079.6	  23079.6	  5658.91	  6866.48	  6866.48	 
  0.0067	  4851.01	    15524	    15524	  1695.12	  4149.71	  4149.71	 
 0.00675	  4175.15	  13349.3	  13349.3	  1284.65	  3532.83	  3532.83	 
  0.0068	  2731.38	  8736.92	  8736.92	  840.418	  2311.17	  2311.17	 
 0.00685	  1546.05	  4954.61	  4954.61	  475.705	   1308.2	   1308.2	 
  0.0069	  612.874	  1980.54	  1980.54	  188.575	  518.587	  518.587	 
 0.00695	  505.664	  1633.07	  1633.07	  155.588	   427.87	   427.87	 
   0.007	  30.1149	  120.744	  120.744	  9.26605	  25.4819	  25.4819	 
 0.00705	 4.04115e-30	  21.8482	  21.8482	 4.04115e-30	 4.04115e-30	 4.04115e-30	 
  0.0071	 4.04115e-30	  18.8238	  18.8238	 4.04115e-30	 4.04115e-30	 4.04115e-30	 
 0.00715	 4.04115e-30	  16.2144	  16.2144	 4.04115e-30	 4.04115e-30	 4.04115e-30	 
  0.0072	 4.04115e-30	   13.965	   13.965	 4.04115e-30	 4.04115e-30	 4.04115e-30	 
 0.00725	 4.04115e-30	  12.0262	  12.0262	 4.04115e-30	 4.04115e-30	 4.04115e-30	 
  0.0073	 4.04115e-30	  10.3546	  10.3546	 4.04115e-30	 4.04115e-30	 4.04115e-30	 
 0.00735	 4.04115e-30	  8.91391	  8.91391	 4.04115e-30	 4.04115e-30	 4.04115e-30	 
  0.0074	 4.04115e-30	  7.67255	  7.67255	 4.04115e-30	 4.04115e-30	 4.04115e-30	 
 0.00745	 4.04115e-30	  6.60316	  6.60316	 4.04115e-30	 4.04115e-30	 4.04115e-30	 
  0.0075	 4.04115e-30	  5.68185	  5.68185	 4.04115e-30	 4.04115e-30	 4.04115e-30	 
 0.00755	 4.04115e-30	  4.88849	  4.88849	 4.04115e-30	 4.04115e-30	 4.04115e-30	 
  0.0076	 4.04115e-30	  4.20521	  4.20521	 4.04115e-30	 4.04115e-30	 4.04115e-30	 
 0.00765	 4.04115e-30	  3.61692	  3.61692	 4.04115e-30	 4.04115e-30	 4.04115e-30	 
  0.0077	 4.04115e-30	  3.11054	  3.11054	 4.04115e-30	 4.04115e-30	 4.04115e-30	 
 0.00775	 4.04115e-30	  2.67473	  2.67473	 4.04115e-30	 4.04115e-30	 4.04115e-30	 
  0.0078	 4.04115e-30	  2.29956	  2.29956	 4.04115e-30	 4.04115e-30	 4.04115e-30	 
 0.00785	 4.04115e-30	  1.97673	  1.97673	 4.04115e-30	 4.04115e-30	 4.04115e-30	 
  0.0079	 4.04115e-30	  1.69907	  1.69907	 4.04115e-30	 4.04115e-30	 4.04115e-30	 
 0.00795	 4.04115e-30	  1.46028	  1.46028	 4.04115e-30	 4.04115e-30	 4.04115e-30	 
   0.008	 4.04115e-30	  1.25477	  1.25477	 4.04115e-30	 4.04115e-30	 4.04115e-30	 
 0.00805	 4.04115e-30	  1.07808	  1.07808	 4.04115e-30	 4.04115e-30	 4.04115e-30	 
  0.0081	 4.04115e-30	 0.926153	 0.926153	 4.04115e-30	 4.04115e-30	 4.04115e-30	 
 0.00815	 4.04115e-30	  0.79555	  0.79555	 4.04115e-30	 4.04115e-30	 4.04115e-30	 
  0.0082	 4.04115e-30	 0.683264	 0.683264	 4.04115e-30	 4.04115e-30	 4.04115e-30	 
 0.00825	 4.04115e-30	 0.586754	 0.586754	 4.04115e-30	 4.04115e-30	 4.04115e-30	 
  0.0083	 4.04115e-30	 0.503821	 0.503821	 4.04115e-30	 4.04115e-30	 4.04115e-30	 
 0.00835	 4.04115e-30	 0.432561	 0.432561	 4.04115e-30	 4.04115e-30	 4.04115e-30	 
  0.0084	 4.04115e-30	 0.371329	 0.371329	 4.04115e-30	 4.04115e-30	 4.04115e-30	 
 0.00845	 4.04115e-30	 0.318728	 0.318728	 4.04115e-30	 4.04115e-30	 4.04115e-30	 
  0.0085	 4.04115e-30	  0.27355	  0.27355	 4.04115e-30	 4.04115e-30	 4.04115e-30	 
 0.00855	 4.04115e-30	  0.23475	  0.23475	 4.04115e-30	 4.04115e-30	 4.04115e-30	 
  0.0086	 4.04115e-30	 0.201435	 0.201435	 4.04115e-30	 4.04115e-30	 4.04115e-30	 
 0.00865	 4.04115e-30	 0.172826	 0.172826	 4.04115e-30	 4.04115e-30	 4.04115e-30	 
  0.0087	 4.04115e-30	 0.148255	 0.148255	 4.04115e-30	 4.04115e-30	 4.04115e-30	 
 0.00875	 4.04115e-30	 0.127169	 0.127169	 4.04115e-30	 4.04115e-30	 4.04115e-30	 
  0.0088	 4.04115e-30	 0.109073	 0.109073	 4.04115e-30	 4.04115e-30	 4.04115e-30	 
 0.00885	 4.04115e-30	 0.0935388	 0.0935388	 4.04115e-30	 4.04115e-30	 4.04115e-30	 
  0.0089	 4.04115e-30	 0.0802104	 0.0802104	 4.04115e-30	 4.04115e-30	 4.04115e-30	 
 0.00895	 4.04115e-30	 0.068773	 0.068773	 4.04115e-30	 4.04115e-30	 4.04115e-30	 
   0.009	 4.04115e-30	 0.0589611	 0.0589611	 4.04115e-30	 4.04115e-30	 4.04115e-30	 
 0.00905	 4.04115e-30	 0.050543	 0.050543	 4.04115e-30	 4.04115e-30	 4.04115e-30	 
  0.0091	 4.04115e-30	 0.0433228	 0.0433228	 4.04115e-30	 4.04115e-30	 4.04115e-30	 
 0.00915	 4.04115e-30	 0.0371304	 0.0371304	 4.04115e-30	 4.04115e-30	 4.04115e-30	 
  0.0092	 4.04115e-30	  0.03182	  0.03182	 4.04115e-30	 4.04115e-30	 4.04115e-30	 
 0.00925	 4.04115e-30	 0.0272669	 0.0272669	 4.04115e-30	 4.04115e-30	 4.04115e-30	 
  0.0093	 4.04115e-30	 0.023363	 0.023363	 4.04115e-30	 4.04115e-30	 4.04115e-30	 
 0.00935	 4.04115e-30	 0.0200152	 0.0200152	 4.04115e-30	 4.04115e-30	 4.04115e-30	 
  0.0094	 4.04115e-30	 0.0171467	 0.0171467	 4.04115e-30	 4.04115e-30	 4.04115e-30	 
 0.00945	 4.04115e-30	 0.0146871	 0.0146871	 4.04115e-30	 4.04115e-30	 4.04115e-30	 
  0.0095	 4.04115e-30	 0.0125794	 0.0125794	 4.04115e-30	 4.04115e-30	 4.04115e-30	 
 0.00955	 4.04115e-30	 0.0107733	 0.0107733	 4.04115e-30	 4.04115e-30	 4.04115e-30	 
  0.0096	 4.04115e-30	 0.00922555	 0.00922555	 4.04115e-30	 4.04115e-30	 4.04115e-30	 
 0.00965	 4.04115e-30	 0.00789951	 0.00789951	 4.04115e-30	 4.04115e-30	 4.04115e-30	 
  0.0097	 4.04115e-30	 0.00676344	 0.00676344	 4.04115e-30	 4.04115e-30	 4.04115e-30	 
 0.00975	 4.04115e-30	 0.00579029	 0.00579029	 4.04115e-30	 4.04115e-30	 4.04115e-30	 
  0.0098	 4.04115e-30	 0.00495668	 0.00495668	 4.04115e-30	 4.04115e-30	 4.04115e-30	 
 0.00985	 4.04115e-30	 0.0042427	 0.0042427	 4.04115e-30	 4.04115e-30	 4.04115e-30	 
  0.0099	 4.04115e-30	 0.00363126	 0.00363126	 4.04115e-30	 4.04115e-30	 4.04115e-30	 
 0.00995	 4.04115e-30	 0.00310777	 0.00310777	 4.04115e-30	 4.04115e-30	 4.04115e-30	 
    0.01	 4.04115e-30	 0.00265951	 0.00265951	 4.04115e-30	 4.04115e-30	 4.04115e-30	 
 0.01005	 4.04115e-30	 0.00227566	 0.00227566	 4.04115e-30	 4.04115e-30	 4.04115e-30	 
  0.0101	 4.04115e-30	 0.00194704	 0.00194704	 4.04115e-30	 4.04115e-30	 4.04115e-30	 
 0.01015	 4.04115e-30	 0.00166573	 0.00166573	 4.04115e-30	 4.04115e-30	 4.04115e-30	 
  0.0102	 4.04115e-30	 0.00142505	 0.00142505	 4.04115e-30	 4.04115e-30	 4.04115e-30	 
 0.01025	 4.04115e-30	 0.00121898	 0.00121898	 4.04115e-30	 4.04115e-30	 4.04115e-30	 
  0.0103	 4.04115e-30	 0.00104263	 0.00104263	 4.04115e-30	 4.04115e-30	 4.04115e-30	 
 0.01035	 4.04115e-30	 0.000891732	 0.000891732	 4.04115e-30	 4.04115e-30	 4.04115e-30	 
  0.0104	 4.04115e-30	 0.000762612	 0.000762612	 4.04115e-30	 4.04115e-30	 4.04115e-30	 
 0.01045	 4.04115e-30	 0.000652138	 0.000652138	 4.04115e-30	 4.04115e-30	 4.04115e-30	 
  0.0105	 4.04115e-30	 0.000557629	 0.000557629	 4.04115e-30	 4.04115e-30	 4.04115e-30	 
 0.01055	 4.04115e-30	 0.000476784	 0.000476784	 4.04115e-30	 4.04115e-30	 4.04115e-30	 
  0.0106	 4.04115e-30	 0.000407626	 0.000407626	 4.04115e-30	 4.04115e-30	 4.04115e-30	 
 0.01065	 4.04115e-30	 0.00034847	 0.00034847	 4.04115e-30	 4.04115e-30	 4.04115e-30	 
  0.0107	 4.04115e-30	 0.000297881	 0.000297881	 4.04115e-30	 4.04115e-30	 4.04115e-30	 
 0.01075	 4.04115e-30	 0.000254615	 0.000254615	 4.04115e-30	 4.04115e-30	 4.04115e-30	 
  0.0108	 4.04115e-30	 0.000217627	 0.000217627	 4.04115e-30	 4.04115e-30	 4.04115e-30	 
 0.01085	 4.04115e-30	 0.000185986	 0.000185986	 4.04115e-30	 4.04115e-30	 4.04115e-30	 
  0.0109	 4.04115e-30	 0.000158949	 0.000158949	 4.04115e-30	 4.04115e-30	 4.04115e-30	 
 0.01095	 4.04115e-30	 0.000135825	 0.000135825	 4.04115e-30	 4.04115e-30	 4.04115e-30	 
   0.011	 4.04115e-30	 0.000116055	 0.000116055	 4.04115e-30	 4.04115e-30	 4.04115e-30	 
 0.01105	 4.04115e-30	 9.91575e-05	 9.91575e-05	 4.04115e-30	 4.04115e-30	 4.04115e-30	 
  0.0111	 4.04115e-30	 8.47157e-05	 8.47157e-05	 4.04115e-30	 4.04115e-30	 4.04115e-30	 
 0.01115	 4.04115e-30	 7.23724e-05	 7.23724e-05	 4.04115e-30	 4.04115e-30	 4.04115e-30	 
  0.0112	 4.04115e-30	 6.18232e-05	 6.18232e-05	 4.04115e-30	 4.04115e-30	 4.04115e-30	 
 0.01125	 4.04115e-30	 5.28077e-05	 5.28077e-05	 4.04115e-30	 4.04115e-30	 4.04115e-30	 
  0.0113	 4.04115e-30	 4.51043e-05	 4.51043e-05	 4.04115e-30	 4.04115e-30	 4.04115e-30	 
 0.01135	 4.04115e-30	 3.85231e-05	 3.85231e-05	 4.04115e-30	 4.04115e-30	 4.04115e-30	 
  0.0114	 4.04115e-30	 3.28994e-05	 3.28994e-05	 4.04115e-30	 4.04115e-30	 4.04115e-30	 
 0.01145	 4.04115e-30	 2.80947e-05	 2.80947e-05	 4.04115e-30	 4.04115e-30	 4.04115e-30	 
  0.0115	 4.04115e-30	 2.39908e-05	 2.39908e-05	 4.04115e-30	 4.04115e-30	 4.04115e-30	 
 0.01155	 4.04115e-30	 2.04844e-05	 2.04844e-05	 4.04115e-30	 4.04115e-30	 4.04115e-30	 
  0.0116	 4.04115e-30	 1.74889e-05	 1.74889e-05	 4.04115e-30	 4.04115e-30	 4.04115e-30	 
 0.01165	 4.04115e-30	 1.49312e-05	 1.49312e-05	 4.04115e-30	 4.04115e-30	 4.04115e-30	 
  0.0117	 4.04115e-30	 1.27471e-05	 1.27471e-05	 4.04115e-30	 4.04115e-30	 4.04115e-30	 
 0.01175	 4.04115e-30	 1.08817e-05	 1.08817e-05	 4.04115e-30	 4.04115e-30	 4.04115e-30	 
  0.0118	 4.04115e-30	 9.28858e-06	 9.28858e-06	 4.04115e-30	 4.04115e-30	 4.04115e-30	 
 0.01185	 4.04115e-30	 7.92832e-06	 7.92832e-06	 4.04115e-30	 4.04115e-30	 4.04115e-30	 
  0.0119	 4.04115e-30	 6.76684e-06	 6.76684e-06	 4.04115e-30	 4.04115e-30	 4.04115e-30	 
 0.01195	 4.04115e-30	 5.77507e-06	 5.77507e-06	 4.04115e-30	 4.04115e-30	 4.04115e-30	 
   0.012	 4.04115e-30	 4.9285e-06	 4.9285e-06	 4.04115e-30	 4.04115e-30	 4.04115e-30	 
 0.01205	 4.04115e-30	 4.20572e-06	 4.20572e-06	 4.04115e-30	 4.04115e-30	 4.04115e-30	 
  0.0121	 4.04115e-30	 3.58874e-06	 3.58874e-06	 4.04115e-30	 4.04115e-30	 4.04115e-30	 
 0.01215	 4.04115e-30	 3.06223e-06	 3.06223e-06	 4.04115e-30	 4.04115e-30	 4.04115e-30	 
  0.0122	 4.04115e-30	 2.6127e-06	 2.6127e-06	 4.04115e-30	 4.04115e-30	 4.04115e-30	 
 0.01225	 4.04115e-30	 2.22911e-06	 2.22911e-06	 4.04115e-30	 4.04115e-30	 4.04115e-30	 
  0.0123	 4.04115e-30	 1.90162e-06	 1.90162e-06	 4.04115e-30	 4.04115e-30	 4.04115e-30	 
 0.01235	 4.04115e-30	 1.6222e-06	 1.6222e-06	 4.04115e-30	 4.04115e-30	 4.04115e-30	 
  0.0124	 4.04115e-30	 1.38379e-06	 1.38379e-06	 4.04115e-30	 4.04115e-30	 4.04115e-30	 
 0.01245	 4.04115e-30	 1.18037e-06	 1.18037e-06	 4.04115e-30	 4.04115e-30	 4.04115e-30	 
  0.0125	 4.04115e-30	 1.00679e-06	 1.00679e-06	 4.04115e-30	 4.04115e-30	 4.04115e-30	 
 0.01255	 4.04115e-30	 8.58681e-07	 8.58681e-07	 4.04115e-30	 4.04115e-30	 4.04115e-30	 
  0.0126	 4.04115e-30	 7.32317e-07	 7.32317e-07	 4.04115e-30	 4.04115e-30	 4.04115e-30	 
 0.01265	 4.04115e-30	 6.24523e-07	 6.24523e-07	 4.04115e-30	 4.04115e-30	 4.04115e-30	 
  0.0127	 4.04115e-30	 5.32568e-07	 5.32568e-07	 4.04115e-30	 4.04115e-30	 4.04115e-30	 
 0.01275	 4.04115e-30	 4.54138e-07	 4.54138e-07	 4.04115e-30	 4.04115e-30	 4.04115e-30	 
  0.0128	 4.04115e-30	 3.87232e-07	 3.87232e-07	 4.04115e-30	 4.04115e-30	 4.04115e-30	 
 0.01285	 4.04115e-30	 3.30164e-07	 3.30164e-07	 4.04115e-30	 4.04115e-30	 4.04115e-30	 
  0.0129	 4.04115e-30	 2.81501e-07	 2.81501e-07	 4.04115e-30	 4.04115e-30	 4.04115e-30	 
 0.01295	 4.04115e-30	 2.39996e-07	 2.39996e-07	 4.04115e-30	 4.04115e-30	 4.04115e-30	 
   0.013	 4.04115e-30	 2.04593e-07	 2.04593e-07	 4.04115e-30	 4.04115e-30	 4.04115e-30	 
 0.01305	 4.04115e-30	 1.74411e-07	 1.74411e-07	 4.04115e-30	 4.04115e-30	 4.04115e-30	 
  0.0131	 4.04115e-30	 1.4867e-07	 1.4867e-07	 4.04115e-30	 4.04115e-30	 4.04115e-30	 
 0.01315	 4.04115e-30	 1.26729e-07	 1.26729e-07	 4.04115e-30	 4.04115e-30	 4.04115e-30	 
  0.0132	 4.04115e-30	 1.08015e-07	 1.08015e-07	 4.04115e-30	 4.04115e-30	 4.04115e-30	 
 0.01325	 4.04115e-30	 9.20618e-08	 9.20618e-08	 4.04115e-30	 4.04115e-30	 4.04115e-30	 
  0.0133	 4.04115e-30	 7.84617e-08	 7.84617e-08	 4.04115e-30	 4.04115e-30	 4.04115e-30	 
 0.01335	 4.04115e-30	 6.6867e-08	 6.6867e-08	 4.04115e-30	 4.04115e-30	 4.04115e-30	 
  0.0134	 4.04115e-30	 5.69833e-08	 5.69833e-08	 4.04115e-30	 4.04115e-30	 4.04115e-30	 
 0.01345	 4.04115e-30	 4.8559e-08	 4.8559e-08	 4.04115e-30	 4.04115e-30	 4.04115e-30	 
  0.0135	 4.04115e-30	 4.13778e-08	 4.13778e-08	 4.04115e-30	 4.04115e-30	 4.04115e-30	 
 0.01355	 4.04115e-30	 3.52571e-08	 3.52571e-08	 4.04115e-30	 4.04115e-30	 4.04115e-30	 
  0.0136	 4.04115e-30	 3.00397e-08	 3.00397e-08	 4.04115e-30	 4.04115e-30	 4.04115e-30	 
 0.01365	 4.04115e-30	 2.55936e-08	 2.55936e-08	 4.04115e-30	 4.04115e-30	 4.04115e-30	 
  0.0137	 4.04115e-30	 2.18055e-08	 2.18055e-08	 4.04115e-30	 4.04115e-30	 4.04115e-30	 
 0.01375	 4.04115e-30	 1.85772e-08	 1.85772e-08	 4.04115e-30	 4.04115e-30	 4.04115e-30	 
  0.0138	 4.04115e-30	 1.58257e-08	 1.58257e-08	 4.04115e-30	 4.04115e-30	 4.04115e-30	 
 0.01385	 4.04115e-30	 1.34806e-08	 1.34806e-08	 4.04115e-30	 4.04115e-30	 4.04115e-30	 
  0.0139	 4.04115e-30	 1.14832e-08	 1.14832e-08	 4.04115e-30	 4.04115e-30	 4.04115e-30	 
 0.01395	 4.04115e-30	 9.78126e-09	 9.78126e-09	 4.04115e-30	 4.04115e-30	 4.04115e-30	 
   0.014	 4.04115e-30	 8.33116e-09	 8.33116e-09	 4.04115e-30	 4.04115e-30	 4.04115e-30	 
 0.01405	 4.04115e-30	 7.0957e-09	 7.0957e-09	 4.04115e-30	 4.04115e-30	 4.04115e-30	 
  0.0141	 4.04115e-30	 6.0433e-09	 6.0433e-09	 4.04115e-30	 4.04115e-30	 4.04115e-30	 
 0.01415	 4.04115e-30	 5.14677e-09	 5.14677e-09	 4.04115e-30	 4.04115e-30	 4.04115e-30	 
  0.0142	 4.04115e-30	 4.38298e-09	 4.38298e-09	 4.04115e-30	 4.04115e-30	 4.04115e-30	 
 0.01425	 4.04115e-30	 3.73254e-09	 3.73254e-09	 4.04115e-30	 4.04115e-30	 4.04115e-30	 
  0.0143	 4.04115e-30	 3.17835e-09	 3.17835e-09	 4.04115e-30	 4.04115e-30	 4.04115e-30	 
 0.01435	 4.04115e-30	 2.70643e-09	 2.70643e-09	 4.04115e-30	 4.04115e-30	 4.04115e-30	 
  0.0144	 4.04115e-30	 2.30447e-09	 2.30447e-09	 4.04115e-30	 4.04115e-30	 4.04115e-30	 
 0.01445	 4.04115e-30	 1.96214e-09	 1.96214e-09	 4.04115e-30	 4.04115e-30	 4.04115e-30	 
  0.0145	 4.04115e-30	 1.67051e-09	 1.67051e-09	 4.04115e-30	 4.04115e-30	 4.04115e-30	 
 0.01455	 4.04115e-30	 1.42229e-09	 1.42229e-09	 4.04115e-30	 4.04115e-30	 4.04115e-30	 
  0.0146	 4.04115e-30	 1.21085e-09	 1.21085e-09	 4.04115e-30	 4.04115e-30	 4.04115e-30	 
 0.01465	 4.04115e-30	 1.0308e-09	 1.0308e-09	 4.04115e-30	 4.04115e-30	 4.04115e-30	 
  0.0147	 4.04115e-30	 8.77502e-10	 8.77502e-10	 4.04115e-30	 4.04115e-30	 4.04115e-30	 
 0.01475	 4.04115e-30	 7.46974e-10	 7.46974e-10	 4.04115e-30	 4.04115e-30	 4.04115e-30	 
  0.0148	 4.04115e-30	 6.35846e-10	 6.35846e-10	 4.04115e-30	 4.04115e-30	 4.04115e-30	 
 0.01485	 4.04115e-30	 5.41223e-10	 5.41223e-10	 4.04115e-30	 4.04115e-30	 4.04115e-30	 
  0.0149	 4.04115e-30	 4.60667e-10	 4.60667e-10	 4.04115e-30	 4.04115e-30	 4.04115e-30	 
 0.01495	 4.04115e-30	 3.92088e-10	 3.92088e-10	 4.04115e-30	 4.04115e-30	 4.04115e-30	 
   0.015	 4.04115e-30	 3.33699e-10	 3.33699e-10	 4.04115e-30	 4.04115e-30	 4.04115e-30	 
 0.01505	 4.04115e-30	 2.84004e-10	 2.84004e-10	 4.04115e-30	 4.04115e-30	 4.04115e-30	 
  0.0151	 4.04115e-30	 2.41694e-10	 2.41694e-10	 4.04115e-30	 4.04115e-30	 4.04115e-30	 
 0.01515	 4.04115e-30	 2.05687e-10	 2.05687e-10	 4.04115e-30	 4.04115e-30	 4.04115e-30	 
  0.0152	 4.04115e-30	 1.75027e-10	 1.75027e-10	 4.04115e-30	 4.04115e-30	 4.04115e-30	 
 0.01525	 4.04115e-30	 1.48947e-10	 1.48947e-10	 4.04115e-30	 4.04115e-30	 4.04115e-30	 
  0.0153	 4.04115e-30	 1.26741e-10	 1.26741e-10	 4.04115e-30	 4.04115e-30	 4.04115e-30	 
 0.01535	 4.04115e-30	 1.07838e-10	 1.07838e-10	 4.04115e-30	 4.04115e-30	 4.04115e-30	 
  0.0154	 4.04115e-30	 9.1756e-11	 9.1756e-11	 4.04115e-30	 4.04115e-30	 4.04115e-30	 
 0.01545	 4.04115e-30	 7.80678e-11	 7.80678e-11	 4.04115e-30	 4.04115e-30	 4.04115e-30	 
  0.0155	 4.04115e-30	 6.64203e-11	 6.64203e-11	 4.04115e-30	 4.04115e-30	 4.04115e-30	 
 0.01555	 4.04115e-30	 5.6509e-11	 5.6509e-11	 4.04115e-30	 4.04115e-30	 4.04115e-30	 
  0.0156	 4.04115e-30	 4.80747e-11	 4.80747e-11	 4.04115e-30	 4.04115e-30	 4.04115e-30	 
 0.01565	 4.04115e-30	 4.08984e-11	 4.08984e-11	 4.04115e-30	 4.04115e-30	 4.04115e-30	 
  0.0157	 4.04115e-30	 3.47916e-11	 3.47916e-11	 4.04115e-30	 4.04115e-30	 4.04115e-30	 
 0.01575	 4.04115e-30	 2.95956e-11	 2.95956e-11	 4.04115e-30	 4.04115e-30	 4.04115e-30	 
  0.0158	 4.04115e-30	 2.51747e-11	 2.51747e-11	 4.04115e-30	 4.04115e-30	 4.04115e-30	 
 0.01585	 4.04115e-30	 2.14142e-11	 2.14142e-11	 4.04115e-30	 4.04115e-30	 4.04115e-30	 
  0.0159	 4.04115e-30	 1.82148e-11	 1.82148e-11	 4.04115e-30	 4.04115e-30	 4.04115e-30	 
 0.01595	 4.04115e-30	 1.54923e-11	 1.54923e-11	 4.04115e-30	 4.04115e-30	 4.04115e-30	 
   0.016	 4.04115e-30	 1.31774e-11	 1.31774e-11	 4.04115e-30	 4.04115e-30	 4.04115e-30	 
 0.01605	 4.04115e-30	 1.12068e-11	 1.12068e-11	 4.04115e-30	 4.04115e-30	 4.04115e-30	 
  0.0161	 4.04115e-30	 9.53115e-12	 9.53115e-12	 4.04115e-30	 4.04115e-30	 4.04115e-30	 
 0.01615	 4.04115e-30	 8.10571e-12	 8.10571e-12	 4.04115e-30	 4.04115e-30	 4.04115e-30	 
  0.0162	 4.04115e-30	 6.89328e-12	 6.89328e-12	 4.04115e-30	 4.04115e-30	 4.04115e-30	 
 0.01625	 4.04115e-30	 5.86201e-12	 5.86201e-12	 4.04115e-30	 4.04115e-30	 4.04115e-30	 
  0.0163	 4.04115e-30	 4.98498e-12	 4.98498e-12	 4.04115e-30	 4.04115e-30	 4.04115e-30	 
 0.01635	 4.04115e-30	 4.23893e-12	 4.23893e-12	 4.04115e-30	 4.04115e-30	 4.04115e-30	 
  0.0164	 4.04115e-30	 3.60447e-12	 3.60447e-12	 4.04115e-30	 4.04115e-30	 4.04115e-30	 
 0.01645	 4.04115e-30	 3.06487e-12	 3.06487e-12	 4.04115e-30	 4.04115e-30	 4.04115e-30	 
  0.0165	 4.04115e-30	 2.60591e-12	 2.60591e-12	 4.04115e-30	 4.04115e-30	 4.04115e-30	 
 0.01655	 4.04115e-30	 2.21565e-12	 2.21565e-12	 4.04115e-30	 4.04115e-30	 4.04115e-30	 
  0.0166	 4.04115e-30	 1.88388e-12	 1.88388e-12	 4.04115e-30	 4.04115e-30	 4.04115e-30	 
 0.01665	 4.04115e-30	 1.60169e-12	 1.60169e-12	 4.04115e-30	 4.04115e-30	 4.04115e-30	 
  0.0167	 4.04115e-30	 1.36165e-12	 1.36165e-12	 4.04115e-30	 4.04115e-30	 4.04115e-30	 
 0.01675	 4.04115e-30	 1.15762e-12	 1.15762e-12	 4.04115e-30	 4.04115e-30	 4.04115e-30	 
  0.0168	 4.04115e-30	 9.84114e-13	 9.84114e-13	 4.04115e-30	 4.04115e-30	 4.04115e-30	 
 0.01685	 4.04115e-30	 8.36602e-13	 8.36602e-13	 4.04115e-30	 4.04115e-30	 4.04115e-30	 
  0.0169	 4.04115e-30	 7.11181e-13	 7.11181e-13	 4.04115e-30	 4.04115e-30	 4.04115e-30	 
 0.01695	 4.04115e-30	 6.04544e-13	 6.04544e-13	 4.04115e-30	 4.04115e-30	 4.04115e-30	 
   0.017	 4.04115e-30	 5.13873e-13	 5.13873e-13	 4.04115e-30	 4.04115e-30	 4.04115e-30	 
 0.01705	 4.04115e-30	 4.36801e-13	 4.36801e-13	 4.04115e-30	 4.04115e-30	 4.04115e-30	 
  0.0171	 4.04115e-30	 3.71266e-13	 3.71266e-13	 4.04115e-30	 4.04115e-30	 4.04115e-30	 
 0.01715	 4.04115e-30	 3.1557e-13	 3.1557e-13	 4.04115e-30	 4.04115e-30	 4.04115e-30	 
  0.0172	 4.04115e-30	 2.68215e-13	 2.68215e-13	 4.04115e-30	 4.04115e-30	 4.04115e-30	 
 0.01725	 4.04115e-30	 2.27956e-13	 2.27956e-13	 4.04115e-30	 4.04115e-30	 4.04115e-30	 
  0.0173	 4.04115e-30	 1.93735e-13	 1.93735e-13	 4.04115e-30	 4.04115e-30	 4.04115e-30	 
 0.01735	 4.04115e-30	 1.64648e-13	 1.64648e-13	 4.04115e-30	 4.04115e-30	 4.04115e-30	 
  0.0174	 4.04115e-30	 1.39926e-13	 1.39926e-13	 4.04115e-30	 4.04115e-30	 4.04115e-30	 
 0.01745	 4.04115e-30	 1.18917e-13	 1.18917e-13	 4.04115e-30	 4.04115e-30	 4.04115e-30	 
  0.0175	 4.04115e-30	 1.01056e-13	 1.01056e-13	 4.04115e-30	 4.04115e-30	 4.04115e-30	 
 0.01755	 4.04115e-30	 8.58756e-14	 8.58756e-14	 4.04115e-30	 4.04115e-30	 4.04115e-30	 
  0.0176	 4.04115e-30	 7.29738e-14	 7.29738e-14	 4.04115e-30	 4.04115e-30	 4.04115e-30	 
 0.01765	 4.04115e-30	 6.20094e-14	 6.20094e-14	 4.04115e-30	 4.04115e-30	 4.04115e-30	 
  0.0177	 4.04115e-30	 5.26906e-14	 5.26906e-14	 4.04115e-30	 4.04115e-30	 4.04115e-30	 
 0.01775	 4.04115e-30	 4.47709e-14	 4.47709e-14	 4.04115e-30	 4.04115e-30	 4.04115e-30	 
  0.0178	 4.04115e-30	 3.804e-14	 3.804e-14	 4.04115e-30	 4.04115e-30	 4.04115e-30	 
 0.01785	 4.04115e-30	 3.23219e-14	 3.23219e-14	 4.04115e-30	 4.04115e-30	 4.04115e-30	 
  0.0179	 4.04115e-30	 2.74619e-14	 2.74619e-14	 4.04115e-30	 4.04115e-30	 4.04115e-30	 
 0.01795	 4.04115e-30	 2.33315e-14	 2.33315e-14	 4.04115e-30	 4.04115e-30	 4.04115e-30	 
   0.018	 4.04115e-30	 1.98227e-14	 1.98227e-14	 4.04115e-30	 4.04115e-30	 4.04115e-30	 
 0.01805	 4.04115e-30	 1.6841e-14	 1.6841e-14	 4.04115e-30	 4.04115e-30	 4.04115e-30	 
  0.0181	 4.04115e-30	 1.43072e-14	 1.43072e-14	 4.04115e-30	 4.04115e-30	 4.04115e-30	 
 0.01815	 4.04115e-30	 1.2154e-14	 1.2154e-14	 4.04115e-30	 4.04115e-30	 4.04115e-30	 
  0.0182	 4.04115e-30	 1.0325e-14	 1.0325e-14	 4.04115e-30	 4.04115e-30	 4.04115e-30	 
 0.01825	 4.04115e-30	 8.771e-15	 8.771e-15	 4.04115e-30	 4.04115e-30	 4.04115e-30	 
  0.0183	 4.04115e-30	 7.45075e-15	 7.45075e-15	 4.04115e-30	 4.04115e-30	 4.04115e-30	 
 0.01835	 4.04115e-30	 6.32902e-15	 6.32902e-15	 4.04115e-30	 4.04115e-30	 4.04115e-30	 
  0.0184	 4.04115e-30	 5.37613e-15	 5.37613e-15	 4.04115e-30	 4.04115e-30	 4.04115e-30	 
 0.01845	 4.04115e-30	 4.56654e-15	 4.56654e-15	 4.04115e-30	 4.04115e-30	 4.04115e-30	 
  0.0185	 4.04115e-30	 3.87873e-15	 3.87873e-15	 4.04115e-30	 4.04115e-30	 4.04115e-30	 
 0.01855	 4.04115e-30	 3.29447e-15	 3.29447e-15	 4.04115e-30	 4.04115e-30	 4.04115e-30	 
  0.0186	 4.04115e-30	 2.79815e-15	 2.79815e-15	 4.04115e-30	 4.04115e-30	 4.04115e-30	 
 0.01865	 4.04115e-30	 2.37656e-15	 2.37656e-15	 4.04115e-30	 4.04115e-30	 4.04115e-30	 
  0.0187	 4.04115e-30	 2.0185e-15	 2.0185e-15	 4.04115e-30	 4.04115e-30	 4.04115e-30	 
 0.01875	 4.04115e-30	 1.71429e-15	 1.71429e-15	 4.04115e-30	 4.04115e-30	 4.04115e-30	 
  0.0188	 4.04115e-30	 1.45588e-15	 1.45588e-15	 4.04115e-30	 4.04115e-30	 4.04115e-30	 
 0.01885	 4.04115e-30	 1.23645e-15	 1.23645e-15	 4.04115e-30	 4.04115e-30	 4.04115e-30	 
  0.0189	 4.04115e-30	 1.05004e-15	 1.05004e-15	 4.04115e-30	 4.04115e-30	 4.04115e-30	 
 0.01895	 4.04115e-30	 8.91719e-16	 8.91719e-16	 4.04115e-30	 4.04115e-30	 4.04115e-30	 
   0.019	 4.04115e-30	 7.57253e-16	 7.57253e-16	 4.04115e-30	 4.04115e-30	 4.04115e-30	 
 0.01905	 4.04115e-30	 6.43042e-16	 6.43042e-16	 4.04115e-30	 4.04115e-30	 4.04115e-30	 
  0.0191	 4.04115e-30	 5.46055e-16	 5.46055e-16	 4.04115e-30	 4.04115e-30	 4.04115e-30	 
 0.01915	 4.04115e-30	 4.63674e-16	 4.63674e-16	 4.04115e-30	 4.04115e-30	 4.04115e-30	 
  0.0192	 4.04115e-30	 3.93724e-16	 3.93724e-16	 4.04115e-30	 4.04115e-30	 4.04115e-30	 
 0.01925	 4.04115e-30	 3.34316e-16	 3.34316e-16	 4.04115e-30	 4.04115e-30	 4.04115e-30	 
  0.0193	 4.04115e-30	 2.83866e-16	 2.83866e-16	 4.04115e-30	 4.04115e-30	 4.04115e-30	 
 0.01935	 4.04115e-30	 2.41028e-16	 2.41028e-16	 4.04115e-30	 4.04115e-30	 4.04115e-30	 
  0.0194	 4.04115e-30	 2.04643e-16	 2.04643e-16	 4.04115e-30	 4.04115e-30	 4.04115e-30	 
 0.01945	 4.04115e-30	 1.73757e-16	 1.73757e-16	 4.04115e-30	 4.04115e-30	 4.04115e-30	 
  0.0195	 4.04115e-30	 1.47525e-16	 1.47525e-16	 4.04115e-30	 4.04115e-30	 4.04115e-30	 
 0.01955	 4.04115e-30	 1.25246e-16	 1.25246e-16	 4.04115e-30	 4.04115e-30	 4.04115e-30	 
  0.0196	 4.04115e-30	 1.06332e-16	 1.06332e-16	 4.04115e-30	 4.04115e-30	 4.04115e-30	 
 0.01965	 4.04115e-30	 9.02728e-17	 9.02728e-17	 4.04115e-30	 4.04115e-30	 4.04115e-30	 
  0.0197	 4.04115e-30	 7.66374e-17	 7.66374e-17	 4.04115e-30	 4.04115e-30	 4.04115e-30	 
 0.01975	 4.04115e-30	 6.50603e-17	 6.50603e-17	 4.04115e-30	 4.04115e-30	 4.04115e-30	 
  0.0198	 4.04115e-30	 5.5232e-17	 5.5232e-17	 4.04115e-30	 4.04115e-30	 4.04115e-30	 
 0.01985	 4.04115e-30	 4.68858e-17	 4.68858e-17	 4.04115e-30	 4.04115e-30	 4.04115e-30	 
  0.0199	 4.04115e-30	 3.98014e-17	 3.98014e-17	 4.04115e-30	 4.04115e-30	 4.04115e-30	 
 0.01995	 4.04115e-30	 3.37864e-17	 3.37864e-17	 4.04115e-30	 4.04115e-30	 4.04115e-30	 
    0.02	 4.04115e-30	 2.86797e-17	 2.86797e-17	 4.04115e-30	 4.04115e-30	 4.04115e-30	 
 0.02005	 4.04115e-30	 2.43443e-17	 2.43443e-17	 4.04115e-30	 4.04115e-30	 4.04115e-30	 
  0.0201	 4.04115e-30	 2.06644e-17	 2.06644e-17	 4.04115e-30	 4.04115e-30	 4.04115e-30	 
 0.02015	 4.04115e-30	 1.75392e-17	 1.75392e-17	 4.04115e-30	 4.04115e-30	 4.04115e-30	 
  0.0202	 4.04115e-30	 1.48871e-17	 1.48871e-17	 4.04115e-30	 4.04115e-30	 4.04115e-30	 
 0.02025	 4.04115e-30	 1.26364e-17	 1.26364e-17	 4.04115e-30	 4.04115e-30	 4.04115e-30	 
  0.0203	 4.04115e-30	 1.07251e-17	 1.07251e-17	 4.04115e-30	 4.04115e-30	 4.04115e-30	 
 0.02035	 4.04115e-30	 9.10289e-18	 9.10289e-18	 4.04115e-30	 4.04115e-30	 4.04115e-30	 
  0.0204	 4.04115e-30	 7.72577e-18	 7.72577e-18	 4.04115e-30	 4.04115e-30	 4.04115e-30	 
 0.02045	 4.04115e-30	 6.55699e-18	 6.55699e-18	 4.04115e-30	 4.04115e-30	 4.04115e-30	 
  0.0205	 4.04115e-30	 5.56485e-18	 5.56485e-18	 4.04115e-30	 4.04115e-30	 4.04115e-30	 
 0.02055	 4.04115e-30	 4.7228e-18	 4.7228e-18	 4.04115e-30	 4.04115e-30	 4.04115e-30	 
  0.0206	 4.04115e-30	 4.00807e-18	 4.00807e-18	 4.04115e-30	 4.04115e-30	 4.04115e-30	 
 0.02065	 4.04115e-30	 3.40141e-18	 3.40141e-18	 4.04115e-30	 4.04115e-30	 4.04115e-30	 
  0.0207	 4.04115e-30	 2.88659e-18	 2.88659e-18	 4.04115e-30	 4.04115e-30	 4.04115e-30	 
 0.02075	 4.04115e-30	 2.44965e-18	 2.44965e-18	 4.04115e-30	 4.04115e-30	 4.04115e-30	 
  0.0208	 4.04115e-30	 2.07877e-18	 2.07877e-18	 4.04115e-30	 4.04115e-30	 4.04115e-30	 
 0.02085	 4.04115e-30	 1.76399e-18	 1.76399e-18	 4.04115e-30	 4.04115e-30	 4.04115e-30	 
  0.0209	 4.04115e-30	 1.49689e-18	 1.49689e-18	 4.04115e-30	 4.04115e-30	 4.04115e-30	 
 0.02095	 4.04115e-30	 1.27018e-18	 1.27018e-18	 4.04115e-30	 4.04115e-30	 4.04115e-30	 
   0.021	 4.04115e-30	 1.07782e-18	 1.07782e-18	 4.04115e-30	 4.04115e-30	 4.04115e-30	 
 0.02105	 4.04115e-30	 9.14554e-19	 9.14554e-19	 4.04115e-30	 4.04115e-30	 4.04115e-30	 
  0.0211	 4.04115e-30	 7.76011e-19	 7.76011e-19	 4.04115e-30	 4.04115e-30	 4.04115e-30	 
 0.02115	 4.04115e-30	 6.58441e-19	 6.58441e-19	 4.04115e-30	 4.04115e-30	 4.04115e-30	 
  0.0212	 4.04115e-30	 5.58686e-19	 5.58686e-19	 4.04115e-30	 4.04115e-30	 4.04115e-30	 
 0.02125	 4.04115e-30	 4.74028e-19	 4.74028e-19	 4.04115e-30	 4.04115e-30	 4.04115e-30	 
  0.0213	 4.04115e-30	 4.02191e-19	 4.02191e-19	 4.04115e-30	 4.04115e-30	 4.04115e-30	 
 0.02135	 4.04115e-30	 3.41236e-19	 3.41236e-19	 4.04115e-30	 4.04115e-30	 4.04115e-30	 
  0.0214	 4.04115e-30	 2.89515e-19	 2.89515e-19	 4.04115e-30	 4.04115e-30	 4.04115e-30	 
 0.02145	 4.04115e-30	 2.4562e-19	 2.4562e-19	 4.04115e-30	 4.04115e-30	 4.04115e-30	 
  0.0215	 4.04115e-30	 2.08392e-19	 2.08392e-19	 4.04115e-30	 4.04115e-30	 4.04115e-30	 
 0.02155	 4.04115e-30	 1.76789e-19	 1.76789e-19	 4.04115e-30	 4.04115e-30	 4.04115e-30	 
  0.0216	 4.04115e-30	 1.49991e-19	 1.49991e-19	 4.04115e-30	 4.04115e-30	 4.04115e-30	 
 0.02165	 4.04115e-30	 1.27245e-19	 1.27245e-19	 4.04115e-30	 4.04115e-30	 4.04115e-30	 
  0.0217	 4.04115e-30	 1.07945e-19	 1.07945e-19	 4.04115e-30	 4.04115e-30	 4.04115e-30	 
 0.02175	 4.04115e-30	 9.15724e-20	 9.15724e-20	 4.04115e-30	 4.04115e-30	 4.04115e-30	 
  0.0218	 4.04115e-30	 7.76829e-20	 7.76829e-20	 4.04115e-30	 4.04115e-30	 4.04115e-30	 
 0.02185	 4.04115e-30	 6.58982e-20	 6.58982e-20	 4.04115e-30	 4.04115e-30	 4.04115e-30	 
  0.0219	 4.04115e-30	 5.59014e-20	 5.59014e-20	 4.04115e-30	 4.04115e-30	 4.04115e-30	 
 0.02195	 4.04115e-30	 4.74192e-20	 4.74192e-20	 4.04115e-30	 4.04115e-30	 4.04115e-30	 
   0.022	 4.04115e-30	 4.02241e-20	 4.02241e-20	 4.04115e-30	 4.04115e-30	 4.04115e-30	 
 0.02205	 4.04115e-30	 3.41198e-20	 3.41198e-20	 4.04115e-30	 4.04115e-30	 4.04115e-30	 
  0.0221	 4.04115e-30	 2.89414e-20	 2.89414e-20	 4.04115e-30	 4.04115e-30	 4.04115e-30	 
 0.02215	 4.04115e-30	 2.45494e-20	 2.45494e-20	 4.04115e-30	 4.04115e-30	 4.04115e-30	 
  0.0222	 4.04115e-30	 2.08229e-20	 2.08229e-20	 4.04115e-30	 4.04115e-30	 4.04115e-30	 
 0.02225	 4.04115e-30	 1.76613e-20	 1.76613e-20	 4.04115e-30	 4.04115e-30	 4.04115e-30	 
  0.0223	 4.04115e-30	 1.49802e-20	 1.49802e-20	 4.04115e-30	 4.04115e-30	 4.04115e-30	 
 0.02235	 4.04115e-30	 1.27056e-20	 1.27056e-20	 4.04115e-30	 4.04115e-30	 4.04115e-30	 
  0.0224	 4.04115e-30	 1.07765e-20	 1.07765e-20	 4.04115e-30	 4.04115e-30	 4.04115e-30	 
 0.02245	 4.04115e-30	 9.14e-21	 9.14e-21	 4.04115e-30	 4.04115e-30	 4.04115e-30	 
  0.0225	 4.04115e-30	 7.75194e-21	 7.75194e-21	 4.04115e-30	 4.04115e-30	 4.04115e-30	 
 0.02255	 4.04115e-30	 6.57448e-21	 6.57448e-21	 4.04115e-30	 4.04115e-30	 4.04115e-30	 
  0.0226	 4.04115e-30	 5.57592e-21	 5.57592e-21	 4.04115e-30	 4.04115e-30	 4.04115e-30	 
 0.02265	 4.04115e-30	 4.72884e-21	 4.72884e-21	 4.04115e-30	 4.04115e-30	 4.04115e-30	 
  0.0227	 4.04115e-30	 4.01046e-21	 4.01046e-21	 4.04115e-30	 4.04115e-30	 4.04115e-30	 
 0.02275	 4.04115e-30	 3.40116e-21	 3.40116e-21	 4.04115e-30	 4.04115e-30	 4.04115e-30	 
  0.0228	 4.04115e-30	 2.88433e-21	 2.88433e-21	 4.04115e-30	 4.04115e-30	 4.04115e-30	 
 0.02285	 4.04115e-30	 2.44601e-21	 2.44601e-21	 4.04115e-30	 4.04115e-30	 4.04115e-30	 
  0.0229	 4.04115e-30	 2.07436e-21	 2.07436e-21	 4.04115e-30	 4.04115e-30	 4.04115e-30	 
 0.02295	 4.04115e-30	 1.75908e-21	 1.75908e-21	 4.04115e-30	 4.04115e-30	 4.04115e-30	 
   0.023	 4.04115e-30	 1.49173e-21	 1.49173e-21	 4.04115e-30	 4.04115e-30	 4.04115e-30	 
 0.02305	 4.04115e-30	 1.2649e-21	 1.2649e-21	 4.04115e-30	 4.04115e-30	 4.04115e-30	 
  0.0231	 4.04115e-30	 1.07265e-21	 1.07265e-21	 4.04115e-30	 4.04115e-30	 4.04115e-30	 
 0.02315	 4.04115e-30	 9.09572e-22	 9.09572e-22	 4.04115e-30	 4.04115e-30	 4.04115e-30	 
  0.0232	 4.04115e-30	 7.71281e-22	 7.71281e-22	 4.04115e-30	 4.04115e-30	 4.04115e-30	 
 0.02325	 4.04115e-30	 6.54e-22	 6.54e-22	 4.04115e-30	 4.04115e-30	 4.04115e-30	 
  0.0233	 4.04115e-30	 5.54547e-22	 5.54547e-22	 4.04115e-30	 4.04115e-30	 4.04115e-30	 
 0.02335	 4.04115e-30	 4.70216e-22	 4.70216e-22	 4.04115e-30	 4.04115e-30	 4.04115e-30	 
  0.0234	 4.04115e-30	 3.98706e-22	 3.98706e-22	 4.04115e-30	 4.04115e-30	 4.04115e-30	 
 0.02345	 4.04115e-30	 3.38053e-22	 3.38053e-22	 4.04115e-30	 4.04115e-30	 4.04115e-30	 
  0.0235	 4.04115e-30	 2.86634e-22	 2.86634e-22	 4.04115e-30	 4.04115e-30	 4.04115e-30	 
 0.02355	 4.04115e-30	 2.43028e-22	 2.43028e-22	 4.04115e-30	 4.04115e-30	 4.04115e-30	 
  0.0236	 4.04115e-30	 2.06052e-22	 2.06052e-22	 4.04115e-30	 4.04115e-30	 4.04115e-30	 
 0.02365	 4.04115e-30	 1.747e-22	 1.747e-22	 4.04115e-30	 4.04115e-30	 4.04115e-30	 
  0.0237	 4.04115e-30	 1.48117e-22	 1.48117e-22	 4.04115e-30	 4.04115e-30	 4.04115e-30	 
 0.02375	 4.04115e-30	 1.25583e-22	 1.25583e-22	 4.04115e-30	 4.04115e-30	 4.04115e-30	 
  0.0238	 4.04115e-30	 1.06471e-22	 1.06471e-22	 4.04115e-30	 4.04115e-30	 4.04115e-30	 
 0.02385	 4.04115e-30	 9.02665e-23	 9.02665e-23	 4.04115e-30	 4.04115e-30	 4.04115e-30	 
  0.0239	 4.04115e-30	 7.6528e-23	 7.6528e-23	 4.04115e-30	 4.04115e-30	 4.04115e-30	 
 0.02395	 4.04115e-30	 6.48792e-23	 6.48792e-23	 4.04115e-30	 4.04115e-30	 4.04115e-30	 
   0.024	 4.04115e-30	 5.50018e-23	 5.50018e-23	 4.04115e-30	 4.04115e-30	 4.04115e-30	 
 0.02405	 4.04115e-30	 4.66291e-23	 4.66291e-23	 4.04115e-30	 4.04115e-30	 4.04115e-30	 
  0.0241	 4.04115e-30	 3.95296e-23	 3.95296e-23	 4.04115e-30	 4.04115e-30	 4.04115e-30	 
 0.02415	 4.04115e-30	 3.35109e-23	 3.35109e-23	 4.04115e-30	 4.04115e-30	 4.04115e-30	 
  0.0242	 4.04115e-30	 2.8408e-23	 2.8408e-23	 4.04115e-30	 4.04115e-30	 4.04115e-30	 
 0.02425	 4.04115e-30	 2.40826e-23	 2.40826e-23	 4.04115e-30	 4.04115e-30	 4.04115e-30	 
  0.0243	 4.04115e-30	 2.0414e-23	 2.0414e-23	 4.04115e-30	 4.04115e-30	 4.04115e-30	 
 0.02435	 4.04115e-30	 1.73052e-23	 1.73052e-23	 4.04115e-30	 4.04115e-30	 4.04115e-30	 
  0.0244	 4.04115e-30	 1.46695e-23	 1.46695e-23	 4.04115e-30	 4.04115e-30	 4.04115e-30	 
 0.02445	 4.04115e-30	 1.24349e-23	 1.24349e-23	 4.04115e-30	 4.04115e-30	 4.04115e-30	 
  0.0245	 4.04115e-30	 1.05407e-23	 1.05407e-23	 4.04115e-30	 4.04115e-30	 4.04115e-30	 
 0.02455	 4.04115e-30	 8.93481e-24	 8.93481e-24	 4.04115e-30	 4.04115e-30	 4.04115e-30	 
  0.0246	 4.04115e-30	 7.57354e-24	 7.57354e-24	 4.04115e-30	 4.04115e-30	 4.04115e-30	 
 0.02465	 4.04115e-30	 6.41948e-24	 6.41948e-24	 4.04115e-30	 4.04115e-30	 4.04115e-30	 
  0.0247	 4.04115e-30	 5.4413e-24	 5.4413e-24	 4.04115e-30	 4.04115e-30	 4.04115e-30	 
 0.02475	 4.04115e-30	 4.61209e-24	 4.61209e-24	 4.04115e-30	 4.04115e-30	 4.04115e-30	 
  0.0248	 4.04115e-30	 3.90918e-24	 3.90918e-24	 4.04115e-30	 4.04115e-30	 4.04115e-30	 
 0.02485	 4.04115e-30	 3.31347e-24	 3.31347e-24	 4.04115e-30	 4.04115e-30	 4.04115e-30	 
  0.0249	 4.04115e-30	 2.80834e-24	 2.80834e-24	 4.04115e-30	 4.04115e-30	 4.04115e-30	 
 0.02495	 4.04115e-30	 2.38034e-24	 2.38034e-24	 4.04115e-30	 4.04115e-30	 4.04115e-30	 
   0.025	 4.04115e-30	 2.0175e-24	 2.0175e-24	 4.04115e-30	 4.04115e-30	 4.04115e-30	 
       0	        0	        0	        0	        0	        0	        0	 
